117 2350 2913
2350 117 2913
2913 117 2350
605 1161 2791
2791 605 1161
1161 605 2791
2229 683 2498
2498 683 2229
683 2229 2498
1704 1292 2722
1292 1704 2722
2722 1292 1704
440 452 761
452 440 761
761 440 452
2895 949 2985
2985 949 2895
949 2895 2985
2555 1809 2591
1809 2555 2591
2591 1809 2555
776 515 2258
515 776 2258
2258 515 776
2402 498 1898
498 1898 2402
1898 498 2402
1617 1178 2556
1178 1617 2556
2556 1178 1617
2228 488 1493
488 1493 2228
1493 488 2228
2907 1577 2173
2173 1577 2907
1577 2173 2907
60 596 2678
2678 60 596
596 60 2678
1181 1313 1572
1313 1181 1572
1572 1181 1313
844 178 2023
178 844 2023
2023 178 844
1703 487 1883
1883 487 1703
487 1703 1883
329 966 1582
966 329 1582
1582 329 966
1120 1025 2353
1025 1120 2353
2353 1025 1120
2544 77 2480
77 2480 2544
2480 77 2544
1200 1705 2501
1705 1200 2501
2501 1200 1705
909 53 517
517 53 909
53 517 909
2456 1812 2911
1812 2456 2911
2911 1812 2456
2684 444 2406
444 2406 2684
2406 444 2684
553 1755 2693
1755 553 2693
2693 553 1755
37 1459 1670
1459 37 1670
1670 37 1459
939 1046 1541
1541 939 1046
1046 939 1541
2242 1694 2449
2449 1694 2242
1694 2242 2449
548 339 787
787 339 548
339 548 787
677 86 1071
1071 86 677
86 677 1071
2079 1673 2586
1673 2079 2586
2586 1673 2079
516 2788 2975
2975 516 2788
2788 516 2975
248 1943 2363
1943 248 2363
2363 248 1943
1707 19 1506
1506 19 1707
19 1506 1707
864 28 1420
28 864 1420
1420 28 864
1530 803 1639
803 1530 1639
1639 803 1530
604 692 1610
692 604 1610
1610 604 692
44 1568 2238
1568 44 2238
2238 44 1568
1584 1482 1784
1482 1584 1784
1784 1482 1584
1478 468 527
468 527 1478
527 468 1478
622 412 533
412 533 622
533 412 622
2355 763 1131
763 1131 2355
1131 763 2355
230 940 1960
1960 230 940
940 230 1960
2833 2291 2692
2291 2692 2833
2692 2291 2833
2543 379 2105
2105 379 2543
379 2105 2543
780 978 2370
978 780 2370
2370 780 978
2879 1242 1857
1857 1242 2879
1242 1857 2879
2965 615 2299
615 2299 2965
2299 615 2965
631 1180 1594
1180 631 1594
1594 631 1180
1498 1279 2305
2305 1279 1498
1279 1498 2305
2146 1750 2381
2381 1750 2146
1750 2146 2381
2165 165 2768
165 2165 2768
2768 165 2165
2998 1609 2616
1609 2616 2998
2616 1609 2998
975 1834 2806
1834 975 2806
2806 975 1834
39 321 1962
1962 39 321
321 39 1962
2694 1163 2076
2076 1163 2694
1163 2076 2694
1191 2319 2627
2319 1191 2627
2627 1191 2319
2976 970 2989
970 2976 2989
2989 970 2976
213 1300 1700
1300 213 1700
1700 213 1300
2391 1419 1956
1419 1956 2391
1956 1419 2391
2557 1014 1554
1014 1554 2557
1554 1014 2557
2934 885 2599
2599 885 2934
885 2599 2934
2941 2369 2571
2369 2571 2941
2571 2369 2941
2367 2793 2963
2963 2367 2793
2793 2367 2963
1283 445 735
445 735 1283
735 445 1283
1930 216 2112
216 1930 2112
2112 216 1930
917 219 1076
219 917 1076
1076 219 917
1406 642 1253
642 1253 1406
1253 642 1406
1583 944 2198
944 1583 2198
2198 944 1583
277 460 2104
2104 277 460
460 277 2104
152 372 2841
372 152 2841
2841 152 372
1475 226 2438
226 1475 2438
2438 226 1475
182 800 994
800 182 994
994 182 800
388 67 2602
67 388 2602
2602 67 388
2478 276 2051
276 2051 2478
2051 276 2478
2629 142 2553
2553 142 2629
142 2553 2629
2483 1296 1964
1296 1964 2483
1964 1296 2483
2818 1905 2912
2912 1905 2818
1905 2818 2912
2825 1170 1686
1170 1686 2825
1686 1170 2825
1682 1445 2668
1445 1682 2668
2668 1445 1682
1415 1873 1918
1873 1415 1918
1918 1415 1873
823 1146 1570
1146 823 1570
1570 823 1146
1197 180 1213
180 1197 1213
1213 180 1197
1289 2093 2354
2354 1289 2093
2093 1289 2354
272 986 2936
2936 272 986
986 272 2936
2690 1924 2075
1924 2075 2690
2075 1924 2690
1790 759 1497
759 1497 1790
1497 759 1790
1169 990 2273
990 1169 2273
2273 990 1169
608 613 2311
613 608 2311
2311 608 613
1770 464 2405
464 1770 2405
2405 464 1770
2099 2166 2609
2166 2099 2609
2609 2099 2166
580 477 2615
2615 477 580
477 580 2615
2216 914 2130
914 2130 2216
2130 914 2216
1761 784 1391
1391 784 1761
784 1391 1761
2098 470 1671
470 1671 2098
1671 470 2098
956 884 1495
884 956 1495
1495 884 956
1832 1334 1929
1334 1832 1929
1929 1334 1832
2467 609 2297
609 2297 2467
2297 609 2467
1937 758 2223
758 1937 2223
2223 758 1937
1880 140 920
140 920 1880
920 140 1880
38 471 1830
471 38 1830
1830 38 471
1426 1598 2128
1598 1426 2128
2128 1426 1598
2221 1245 2909
2909 1245 2221
1245 2221 2909
505 976 2663
976 505 2663
2663 505 976
1683 453 1806
453 1683 1806
1806 453 1683
2036 1573 2054
1573 2036 2054
2054 1573 2036
703 258 2457
258 703 2457
2457 258 703
2619 616 2037
2037 616 2619
616 2037 2619
2227 307 2005
2005 307 2227
307 2005 2227
62 1862 2114
2114 62 1862
1862 62 2114
2257 673 2081
2081 673 2257
673 2081 2257
1793 2574 2947
2947 1793 2574
2574 1793 2947
366 102 1467
102 366 1467
1467 102 366
1032 1369 1817
1817 1032 1369
1369 1032 1817
1192 1009 1039
1009 1039 1192
1039 1009 1192
1753 2275 2549
2275 1753 2549
2549 1753 2275
2321 1546 1735
1546 1735 2321
1735 1546 2321
1368 51 1329
1329 51 1368
51 1329 1368
1959 1349 2335
2335 1349 1959
1349 1959 2335
2633 27 1011
1011 27 2633
27 1011 2633
2636 1659 2292
1659 2292 2636
2292 1659 2636
1490 261 1243
261 1243 1490
1243 261 1490
89 647 781
781 89 647
647 89 781
1979 369 786
369 786 1979
786 369 1979
1185 2256 2799
2256 1185 2799
2799 1185 2256
2854 228 2870
228 2854 2870
2870 228 2854
2061 765 2029
765 2029 2061
2029 765 2061
1969 689 933
689 933 1969
933 689 1969
1941 1056 1678
1678 1056 1941
1056 1678 1941
836 419 2489
2489 419 836
419 836 2489
145 2016 2752
2016 145 2752
2752 145 2016
582 847 2455
2455 582 847
847 582 2455
2680 12 960
960 12 2680
12 960 2680
2940 1510 2819
2819 1510 2940
1510 2819 2940
331 1882 2715
1882 331 2715
2715 331 1882
2877 2289 2443
2289 2443 2877
2443 2289 2877
2241 383 2859
383 2241 2859
2859 383 2241
1270 508 2982
2982 508 1270
508 1270 2982
407 254 1251
1251 254 407
254 407 1251
1652 845 2071
2071 845 1652
845 1652 2071
2628 833 1519
833 1519 2628
1519 833 2628
2528 968 2094
968 2094 2528
2094 968 2528
1942 841 1376
1376 841 1942
841 1376 1942
239 865 1085
1085 239 865
865 239 1085
2725 1844 2766
2766 1844 2725
1844 2725 2766
1241 850 1189
1189 850 1241
850 1189 1241
2792 702 2331
702 2331 2792
2331 702 2792
1919 2578 2686
2686 1919 2578
2578 1919 2686
951 1305 2657
2657 951 1305
1305 951 2657
1370 21 686
21 686 1370
686 21 1370
2662 61 733
61 733 2662
733 61 2662
1183 1348 2916
1348 1183 2916
2916 1183 1348
1537 1649 2442
2442 1537 1649
1649 1537 2442
2192 789 1574
789 1574 2192
1574 789 2192
2767 953 2726
2726 953 2767
953 2726 2767
2592 2121 2697
2121 2592 2697
2697 2121 2592
603 2089 2622
2089 603 2622
2622 603 2089
839 486 900
900 486 839
486 839 900
2702 88 317
88 317 2702
317 88 2702
1916 352 991
352 991 1916
991 352 1916
662 320 2837
320 662 2837
2837 320 662
2124 4 1012
1012 4 2124
4 1012 2124
745 1994 2910
2910 745 1994
1994 745 2910
1797 1773 2905
2905 1773 1797
1773 1797 2905
2470 59 2527
59 2470 2527
2527 59 2470
825 408 628
408 628 825
628 408 825
1860 2711 2863
2863 1860 2711
2711 1860 2863
1184 84 1847
84 1184 1847
1847 84 1184
476 931 2220
2220 476 931
931 476 2220
1028 442 1988
1988 442 1028
442 1028 1988
1693 384 1807
1807 384 1693
384 1693 1807
2637 2537 2736
2736 2537 2637
2537 2637 2736
2829 1859 2267
1859 2267 2829
2267 1859 2829
110 314 2009
2009 110 314
314 110 2009
2751 1648 1710
1710 1648 2751
1648 1710 2751
782 1758 2479
1758 782 2479
2479 782 1758
168 1035 1837
1837 168 1035
1035 168 1837
1504 387 1424
387 1424 1504
1424 387 1504
1672 1302 1507
1507 1302 1672
1302 1507 1672
1126 68 1073
1073 68 1126
68 1073 1126
2458 289 2755
2755 289 2458
289 2458 2755
2202 211 848
848 211 2202
211 848 2202
297 424 1361
1361 297 424
424 297 1361
2530 935 1277
1277 935 2530
935 1277 2530
154 1314 2809
1314 154 2809
2809 154 1314
2656 726 1900
726 1900 2656
1900 726 2656
1015 509 1403
1403 509 1015
509 1015 1403
2140 200 894
200 894 2140
894 200 2140
934 1366 1450
1366 934 1450
1450 934 1366
446 315 560
315 446 560
560 315 446
2779 595 2045
2045 595 2779
595 2045 2779
2734 490 2159
490 2159 2734
2159 490 2734
1668 50 2746
2746 50 1668
50 1668 2746
952 137 2186
137 952 2186
2186 137 952
925 134 641
641 134 925
134 641 925
1987 830 1926
830 1926 1987
1926 830 1987
962 840 1298
840 962 1298
1298 840 962
1149 1549 1618
1549 1149 1618
1618 1149 1549
1611 6 2647
2647 6 1611
6 1611 2647
198 76 148
76 148 198
148 76 198
311 1134 1563
1134 311 1563
1563 311 1134
2932 1532 2142
2142 1532 2932
1532 2142 2932
338 1720 2942
2942 338 1720
1720 338 2942
2265 391 697
697 391 2265
391 697 2265
193 1124 1664
1664 193 1124
1124 193 1664
1487 2816 2858
2858 1487 2816
2816 1487 2858
531 998 1527
998 531 1527
1527 531 998
2753 205 1534
205 1534 2753
1534 205 2753
214 1260 1958
1260 214 1958
1958 214 1260
1894 238 783
238 783 1894
783 238 1894
74 1491 1841
1491 74 1841
1841 74 1491
1717 1746 2382
1746 1717 2382
2382 1717 1746
2444 22 1949
22 1949 2444
1949 22 2444
2698 2399 2800
2800 2399 2698
2399 2698 2800
398 264 2253
264 398 2253
2253 264 398
2387 911 1132
1132 911 2387
911 1132 2387
1166 1456 1822
1822 1166 1456
1456 1166 1822
1662 1227 2536
1227 1662 2536
2536 1227 1662
1590 815 1264
1264 815 1590
815 1264 1590
2946 2096 2786
2786 2096 2946
2096 2786 2946
2132 926 2214
926 2132 2214
2214 926 2132
1751 1875 2957
1875 1751 2957
2957 1751 1875
1186 1259 2638
1259 1186 2638
2638 1186 1259
2979 1380 2310
2310 1380 2979
1380 2310 2979
1952 274 340
340 274 1952
274 340 1952
1346 1207 1548
1548 1207 1346
1207 1346 1548
2038 1555 2944
1555 2038 2944
2944 1555 2038
919 2476 2811
2476 919 2811
2811 919 2476
1176 600 912
600 912 1176
912 600 1176
1787 411 1087
411 1087 1787
1087 411 1787
2896 718 1023
1023 718 2896
718 1023 2896
2459 364 2610
364 2459 2610
2610 364 2459
838 2707 2999
2999 838 2707
2707 838 2999
1550 1107 2388
1107 1550 2388
2388 1107 1550
1091 1130 2513
1130 1091 2513
2513 1091 1130
1819 1525 2886
2886 1525 1819
1525 1819 2886
2260 450 1769
450 1769 2260
1769 450 2260
1612 55 752
752 55 1612
55 752 1612
1372 1684 1760
1684 1372 1760
1760 1372 1684
2022 2052 2563
2052 2022 2563
2563 2022 2052
2529 1591 2929
1591 2529 2929
2929 1591 2529
693 2074 2531
2074 693 2531
2531 693 2074
1020 170 2386
170 1020 2386
2386 170 1020
1699 727 2532
727 1699 2532
2532 727 1699
1718 1593 2195
2195 1593 1718
1593 1718 2195
209 421 974
421 209 974
974 209 421
709 1332 1679
1332 709 1679
1679 709 1332
1168 91 469
91 469 1168
469 91 1168
439 2069 2577
2069 439 2577
2577 439 2069
58 1080 1171
1080 58 1171
1171 58 1080
171 1074 1997
1997 171 1074
1074 171 1997
1950 750 1342
1342 750 1950
750 1342 1950
1258 131 948
131 948 1258
948 131 1258
2794 632 2284
632 2284 2794
2284 632 2794
1597 2561 2732
2561 1597 2732
2732 1597 2561
409 685 2106
2106 409 685
685 409 2106
370 349 1712
349 370 1712
1712 349 370
474 728 1889
728 474 1889
1889 474 728
275 75 2339
2339 75 275
75 275 2339
1845 575 732
575 732 1845
732 575 1845
879 429 2058
2058 429 879
429 879 2058
972 612 2247
612 972 2247
2247 612 972
923 832 2101
2101 832 923
832 923 2101
880 655 2347
655 880 2347
2347 655 880
2307 1411 2758
1411 2307 2758
2758 1411 2307
737 635 2687
635 737 2687
2687 635 737
2868 2157 2473
2157 2473 2868
2473 2157 2868
537 1128 2135
2135 537 1128
1128 537 2135
2520 433 1944
433 1944 2520
1944 433 2520
1217 2434 2838
2434 1217 2838
2838 1217 2434
985 1601 2482
1601 985 2482
2482 985 1601
104 871 1658
871 104 1658
1658 104 871
2167 1250 2178
1250 2167 2178
2178 1250 2167
2323 181 2828
2828 181 2323
181 2323 2828
1877 2570 2903
2903 1877 2570
2570 1877 2903
2213 406 1086
406 1086 2213
1086 406 2213
1690 417 1387
1387 417 1690
417 1387 1690
17 1559 2232
2232 17 1559
1559 17 2232
2445 599 1364
599 1364 2445
1364 599 2445
1322 589 852
852 589 1322
589 852 1322
649 963 1115
1115 649 963
963 649 1115
950 2521 2588
2588 950 2521
2521 950 2588
2918 306 696
696 306 2918
306 696 2918
1745 1263 1908
1263 1745 1908
1908 1263 1745
106 671 2764
2764 106 671
671 106 2764
2804 554 1006
554 1006 2804
1006 554 2804
1156 675 1976
1976 675 1156
675 1156 1976
791 1069 2499
1069 791 2499
2499 791 1069
2312 734 873
873 734 2312
734 873 2312
1887 2383 2781
2781 1887 2383
2383 1887 2781
2587 83 629
83 629 2587
629 83 2587
1136 913 2343
2343 913 1136
913 1136 2343
889 1927 2049
1927 889 2049
2049 889 1927
136 1556 2415
2415 136 1556
1556 136 2415
2832 2474 2608
2608 2474 2832
2474 2608 2832
2742 290 707
290 707 2742
707 290 2742
405 201 1237
201 405 1237
1237 201 405
2429 713 1357
713 1357 2429
1357 713 2429
2744 828 2034
828 2034 2744
2034 828 2744
1494 1093 1312
1093 1312 1494
1312 1093 1494
1626 2066 2823
2066 1626 2823
2823 1626 2066
1423 308 1463
308 1423 1463
1463 308 1423
2055 1319 1392
1392 1319 2055
1319 1392 2055
680 41 2789
41 680 2789
2789 41 680
1911 688 1311
688 1311 1911
1311 688 1911
1569 31 2309
31 1569 2309
2309 31 1569
2548 2010 2631
2010 2548 2631
2631 2010 2548
2691 674 1436
1436 674 2691
674 1436 2691
2617 721 2431
2431 721 2617
721 2431 2617
2300 739 1965
739 1965 2300
1965 739 2300
1638 1255 2436
2436 1255 1638
1255 1638 2436
113 1667 2607
1667 113 2607
2607 113 1667
967 92 1024
92 967 1024
1024 92 967
2174 1439 1946
1439 1946 2174
1946 1439 2174
1763 1112 1238
1112 1238 1763
1238 1112 1763
2127 328 611
328 611 2127
611 328 2127
2780 979 1047
979 1047 2780
1047 979 2780
1194 1646 2861
1646 1194 2861
2861 1194 1646
993 1195 1254
1195 993 1254
1254 993 1195
1174 1108 1324
1108 1174 1324
1324 1108 1174
2365 263 1529
263 1529 2365
1529 263 2365
1088 1474 1915
1915 1088 1474
1474 1088 1915
2235 399 1901
1901 399 2235
399 1901 2235
2703 556 1288
556 1288 2703
1288 556 2703
1606 147 2842
147 1606 2842
2842 147 1606
2509 2295 2919
2295 2509 2919
2919 2295 2509
432 357 2772
357 432 2772
2772 357 432
2954 670 1109
670 1109 2954
1109 670 2954
342 1476 2993
1476 342 2993
2993 342 1476
2067 1864 2769
2769 1864 2067
1864 2067 2769
454 1145 1757
1145 454 1757
1757 454 1145
1619 903 936
936 903 1619
903 936 1619
246 186 2612
186 246 2612
2612 186 246
1903 1321 1351
1321 1351 1903
1351 1321 1903
107 2152 2760
2152 107 2760
2760 107 2152
2042 447 959
447 959 2042
959 447 2042
1749 354 1267
1267 354 1749
354 1267 1749
1117 167 1522
167 1117 1522
1522 167 1117
2139 2056 2688
2688 2056 2139
2056 2139 2688
2862 1691 1970
1691 1970 2862
1970 1691 2862
1460 946 2807
2807 946 1460
946 1460 2807
1198 302 636
302 636 1198
636 302 1198
319 1818 2327
2327 319 1818
1818 319 2327
1446 1869 2969
2969 1446 1869
1869 1446 2969
206 120 2679
120 206 2679
2679 120 206
1477 748 1114
1114 748 1477
748 1114 1477
643 1752 2749
2749 643 1752
1752 643 2749
2524 66 719
66 719 2524
719 66 2524
1732 65 2948
65 1732 2948
2948 65 1732
2151 1528 2922
2922 1528 2151
1528 2151 2922
2960 593 2822
2822 593 2960
593 2822 2960
2813 2110 2603
2603 2110 2813
2110 2603 2813
725 1706 2194
2194 725 1706
1706 725 2194
2380 519 1558
1558 519 2380
519 1558 2380
2177 1316 2278
2278 1316 2177
1316 2177 2278
1055 1471 1531
1471 1055 1531
1531 1055 1471
1067 639 2649
2649 639 1067
639 1067 2649
2219 1868 2709
1868 2219 2709
2709 1868 2219
2724 149 862
149 862 2724
862 149 2724
1874 30 217
217 30 1874
30 217 1874
586 1985 2264
2264 586 1985
1985 586 2264
2664 1481 2222
2222 1481 2664
1481 2222 2664
2635 427 1106
427 1106 2635
1106 427 2635
1702 627 2718
2718 627 1702
627 1702 2718
1007 888 1852
1852 888 1007
888 1007 1852
1070 1199 2304
1199 1070 2304
2304 1070 1199
1278 220 793
793 220 1278
220 793 1278
2268 2255 2677
2255 2268 2677
2677 2255 2268
1579 1453 2169
2169 1453 1579
1453 1579 2169
1674 373 590
373 590 1674
590 373 1674
1499 1977 2102
2102 1499 1977
1977 1499 2102
2625 2318 2739
2318 2625 2739
2739 2318 2625
2246 94 1839
1839 94 2246
94 1839 2246
2024 98 1810
98 1810 2024
1810 98 2024
1557 2158 2494
2494 1557 2158
2158 1557 2494
377 1781 2500
1781 377 2500
2500 377 1781
1125 394 420
394 420 1125
420 394 1125
1123 1010 2661
1010 1123 2661
2661 1010 1123
1685 2103 2904
2103 1685 2904
2904 1685 2103
87 984 2287
984 87 2287
2287 87 984
2589 285 664
664 285 2589
285 664 2589
2978 1398 1737
1398 1737 2978
1737 1398 2978
2618 73 495
495 73 2618
73 495 2618
2011 1303 2248
2248 1303 2011
1303 2011 2248
296 2001 2206
2206 296 2001
2001 296 2206
1030 1854 2231
1854 1030 2231
2231 1030 1854
1876 467 1000
467 1000 1876
1000 467 1876
187 1013 1651
1651 187 1013
1013 187 1651
2043 105 2873
105 2043 2873
2873 105 2043
194 71 536
71 194 536
536 71 194
2371 512 1233
1233 512 2371
512 1233 2371
1159 413 1150
1150 413 1159
413 1150 1159
2898 1602 2915
1602 2898 2915
2915 1602 2898
33 1826 2288
1826 33 2288
2288 33 1826
1543 1853 2374
1853 1543 2374
2374 1543 1853
1099 569 1600
569 1099 1600
1600 569 1099
2730 1738 2316
2316 1738 2730
1738 2316 2730
2958 2039 2808
2039 2808 2958
2808 2039 2958
1907 280 2580
280 1907 2580
2580 280 1907
1365 1725 2984
1725 1365 2984
2984 1365 1725
448 714 2803
2803 448 714
714 448 2803
2714 330 2392
330 2392 2714
2392 330 2714
886 1206 2129
2129 886 1206
1206 886 2129
1890 1472 1545
1545 1472 1890
1472 1545 1890
1871 128 588
128 588 1871
588 128 1871
141 1955 2900
1955 141 2900
2900 141 1955
1422 2495 2847
2847 1422 2495
2495 1422 2847
653 1256 2361
2361 653 1256
1256 653 2361
2683 1210 2215
2215 1210 2683
1210 2215 2683
1595 164 2113
2113 164 1595
164 1595 2113
1330 111 1026
111 1026 1330
1026 111 1330
2901 287 1395
1395 287 2901
287 1395 2901
2224 579 1179
1179 579 2224
579 1179 2224
2653 218 2013
2013 218 2653
218 2013 2653
1620 1881 2949
1881 1620 2949
2949 1620 1881
125 572 1154
1154 125 572
572 125 1154
1768 1999 2412
2412 1768 1999
1999 1768 2412
2417 46 177
46 177 2417
177 46 2417
1148 617 2689
617 1148 2689
2689 617 1148
436 1048 2667
1048 436 2667
2667 436 1048
794 2554 2991
2991 794 2554
2554 794 2991
1623 700 2329
2329 700 1623
700 1623 2329
169 491 2040
2040 169 491
491 169 2040
242 2843 2986
2843 242 2986
2986 242 2843
1141 161 1466
1466 161 1141
161 1141 1466
232 1856 2871
2871 232 1856
1856 232 2871
473 313 2845
2845 313 473
313 473 2845
2670 2196 2894
2196 2670 2894
2894 2196 2670
2492 1378 2933
2933 1378 2492
1378 2492 2933
1188 804 1135
804 1135 1188
1135 804 1188
2197 1513 1848
1513 1848 2197
1848 1513 2197
130 1934 2559
1934 130 2559
2559 130 1934
1764 16 260
16 260 1764
260 16 1764
2237 2088 2596
2088 2237 2596
2596 2088 2237
1077 2699 2820
2820 1077 2699
2699 1077 2820
518 34 54
54 34 518
34 54 518
2395 1630 2471
2471 1630 2395
1630 2395 2471
2398 610 2735
2735 610 2398
610 2398 2735
2059 857 2700
2700 857 2059
857 2059 2700
196 861 1485
861 196 1485
1485 196 861
2115 1681 2425
1681 2115 2425
2425 1681 2115
2486 472 2344
2344 472 2486
472 2344 2486
2605 1214 2733
1214 2605 2733
2733 1214 2605
365 831 1405
1405 365 831
831 365 1405
1127 334 1634
334 1127 1634
1634 334 1127
2080 896 2320
896 2080 2320
2320 896 2080
1111 416 2866
416 1111 2866
2866 416 1111
1201 1208 1416
1416 1201 1208
1208 1201 1416
356 514 557
557 356 514
514 356 557
1407 796 1914
796 1407 1914
1914 796 1407
829 1779 2421
2421 829 1779
1779 829 2421
1564 501 1355
1355 501 1564
501 1355 1564
1151 368 2997
2997 368 1151
368 1151 2997
49 112 1974
1974 49 112
112 49 1974
281 222 2639
222 281 2639
2639 222 281
1162 1747 2878
1747 1162 2878
2878 1162 1747
1696 906 2065
2065 906 1696
906 1696 2065
2 1304 1484
1304 2 1484
1484 2 1304
2375 7 292
7 292 2375
292 7 2375
1823 1360 1957
1360 1823 1957
1957 1360 1823
895 250 538
538 250 895
250 538 895
1975 564 2414
564 1975 2414
2414 564 1975
2437 351 711
711 351 2437
351 711 2437
343 1078 1333
1333 343 1078
1078 343 1333
2567 1461 1596
1596 1461 2567
1461 1596 2567
2053 202 353
202 353 2053
353 202 2053
1676 753 1524
1524 753 1676
753 1524 1676
2505 2155 2510
2510 2155 2505
2155 2505 2510
455 678 1708
678 455 1708
1708 455 678
1072 318 846
846 318 1072
318 846 1072
1560 1182 2031
1182 1560 2031
2031 1182 1560
1098 1031 1592
1592 1031 1098
1031 1098 1592
2685 690 2420
690 2420 2685
2420 690 2685
360 870 2550
2550 360 870
870 360 2550
2540 1884 2044
2044 1884 2540
1884 2044 2540
1521 2541 2955
2541 1521 2955
2955 1521 2541
1266 2396 2447
2396 1266 2447
2447 1266 2396
122 10 2423
10 122 2423
2423 10 122
2100 1358 2883
2883 1358 2100
1358 2100 2883
8 139 2987
139 8 2987
2987 8 139
2926 402 2923
402 2923 2926
2923 402 2926
2072 1049 2831
2831 1049 2072
1049 2072 2831
2626 1196 2448
1196 2448 2626
2448 1196 2626
2161 1354 2119
1354 2119 2161
2119 1354 2161
742 249 525
525 249 742
249 525 742
2659 176 1836
1836 176 2659
176 1836 2659
1998 347 2015
347 1998 2015
2015 347 1998
1286 1297 1966
1966 1286 1297
1297 1286 1966
1352 681 1640
681 1352 1640
1640 681 1352
2062 1272 1516
1516 1272 2062
1272 1516 2062
1644 2120 2511
2120 1644 2511
2511 1644 2120
1739 332 2980
332 1739 2980
2980 332 1739
1580 706 2379
2379 706 1580
706 1580 2379
634 157 2397
157 634 2397
2397 157 634
78 1496 2035
2035 78 1496
1496 78 2035
1636 208 2584
2584 208 1636
208 1636 2584
1144 2032 2484
2484 1144 2032
2032 1144 2484
546 1788 2542
1788 546 2542
2542 546 1788
1167 523 918
918 523 1167
523 918 1167
2301 288 1772
288 1772 2301
1772 288 2301
1377 279 878
878 279 1377
279 878 1377
2364 1452 1748
1748 1452 2364
1452 1748 2364
1414 799 1222
799 1222 1414
1222 799 1414
2774 767 2362
2362 767 2774
767 2362 2774
773 400 1782
400 773 1782
1782 400 773
1991 541 1815
541 1815 1991
1815 541 1991
1 1518 2211
1518 1 2211
2211 1 1518
2927 2666 2705
2705 2666 2927
2666 2705 2927
2411 2787 2826
2787 2411 2826
2826 2411 2787
2004 602 1816
1816 602 2004
602 1816 2004
989 1308 2050
2050 989 1308
1308 989 2050
1362 378 1863
378 1362 1863
1863 378 1362
95 526 2384
2384 95 526
526 95 2384
2440 1164 1759
1759 1164 2440
1164 1759 2440
2675 1008 1733
1008 1733 2675
1733 1008 2675
291 1041 1442
1442 291 1041
1041 291 1442
810 184 497
184 497 810
497 184 810
2906 1829 2597
2597 1829 2906
1829 2597 2906
2068 235 679
679 235 2068
235 679 2068
999 385 1438
385 999 1438
1438 385 999
185 2070 2704
2070 185 2704
2704 185 2070
2728 237 1152
1152 237 2728
237 1152 2728
2117 346 484
484 346 2117
346 484 2117
1714 1447 2401
1447 1714 2401
2401 1447 1714
1792 175 2891
2891 175 1792
175 1792 2891
1804 1953 2914
2914 1804 1953
1953 1804 2914
1307 723 2971
2971 723 1307
723 1307 2971
1902 126 2465
2465 126 1902
126 1902 2465
478 530 2839
2839 478 530
530 478 2839
1315 499 2144
499 1315 2144
2144 499 1315
2462 2298 2853
2853 2298 2462
2298 2462 2853
2950 309 771
771 309 2950
309 771 2950
2230 821 2014
821 2014 2230
2014 821 2230
1143 179 2762
2762 179 1143
179 1143 2762
996 259 2385
259 996 2385
2385 259 996
2439 618 2778
618 2439 2778
2778 618 2439
2770 85 710
710 85 2770
85 710 2770
40 415 897
415 40 897
897 40 415
2485 82 630
630 82 2485
82 630 2485
650 930 2073
930 650 2073
2073 650 930
614 1061 1375
1061 614 1375
1375 614 1061
777 2719 2840
2719 777 2840
2840 777 2719
1996 1083 1413
1083 1413 1996
1413 1083 1996
587 529 1813
529 587 1813
1813 529 587
2175 663 1721
663 1721 2175
1721 663 2175
2189 729 1795
729 1795 2189
1795 729 2189
305 2389 2600
2389 305 2600
2600 305 2389
1173 47 1511
1511 47 1173
47 1173 1511
577 684 755
755 577 684
684 577 755
2721 851 1981
1981 851 2721
851 1981 2721
1399 1544 2424
1544 1399 2424
2424 1399 1544
1029 155 203
203 155 1029
155 203 1029
2019 1928 2143
1928 2019 2143
2143 1928 2019
520 1984 2149
2149 520 1984
1984 520 2149
2270 772 2283
772 2270 2283
2283 772 2270
2953 837 1221
1221 837 2953
837 1221 2953
1505 805 1247
1247 805 1505
805 1247 1505
1359 1110 2003
1110 1359 2003
2003 1110 1359
13 327 1451
327 13 1451
1451 13 327
2620 70 1177
70 1177 2620
1177 70 2620
2358 1063 2461
2461 1063 2358
1063 2358 2461
132 380 2340
2340 132 380
380 132 2340
1904 915 2783
915 1904 2783
2783 915 1904
1656 1075 1203
1203 1075 1656
1075 1203 1656
2830 345 1935
345 1935 2830
1935 345 2830
355 15 397
15 355 397
397 15 355
1647 173 2108
173 1647 2108
2108 173 1647
2890 2427 2451
2427 2451 2890
2451 2427 2890
2176 2207 2604
2207 2176 2604
2604 2176 2207
824 414 2332
2332 414 824
414 824 2332
199 255 1982
1982 199 255
255 199 1982
2208 1017 2551
2551 1017 2208
1017 2208 2551
1331 724 1972
1972 724 1331
724 1331 1972
1840 1215 2585
1215 1840 2585
2585 1215 1840
2712 910 2713
910 2712 2713
2713 910 2712
371 97 545
545 97 371
97 371 545
2147 2077 2899
2899 2077 2147
2077 2147 2899
2623 1323 2064
2064 1323 2623
1323 2064 2623
2000 1893 2856
2856 1893 2000
1893 2000 2856
1326 1104 1766
1766 1104 1326
1104 1326 1766
1688 542 1553
1553 542 1688
542 1553 1688
807 1827 2621
2621 807 1827
1827 807 2621
2887 1833 2048
1833 2048 2887
2048 1833 2887
2634 708 2334
2334 708 2634
708 2334 2634
1240 502 822
502 822 1240
822 502 1240
1776 543 1778
543 1776 1778
1778 543 1776
764 1587 2558
2558 764 1587
1587 764 2558
2430 863 2812
863 2430 2812
2812 863 2430
1799 2727 2880
2880 1799 2727
2727 1799 2880
458 943 1802
943 458 1802
1802 458 943
638 109 1724
1724 109 638
109 638 1724
2864 1922 2333
2333 1922 2864
1922 2333 2864
1615 1204 2154
1204 1615 2154
2154 1204 1615
592 282 932
282 592 932
932 282 592
849 876 1187
876 849 1187
1187 849 876
2777 806 2271
2271 806 2777
806 2271 2777
494 374 2846
374 494 2846
2846 374 494
1230 1697 1798
1798 1230 1697
1697 1230 1798
1053 2573 2921
2921 1053 2573
2573 1053 2921
2937 52 1384
1384 52 2937
52 1384 2937
158 938 1785
938 158 1785
1785 158 938
2244 25 698
25 698 2244
698 25 2244
2738 561 2821
2821 561 2738
561 2738 2821
908 798 887
887 798 908
798 887 908
1306 2961 2967
2967 1306 2961
2961 1306 2967
1709 11 720
11 720 1709
720 11 1709
1294 80 539
539 80 1294
80 539 1294
2378 965 1469
1469 965 2378
965 1469 2378
2852 227 1796
227 1796 2852
1796 227 2852
1993 245 969
969 245 1993
245 969 1993
571 2163 2360
2360 571 2163
2163 571 2360
1701 699 1895
699 1701 1895
1895 699 1701
2708 1291 2210
2210 1291 2708
1291 2210 2708
2306 1409 2131
2131 1409 2306
1409 2131 2306
672 2640 2897
2640 672 2897
2897 672 2640
1175 779 1038
1038 779 1175
779 1038 1175
1886 1339 2403
1339 1886 2403
2403 1339 1886
640 20 1736
20 640 1736
1736 20 640
2150 323 362
362 323 2150
323 362 2150
350 1775 1948
1948 350 1775
1775 350 1948
1629 1449 2018
1449 1629 2018
2018 1449 1629
667 160 1252
160 667 1252
1252 160 667
1232 244 594
244 594 1232
594 244 1232
899 224 2368
224 899 2368
2368 224 899
9 827 1236
1236 9 827
827 9 1236
1383 555 2507
555 1383 2507
2507 555 1383
2844 1386 2601
1386 2601 2844
2601 1386 2844
1205 293 1973
1973 293 1205
293 1205 1973
881 576 1429
1429 576 881
576 881 1429
381 1040 2454
2454 381 1040
1040 381 2454
481 2185 2469
2185 481 2469
2469 481 2185
532 153 1268
153 532 1268
1268 153 532
2259 303 1628
1628 303 2259
303 1628 2259
902 1301 2346
1301 902 2346
2346 902 1301
231 2460 2466
2466 231 2460
2460 231 2466
1631 1990 2324
2324 1631 1990
1990 1631 2324
2593 361 811
361 811 2593
811 361 2593
1225 1800 2097
1800 1225 2097
2097 1225 1800
981 1539 2496
2496 981 1539
1539 981 2496
251 668 2082
2082 251 668
668 251 2082
2025 2372 2763
2372 2025 2763
2763 2025 2372
1983 1677 2041
2041 1677 1983
1677 1983 2041
2533 1105 1786
1786 1105 2533
1105 1786 2533
1515 1050 1473
1473 1050 1515
1050 1473 1515
1317 1282 1625
1625 1282 1317
1282 1317 1625
1101 2092 2745
2092 1101 2745
2745 1101 2092
747 947 2682
947 747 2682
2682 747 947
1726 1923 2966
1923 1726 2966
2966 1726 1923
1158 1643 2012
2012 1158 1643
1643 1158 2012
375 257 2754
2754 257 375
257 375 2754
2240 1137 1202
1137 1202 2240
1202 1137 2240
1275 1121 1774
1774 1121 1275
1121 1275 1774
2162 1741 1989
1989 1741 2162
1741 1989 2162
877 162 461
162 461 877
461 162 877
1754 79 229
79 229 1754
229 79 1754
2107 2515 2743
2515 2107 2743
2743 2107 2515
1090 1095 2517
2517 1090 1095
1095 1090 2517
1486 1963 2566
1963 1486 2566
2566 1486 1963
1488 2218 2996
2218 1488 2996
2996 1488 2218
660 792 2293
792 660 2293
2293 660 792
2835 234 2148
2148 234 2835
234 2148 2835
942 401 2263
2263 401 942
401 942 2263
995 1036 2118
1036 995 2118
2118 995 1036
1100 1607 2785
1607 1100 2785
2785 1100 1607
1381 1479 2695
2695 1381 1479
1479 1381 2695
324 768 1216
1216 324 768
768 324 1216
741 1224 1846
1846 741 1224
1224 741 1846
2761 869 2349
869 2349 2761
2349 869 2761
2572 695 1320
1320 695 2572
695 1320 2572
2315 866 2057
2057 866 2315
866 2057 2315
2336 1172 2236
2236 1172 2336
1172 2236 2336
1457 301 316
316 301 1457
301 316 1457
875 390 568
568 390 875
390 568 875
2977 64 1621
1621 64 2977
64 1621 2977
262 843 907
843 262 907
907 262 843
817 1728 2027
1728 817 2027
2027 817 1728
1912 980 1533
1533 980 1912
980 1533 1912
1523 2183 2422
2183 1523 2422
2422 1523 2183
648 225 284
284 225 648
225 284 648
135 108 1068
108 135 1068
1068 108 135
172 223 2217
223 172 2217
2217 172 223
1603 2095 2491
2095 1603 2491
2491 1603 2095
2116 928 1338
1338 928 2116
928 1338 2116
2565 42 2582
2582 42 2565
42 2565 2582
510 404 1153
404 510 1153
1153 404 510
858 115 2046
115 858 2046
2046 115 858
1235 890 2938
890 1235 2938
2938 890 1235
566 1501 2463
1501 566 2463
2463 566 1501
1226 853 2433
2433 853 1226
853 1226 2433
2972 138 1716
138 1716 2972
1716 138 2972
868 1262 2030
1262 868 2030
2030 868 1262
2153 335 337
335 337 2153
337 335 2153
100 544 2314
544 100 2314
2314 100 544
513 1526 1896
1526 513 1896
1896 513 1526
1022 1281 1695
1695 1022 1281
1281 1022 1695
2614 363 785
363 785 2614
785 363 2614
422 475 2028
475 422 2028
2028 422 475
212 2373 2506
2373 212 2506
2506 212 2373
1211 2893 2959
2959 1211 2893
2893 1211 2959
32 118 2359
118 32 2359
2359 32 118
1719 563 2326
2326 563 1719
563 1719 2326
2552 2168 2190
2168 2190 2552
2190 2168 2552
45 283 1744
1744 45 283
283 45 1744
1892 48 2952
2952 48 1892
48 1892 2952
1576 814 1642
1642 814 1576
814 1576 1642
2857 192 621
192 621 2857
621 192 2857
2882 1858 1931
1858 1931 2882
1931 1858 2882
2784 253 1605
1605 253 2784
253 1605 2784
1062 503 2487
2487 503 1062
503 1062 2487
1219 1344 2884
1344 1219 2884
2884 1219 1344
188 325 1363
1363 188 325
325 188 1363
1692 585 1514
585 1514 1692
1514 585 1692
2651 905 1661
905 1661 2651
1661 905 2651
1637 1865 2160
2160 1637 1865
1865 1637 2160
207 114 2756
114 207 2756
2756 114 207
247 1054 1295
1054 247 1295
1295 247 1054
619 775 1945
1945 619 775
775 619 1945
1229 2261 2757
2261 1229 2757
2757 1229 2261
1503 835 1410
835 1410 1503
1410 835 1503
669 1155 2981
1155 669 2981
2981 669 1155
633 818 1116
818 633 1116
1116 633 818
1820 1756 2254
1756 1820 2254
2254 1756 1820
583 2266 2945
2266 583 2945
2945 583 2266
1097 945 2317
945 1097 2317
2317 945 1097
2125 1520 2342
2342 1520 2125
1520 2125 2342
623 5 2262
2262 5 623
5 623 2262
268 651 2674
651 268 2674
2674 268 651
2951 954 2294
2294 954 2951
954 2294 2951
754 567 2855
567 754 2855
2855 567 754
2737 645 1118
1118 645 2737
645 1118 2737
1371 129 2303
2303 129 1371
129 1371 2303
2171 1433 1967
1967 1433 2171
1433 1967 2171
2706 1096 1808
1096 1808 2706
1808 1096 2706
2869 620 1443
1443 620 2869
620 1443 2869
1767 547 778
778 547 1767
547 778 1767
1287 2611 2983
2611 1287 2983
2983 1287 2611
2272 326 2493
2493 326 2272
326 2272 2493
769 809 1440
1440 769 809
809 769 1440
860 624 1500
624 860 1500
1500 624 860
1276 1335 2502
2502 1276 1335
1335 1276 2502
2776 396 2508
2508 396 2776
396 2508 2776
2672 425 2138
425 2138 2672
2138 425 2672
1341 581 2720
581 1341 2720
2720 581 1341
1094 443 2710
443 1094 2710
2710 443 1094
1220 1257 2834
2834 1220 1257
1257 1220 2834
3 552 2087
552 3 2087
2087 3 552
1791 1913 2606
1913 1791 2606
2606 1791 1913
1483 166 964
166 964 1483
964 166 1483
336 1622 2021
2021 336 1622
1622 336 2021
286 26 507
507 26 286
26 286 507
2917 273 722
722 273 2917
273 722 2917
2084 1581 1920
1920 1581 2084
1581 1920 2084
813 2410 2836
2836 813 2410
2410 813 2836
2286 1223 1879
1879 1223 2286
1223 1879 2286
2376 294 1723
1723 294 2376
294 1723 2376
2026 348 1231
348 1231 2026
1231 348 2026
982 410 898
410 898 982
898 410 982
657 1133 2243
1133 657 2243
2243 657 1133
1027 591 2338
591 1027 2338
2338 591 1027
1018 872 2765
2765 872 1018
872 1018 2765
1065 382 1585
382 1065 1585
1585 382 1065
1713 521 1899
521 1713 1899
1899 521 1713
191 1805 2860
1805 191 2860
2860 191 1805
2875 1404 2006
1404 2006 2875
2006 1404 2875
2654 1089 1653
1089 1653 2654
1653 1089 2654
2814 1337 1608
1608 1337 2814
1337 1608 2814
2775 2280 2441
2280 2441 2775
2441 2280 2775
2881 434 2239
2239 434 2881
434 2239 2881
1345 1660 2771
2771 1345 1660
1660 1345 2771
1246 922 2850
922 1246 2850
2850 922 1246
2472 1842 2060
1842 2060 2472
2060 1842 2472
2865 1811 2796
2796 1811 2865
1811 2796 2865
2269 189 1992
1992 189 2269
189 1992 2269
1575 916 1261
1261 916 1575
916 1261 1575
2450 24 2453
2453 24 2450
24 2450 2453
72 1327 1762
1762 72 1327
1327 72 1762
987 119 241
241 119 987
119 241 987
744 937 1310
937 744 1310
1310 744 937
687 2642 2644
2642 687 2644
2644 687 2642
1001 2172 2233
2172 1001 2233
2233 1001 2172
298 300 2182
300 298 2182
2182 298 300
924 1680 2134
1680 924 2134
2134 924 1680
1711 395 2797
2797 395 1711
395 1711 2797
1850 1066 1239
1066 1239 1850
1239 1066 1850
1885 367 1655
1655 367 1885
367 1655 1885
2962 528 2325
2325 528 2962
528 2325 2962
682 1418 1624
1624 682 1418
1418 682 1624
665 2646 2658
2658 665 2646
2646 665 2658
2007 820 2083
2083 820 2007
820 2007 2083
534 1765 2413
1765 534 2413
2413 534 1765
1801 392 1780
392 1780 1801
1780 392 1801
1401 2282 2676
2676 1401 2282
2282 1401 2676
2109 1632 2665
2665 1632 2109
1632 2109 2665
2943 463 2673
2673 463 2943
463 2673 2943
1540 1838 2595
1838 1540 2595
2595 1540 1838
2824 2418 2892
2892 2418 2824
2418 2824 2892
2497 562 2805
562 2497 2805
2805 562 2497
2091 43 819
819 43 2091
43 819 2091
215 504 1627
504 215 1627
1627 215 504
344 1412 1536
1412 344 1536
1536 344 1412
874 1940 2503
1940 874 2503
2503 874 1940
2696 691 1743
1743 691 2696
691 1743 2696
2205 2234 2928
2234 2205 2928
2928 2205 2234
393 535 1385
1385 393 535
535 393 1385
1113 1273 1663
1663 1113 1273
1273 1113 1663
1698 1502 2992
1502 1698 2992
2992 1502 1698
2249 441 1980
1980 441 2249
441 1980 2249
1538 1654 2790
2790 1538 1654
1654 1538 2790
2560 808 1051
808 1051 2560
1051 808 2560
1635 492 2407
2407 492 1635
492 1635 2407
99 893 2090
2090 99 893
893 99 2090
854 496 2748
2748 496 854
496 854 2748
2393 892 1715
892 1715 2393
1715 892 2393
2122 1645 1897
1645 1897 2122
1897 1645 2122
1947 266 2801
2801 266 1947
266 1947 2801
1866 359 715
715 359 1866
359 715 1866
2133 144 2889
144 2133 2889
2889 144 2133
1936 661 1165
661 1165 1936
1165 661 1936
233 1462 1535
1462 233 1535
1535 233 1462
1325 480 1343
1343 480 1325
480 1325 1343
1492 797 1389
1389 797 1492
797 1389 1492
957 1722 2409
1722 957 2409
2409 957 1722
2994 901 983
901 983 2994
983 901 2994
1855 146 646
646 146 1855
146 646 1855
855 997 1938
997 855 1938
1938 855 997
2274 1034 2973
1034 2274 2973
2973 1034 2274
1921 221 1309
221 1309 1921
1309 221 1921
1428 69 1465
69 1428 1465
1465 69 1428
1328 1367 1427
1427 1328 1367
1367 1328 1427
2180 456 1464
1464 456 2180
456 1464 2180
749 1995 2518
1995 749 2518
2518 749 1995
1064 867 891
867 891 1064
891 867 1064
1910 389 1393
389 1393 1910
1393 389 1910
2613 278 1142
278 1142 2613
1142 278 2613
746 358 1079
1079 358 746
358 746 1079
1265 57 2181
57 1265 2181
2181 57 1265
1003 549 826
549 826 1003
826 549 1003
2562 1821 2643
1821 2562 2643
2643 1821 2562
462 834 2277
834 462 2277
2277 462 834
637 795 2522
2522 637 795
795 637 2522
559 2170 2250
2250 559 2170
2170 559 2250
1340 774 2924
774 1340 2924
2924 774 1340
35 133 757
133 35 757
757 35 133
701 2641 2810
2641 701 2810
2810 701 2641
2671 103 426
103 426 2671
426 103 2671
1284 236 2795
236 1284 2795
2795 236 1284
904 574 2481
2481 574 904
574 904 2481
482 1269 1614
1269 482 1614
1614 482 1269
2750 150 1588
150 1588 2750
1588 150 2750
1318 961 1033
961 1033 1318
1033 961 1318
1458 1480 1489
1480 1458 1489
1489 1458 1480
2404 1129 2145
1129 2145 2404
2145 1129 2404
56 1604 2759
1604 56 2759
2759 56 1604
197 18 438
18 197 438
438 18 197
2488 731 1374
731 1374 2488
1374 731 2488
1517 738 2590
2590 738 1517
738 1517 2590
2995 479 2660
479 2660 2995
2660 479 2995
204 658 2308
2308 204 658
658 204 2308
2377 1045 1122
1045 1122 2377
1122 1045 2377
859 1434 1851
1851 859 1434
1434 859 1851
1212 2446 2569
2446 1212 2569
2569 1212 2446
1102 1870 2136
1870 1102 2136
2136 1102 1870
1421 801 1547
1547 801 1421
801 1421 1547
2179 2583 2867
2867 2179 2583
2583 2179 2867
654 1932 2345
1932 654 2345
2345 654 1932
2352 856 2085
2085 856 2352
856 2085 2352
2464 598 2902
2902 598 2464
598 2464 2902
1350 788 882
882 788 1350
788 882 1350
2452 93 1139
1139 93 2452
93 1139 2452
2564 1740 2630
1740 2564 2630
2630 1740 2564
2351 694 1218
1218 694 2351
694 1218 2351
704 127 2285
127 704 2285
2285 127 704
751 743 2568
2568 743 751
743 751 2568
2514 493 2849
493 2514 2849
2849 493 2514
163 1228 2201
2201 163 1228
1228 163 2201
1888 299 2302
2302 299 1888
299 1888 2302
2802 1402 1794
1402 1794 2802
1794 1402 2802
1971 322 1562
1562 322 1971
322 1562 1971
1448 1147 2931
1147 1448 2931
2931 1147 1448
1665 151 1084
1084 151 1665
151 1084 1665
2655 1408 1783
1408 1783 2655
1783 1408 2655
1831 1641 2225
2225 1641 1831
1641 1831 2225
1004 1508 2988
2988 1004 1508
1508 1004 2988
1193 1081 2193
2193 1081 1193
1081 1193 2193
2033 511 2296
2296 511 2033
511 2033 2296
1005 1057 1396
1396 1005 1057
1057 1005 1396
1730 1249 2525
1249 1730 2525
2525 1249 1730
271 124 1599
1599 124 271
124 271 1599
1616 437 1939
1939 437 1616
437 1616 1939
766 2191 2432
2191 766 2432
2432 766 2191
1043 597 1336
1336 597 1043
597 1043 1336
2408 1933 2908
2908 1933 2408
1933 2408 2908
717 304 1633
1633 304 717
304 717 1633
1058 14 1729
1729 14 1058
14 1058 1729
2251 1789 1843
1789 1843 2251
1843 1789 2251
123 1060 1353
1060 123 1353
1353 123 1060
2356 756 1400
756 1400 2356
1400 756 2356
451 2063 2717
2063 451 2717
2717 451 2063
3000 465 1037
465 1037 3000
1037 465 3000
2576 1613 1968
1613 1968 2576
1968 1613 2576
435 1565 2970
1565 435 2970
2970 435 1565
159 500 1650
500 159 1650
1650 159 500
1814 760 1925
760 1814 1925
1925 760 1814
762 1059 1092
1059 762 1092
1092 762 1059
1248 1586 1828
1828 1248 1586
1586 1248 1828
1021 418 2817
418 1021 2817
2817 418 1021
1390 607 2204
2204 607 1390
607 1390 2204
2330 156 2400
2400 156 2330
156 2330 2400
2716 333 2632
2632 333 2716
333 2632 2716
2874 1140 2416
1140 2416 2874
2416 1140 2874
240 295 1280
1280 240 295
295 240 1280
540 2199 2538
2199 540 2538
2538 540 2199
2964 2086 2925
2925 2086 2964
2086 2925 2964
2281 243 2313
2313 243 2281
243 2281 2313
1689 386 883
386 883 1689
883 386 1689
988 1417 2141
2141 988 1417
1417 988 2141
2366 269 2701
2701 269 2366
269 2366 2701
489 790 2547
790 489 2547
2547 489 790
23 2512 2729
2729 23 2512
2512 23 2729
2156 1891 2428
1891 2156 2428
2428 1891 2156
2669 626 929
929 626 2669
626 929 2669
1657 267 2226
267 1657 2226
2226 267 1657
1675 973 1431
973 1431 1675
1431 973 1675
403 1454 2111
2111 403 1454
1454 403 2111
2200 96 2581
96 2200 2581
2581 96 2200
2681 2184 2468
2184 2468 2681
2468 2184 2681
570 971 2624
971 570 2624
2624 570 971
1455 740 2648
2648 740 1455
740 1455 2648
816 483 1878
483 816 1878
1878 483 816
2209 578 676
578 676 2209
676 578 2209
2017 1578 1872
1872 1578 2017
1578 1872 2017
1356 466 2939
466 1356 2939
2939 466 1356
2390 1552 1825
1825 1552 2390
1552 1825 2390
1244 842 2546
2546 842 1244
842 1244 2546
2930 1002 2477
1002 2477 2930
2477 1002 2930
1293 1906 2956
1906 1293 2956
2956 1293 1906
1397 459 1861
459 1397 1861
1861 459 1397
2535 90 2279
2279 90 2535
90 2279 2535
2490 376 1742
1742 376 2490
376 1742 2490
712 941 1666
941 712 1666
1666 712 941
2747 1016 1509
1016 1509 2747
1509 1016 2747
955 506 2276
506 955 2276
2276 506 955
1777 341 1285
341 1285 1777
1285 341 1777
1160 1978 2328
2328 1160 1978
1978 1160 2328
2773 183 601
601 183 2773
183 601 2773
2920 121 573
573 121 2920
121 573 2920
770 36 2475
36 770 2475
2475 36 770
2245 736 1561
736 1561 2245
1561 736 2245
1435 428 2164
2164 428 1435
428 1435 2164
2848 174 2741
174 2741 2848
2741 174 2848
1052 2123 2598
2123 1052 2598
2598 1052 2123
1190 2020 2798
2798 1190 2020
2020 1190 2798
1687 81 1044
1044 81 1687
81 1044 1687
1771 1082 1379
1082 1379 1771
1379 1082 1771
1468 116 310
116 310 1468
310 116 1468
2002 958 2885
2885 958 2002
958 2002 2885
1961 659 1909
659 1909 1961
1909 659 1961
485 1669 2252
2252 485 1669
1669 485 2252
644 2126 2337
2337 644 2126
2126 644 2337
2545 921 1394
1394 921 2545
921 1394 2545
2047 1441 2504
2504 1441 2047
1441 2047 2504
