1259 1463 2165
2165 1259 1463
1463 1259 2165
752 1688 1972
1972 752 1688
1688 752 1972
616 18 2931
2931 18 616
18 616 2931
260 314 2053
2053 260 314
314 260 2053
2105 1160 2719
2719 1160 2105
1160 2105 2719
2840 570 2282
570 2282 2840
2282 570 2840
2319 279 2921
2921 279 2319
279 2319 2921
996 766 2229
766 996 2229
2229 766 996
2497 1358 2715
2715 1358 2497
1358 2497 2715
2058 1224 1602
1224 1602 2058
1602 1224 2058
1276 1650 1818
1818 1276 1650
1650 1276 1818
2618 979 2055
2055 979 2618
979 2055 2618
832 1763 1791
1791 832 1763
1763 832 1791
831 510 673
673 510 831
510 673 831
785 2028 2398
2028 785 2398
2398 785 2028
2638 2087 2675
2087 2638 2675
2675 2087 2638
2002 767 1998
767 1998 2002
1998 767 2002
1874 1086 2806
2806 1086 1874
1086 1874 2806
2088 318 1811
318 1811 2088
1811 318 2088
2981 1032 1326
1326 1032 2981
1032 1326 2981
630 571 606
606 571 630
571 606 630
1995 660 2340
660 1995 2340
2340 660 1995
786 2032 2373
2373 786 2032
2032 786 2373
1831 686 1786
1786 686 1831
686 1786 1831
1407 320 2750
2750 320 1407
320 1407 2750
2400 699 1530
1530 699 2400
699 1530 2400
1374 735 2713
2713 735 1374
735 1374 2713
2796 22 1783
1783 22 2796
22 1783 2796
1304 1745 2651
2651 1304 1745
1745 1304 2651
441 1370 2109
2109 441 1370
1370 441 2109
1754 2083 2293
2293 1754 2083
2083 1754 2293
719 1882 2067
2067 719 1882
1882 719 2067
2739 1981 2147
1981 2147 2739
2147 1981 2739
1430 1428 2176
2176 1428 1430
1428 1430 2176
2782 1591 2563
2563 1591 2782
1591 2563 2782
1394 588 1955
1955 588 1394
588 1394 1955
730 443 751
751 443 730
443 730 751
736 1360 2894
1360 736 2894
2894 736 1360
2344 715 2332
2332 715 2344
715 2332 2344
2469 2141 2360
2141 2360 2469
2360 2141 2469
450 2495 2528
2528 450 2495
2495 450 2528
2377 1421 2909
1421 2377 2909
2909 1421 2377
1324 71 696
71 696 1324
696 71 1324
1678 1609 2843
1609 1678 2843
2843 1609 1678
1334 480 2358
480 1334 2358
2358 480 1334
99 1392 2517
2517 99 1392
1392 99 2517
2943 1339 2807
2807 1339 2943
1339 2807 2943
737 381 2414
381 737 2414
2414 381 737
1460 210 2121
2121 210 1460
210 1460 2121
435 1001 2407
1001 435 2407
2407 435 1001
240 163 2349
2349 163 240
163 240 2349
2523 649 2206
2206 649 2523
649 2206 2523
1232 1558 1646
1558 1232 1646
1646 1232 1558
1896 1206 1830
1830 1206 1896
1206 1830 1896
2622 235 2392
2392 235 2622
235 2392 2622
278 54 887
887 54 278
54 278 887
2279 1021 1513
1513 1021 2279
1021 1513 2279
635 1275 2580
2580 635 1275
1275 635 2580
1662 181 1365
181 1365 1662
1365 181 1662
580 1645 2385
1645 580 2385
2385 580 1645
1096 1398 1744
1744 1096 1398
1398 1096 1744
1672 1040 2650
2650 1040 1672
1040 1672 2650
779 2314 2601
2314 779 2601
2601 779 2314
183 1267 2552
1267 183 2552
2552 183 1267
1378 925 2888
2888 925 1378
925 1378 2888
1520 256 2659
256 1520 2659
2659 256 1520
2283 676 2020
676 2020 2283
2020 676 2283
2582 496 2820
2820 496 2582
496 2582 2820
1057 678 1231
1231 678 1057
678 1057 1231
872 317 2963
317 872 2963
2963 317 872
874 432 2123
432 874 2123
2123 432 874
2330 717 1865
717 1865 2330
1865 717 2330
566 465 482
465 482 566
482 465 566
648 2576 2598
2576 648 2598
2598 648 2576
287 2416 2919
2416 287 2919
2919 287 2416
780 122 405
122 405 780
405 122 780
547 636 2294
2294 547 636
636 547 2294
1531 24 1388
24 1388 1531
1388 24 1531
706 1308 2271
1308 706 2271
2271 706 1308
2361 170 591
591 170 2361
170 591 2361
2217 990 2543
2543 990 2217
990 2217 2543
2662 694 2155
2155 694 2662
694 2155 2662
763 708 2883
2883 708 763
708 763 2883
839 1714 2696
2696 839 1714
1714 839 2696
196 379 1533
1533 196 379
379 196 1533
1136 1471 1774
1774 1136 1471
1471 1136 1774
1848 1176 2060
2060 1176 1848
1176 1848 2060
2287 7 968
968 7 2287
7 968 2287
1835 521 943
943 521 1835
521 943 1835
433 75 1449
1449 75 433
75 433 1449
1031 66 1665
66 1031 1665
1665 66 1031
2256 301 1321
1321 301 2256
301 1321 2256
508 2681 2868
2868 508 2681
2681 508 2868
1608 51 850
850 51 1608
51 850 1608
305 939 1245
939 305 1245
1245 305 939
2581 350 2041
350 2041 2581
2041 350 2581
2671 1709 2635
1709 2635 2671
2635 1709 2671
409 698 2911
698 409 2911
2911 409 698
2788 551 2438
2438 551 2788
551 2438 2788
35 2277 2708
2708 35 2277
2277 35 2708
1199 1419 2769
2769 1199 1419
1419 1199 2769
797 2504 2755
2755 797 2504
2504 797 2755
658 127 2255
127 658 2255
2255 127 658
586 343 2890
343 586 2890
2890 343 586
1039 1511 2082
2082 1039 1511
1511 1039 2082
770 95 2304
2304 95 770
95 770 2304
1983 42 464
42 464 1983
464 42 1983
2959 115 1179
1179 115 2959
115 1179 2959
1497 1390 1484
1390 1484 1497
1484 1390 1497
1730 2048 2334
2334 1730 2048
2048 1730 2334
2514 1023 2515
1023 2514 2515
2515 1023 2514
470 978 2096
978 470 2096
2096 470 978
1172 1157 2957
1157 1172 2957
2957 1157 1172
854 2308 2792
2792 854 2308
2308 854 2792
2379 1613 2773
2773 1613 2379
1613 2379 2773
518 90 2641
90 518 2641
2641 90 518
119 444 2834
2834 119 444
444 119 2834
1222 1431 2575
1431 1222 2575
2575 1222 1431
2913 544 2480
544 2480 2913
2480 544 2913
687 1125 1517
1517 687 1125
1125 687 1517
2004 1480 1595
1595 1480 2004
1480 1595 2004
2775 304 1572
304 1572 2775
1572 304 2775
2453 1825 2678
2678 1825 2453
1825 2453 2678
2558 1597 1766
1597 1766 2558
1766 1597 2558
2366 1122 1922
1922 1122 2366
1122 1922 2366
1600 1532 1802
1802 1532 1600
1532 1600 1802
2462 899 1712
1712 899 2462
899 1712 2462
1262 1048 2976
1048 1262 2976
2976 1048 1262
1191 110 1767
110 1191 1767
1767 110 1191
1708 344 1623
1623 344 1708
344 1623 1708
2243 164 954
954 164 2243
164 954 2243
1550 1207 1753
1207 1550 1753
1753 1207 1550
236 515 1373
1373 236 515
515 236 1373
288 520 1948
1948 288 520
520 288 1948
2533 389 2095
2095 389 2533
389 2095 2533
2666 2710 2829
2710 2666 2829
2829 2666 2710
49 927 950
950 49 927
927 49 950
2804 47 2784
47 2784 2804
2784 47 2804
2111 524 1689
524 1689 2111
1689 524 2111
2587 969 1729
1729 969 2587
969 1729 2587
2665 1184 2968
1184 2665 2968
2968 1184 2665
916 919 2007
2007 916 919
919 916 2007
87 64 2346
2346 64 87
64 87 2346
453 1123 2348
1123 453 2348
2348 453 1123
1693 724 1444
724 1444 1693
1444 724 1693
1380 232 1769
232 1380 1769
1769 232 1380
167 312 1416
312 167 1416
1416 167 312
2144 231 2030
231 2030 2144
2030 231 2144
2861 1137 1368
1368 1137 2861
1137 1368 2861
712 213 2583
213 712 2583
2583 213 712
291 1580 2770
2770 291 1580
1580 291 2770
562 1603 2331
1603 562 2331
2331 562 1603
2691 1397 1792
1792 1397 2691
1397 1792 2691
2645 906 1146
906 1146 2645
1146 906 2645
37 351 2352
351 37 2352
2352 37 351
2961 1347 1940
1347 1940 2961
1940 1347 2961
1091 53 1274
1274 53 1091
53 1091 1274
1050 136 2838
2838 136 1050
136 1050 2838
1548 838 976
976 838 1548
838 976 1548
300 2044 2724
2724 300 2044
2044 300 2724
161 728 2498
728 161 2498
2498 161 728
335 263 294
294 263 335
263 294 335
442 45 536
536 45 442
45 442 536
1883 623 1130
623 1130 1883
1130 623 1883
1570 2326 2730
2326 1570 2730
2730 1570 2326
17 2412 2738
2412 17 2738
2738 17 2412
1771 1894 1975
1975 1771 1894
1894 1771 1975
2015 436 2468
2468 436 2015
436 2015 2468
2430 545 883
883 545 2430
545 883 2430
2928 2767 2990
2767 2928 2990
2990 2767 2928
1432 915 2947
2947 915 1432
915 1432 2947
2481 1067 2674
2674 1067 2481
1067 2481 2674
2396 654 1198
1198 654 2396
654 1198 2396
2539 1980 2338
1980 2338 2539
2338 1980 2539
2218 1541 2814
1541 2218 2814
2814 1541 2218
693 856 1554
856 693 1554
1554 693 856
594 391 2267
391 594 2267
2267 391 594
2871 1674 2117
1674 2117 2871
2117 1674 2871
2233 362 2427
2427 362 2233
362 2233 2427
2260 1749 2003
2003 1749 2260
1749 2003 2260
175 1612 2663
2663 175 1612
1612 175 2663
2199 1309 2135
2135 1309 2199
1309 2135 2199
1620 1349 2264
2264 1349 1620
1349 1620 2264
612 2668 2832
2668 612 2832
2832 612 2668
1241 672 2154
672 1241 2154
2154 672 1241
575 506 1211
1211 506 575
506 575 1211
2 748 1069
748 2 1069
1069 2 748
452 870 2449
2449 452 870
870 452 2449
625 1829 2502
2502 625 1829
1829 625 2502
476 1989 2631
2631 476 1989
1989 476 2631
1691 487 1641
1641 487 1691
487 1641 1691
904 705 1029
1029 705 904
705 904 1029
205 446 2232
446 205 2232
2232 205 446
1033 1348 1801
1348 1033 1801
1801 1033 1348
541 669 2005
669 541 2005
2005 541 669
1448 1080 2562
2562 1080 1448
1080 1448 2562
1126 2131 2854
2131 1126 2854
2854 1126 2131
957 176 2748
176 957 2748
2748 176 957
2687 137 211
137 211 2687
211 137 2687
777 1976 2988
2988 777 1976
1976 777 2988
1822 2393 2672
2393 1822 2672
2672 1822 2393
1045 2209 2633
2209 1045 2633
2633 1045 2209
84 460 2281
2281 84 460
460 84 2281
2320 39 174
39 174 2320
174 39 2320
600 295 677
295 600 677
677 295 600
2102 1797 1954
1954 1797 2102
1797 1954 2102
960 2703 2937
2937 960 2703
2703 960 2937
1649 1953 2435
1953 1649 2435
2435 1649 1953
1294 387 1216
1216 387 1294
387 1216 1294
1540 376 2415
376 1540 2415
2415 376 1540
739 1719 1812
1719 739 1812
1812 739 1719
985 2569 2701
2701 985 2569
2569 985 2701
1516 994 2114
2114 994 1516
994 1516 2114
449 2646 2989
2646 449 2989
2989 449 2646
284 1218 1647
1647 284 1218
1218 284 1647
1286 507 2611
2611 507 1286
507 1286 2611
718 1634 1899
1899 718 1634
1634 718 1899
644 690 2825
690 644 2825
2825 644 690
2372 1571 1755
1571 1755 2372
1755 1571 2372
445 1127 2428
1127 445 2428
2428 445 1127
2697 2248 2723
2723 2248 2697
2248 2697 2723
138 125 140
140 125 138
125 138 140
941 934 1970
934 941 1970
1970 934 941
1472 2129 2327
2327 1472 2129
2129 1472 2327
801 229 1085
229 801 1085
1085 229 801
2979 1210 2527
2527 1210 2979
1210 2527 2979
1467 734 1018
1018 734 1467
734 1018 1467
886 685 1020
685 886 1020
1020 685 886
891 12 217
217 12 891
12 217 891
1015 52 2661
52 1015 2661
2661 52 1015
2845 938 1628
1628 938 2845
938 1628 2845
2714 1056 1939
1056 1939 2714
1939 1056 2714
209 367 595
595 209 367
367 209 595
972 5 2955
2955 5 972
5 972 2955
1764 847 1495
847 1495 1764
1495 847 1764
1242 1618 2222
1618 1242 2222
2222 1242 1618
2545 81 1027
1027 81 2545
81 1027 2545
1485 2706 2794
2706 1485 2794
2794 1485 2706
962 710 745
745 710 962
710 745 962
78 662 2564
662 78 2564
2564 78 662
923 2062 2923
2923 923 2062
2062 923 2923
1034 747 1589
747 1034 1589
1589 747 1034
841 903 1685
1685 841 903
903 841 1685
1594 2257 2305
2257 1594 2305
2305 1594 2257
2613 1937 1938
1938 1937 2613
1937 1938 2613
1704 126 878
878 126 1704
126 878 1704
1476 1213 1965
1213 1476 1965
1965 1213 1476
1239 576 1670
1670 576 1239
576 1239 1670
1515 58 997
58 997 1515
997 58 1515
881 862 1227
862 881 1227
1227 862 881
1016 72 1427
72 1016 1427
1427 72 1016
1944 500 2971
2971 500 1944
500 1944 2971
1636 483 1007
1007 483 1636
483 1007 1636
2669 365 2375
365 2375 2669
2375 365 2669
1298 2223 2513
2223 1298 2513
2513 1298 2223
489 50 833
50 489 833
833 50 489
237 816 2855
2855 237 816
816 237 2855
1932 286 2482
286 1932 2482
2482 286 1932
1129 783 2801
2801 783 1129
783 1129 2801
131 77 2301
77 131 2301
2301 77 131
497 679 2910
2910 497 679
679 497 2910
2604 157 1006
157 1006 2604
1006 157 2604
40 1653 2371
2371 40 1653
1653 40 2371
2127 2009 2929
2009 2127 2929
2929 2009 2127
914 1154 2500
1154 914 2500
2500 914 1154
828 2493 2885
2493 828 2885
2885 828 2493
512 1917 2152
1917 512 2152
2152 512 1917
313 604 2531
604 313 2531
2531 313 604
988 41 1503
41 988 1503
1503 41 988
1629 1247 1876
1876 1247 1629
1247 1629 1876
1214 360 1705
360 1214 1705
1705 360 1214
1395 894 1903
1903 894 1395
894 1395 1903
1280 1804 2374
2374 1280 1804
1804 1280 2374
2164 477 1800
477 1800 2164
1800 477 2164
1012 769 2146
769 1012 2146
2146 769 1012
2224 2160 2250
2160 2224 2250
2250 2160 2224
603 1019 2364
2364 603 1019
1019 603 2364
2194 1585 1820
1585 1820 2194
1820 1585 2194
599 1302 2844
1302 599 2844
2844 599 1302
1898 1192 2660
2660 1192 1898
1192 1898 2660
2378 185 1793
185 1793 2378
1793 185 2378
484 353 889
889 353 484
353 484 889
1908 1051 2881
2881 1051 1908
1051 1908 2881
154 700 2456
700 154 2456
2456 154 700
2623 107 2508
107 2508 2623
2508 107 2623
406 1236 1359
1236 406 1359
1359 406 1236
2061 2040 2634
2634 2040 2061
2040 2061 2634
755 1546 1895
1895 755 1546
1546 755 1895
29 1956 2760
1956 29 2760
2760 29 1956
2540 74 348
348 74 2540
74 348 2540
578 458 2720
458 578 2720
2720 458 578
179 1778 2063
1778 179 2063
2063 179 1778
1441 1158 1266
1158 1266 1441
1266 1158 1441
2350 1350 1860
1350 1860 2350
1860 1350 2350
2880 2511 2819
2819 2511 2880
2511 2819 2880
2636 270 1642
270 1642 2636
1642 270 2636
1087 540 1104
1104 540 1087
540 1087 1104
186 2476 2599
2599 186 2476
2476 186 2599
2288 1043 1461
1043 1461 2288
1461 1043 2288
306 1741 2647
2647 306 1741
1741 306 2647
150 1173 2895
2895 150 1173
1173 150 2895
2978 14 613
613 14 2978
14 613 2978
129 714 2670
714 129 2670
2670 129 714
1494 879 1168
1168 879 1494
879 1168 1494
2765 1746 2747
2747 1746 2765
1746 2747 2765
100 474 1381
474 100 1381
1381 100 474
1112 2126 2841
2126 1112 2841
2841 1112 2126
2472 418 1843
1843 418 2472
418 1843 2472
2616 772 2276
2276 772 2616
772 2276 2616
1889 733 2944
2944 733 1889
733 1889 2944
2107 456 2939
456 2107 2939
2939 456 2107
1974 184 2263
184 1974 2263
2263 184 1974
1331 221 542
221 542 1331
542 221 1331
2014 853 1651
1651 853 2014
853 1651 2014
963 1576 1916
1916 963 1576
1576 963 1916
422 837 1911
837 422 1911
1911 422 837
980 2142 2560
2142 980 2560
2560 980 2142
2837 1072 2544
1072 2544 2837
2544 1072 2837
1110 1648 2187
1648 1110 2187
2187 1110 1648
1619 584 871
584 871 1619
871 584 1619
2313 1412 1566
1566 1412 2313
1412 1566 2313
2098 414 493
414 493 2098
493 414 2098
2342 688 975
975 688 2342
688 975 2342
1583 1958 2809
1958 1583 2809
2809 1583 1958
858 1779 2269
2269 858 1779
1779 858 2269
632 358 439
358 439 632
439 358 632
917 2896 2995
2995 917 2896
2896 917 2995
1106 920 1785
1785 920 1106
920 1106 1785
1984 33 982
982 33 1984
33 982 1984
2110 740 1775
740 1775 2110
1775 740 2110
1090 1212 2494
2494 1090 1212
1212 1090 2494
882 2516 2902
2516 882 2902
2902 882 2516
1971 364 822
822 364 1971
364 822 1971
1451 691 1181
1181 691 1451
691 1181 1451
76 429 2700
429 76 2700
2700 76 429
2705 892 2754
892 2705 2754
2754 892 2705
1170 859 2946
2946 859 1170
859 1170 2946
1902 1868 1928
1868 1902 1928
1928 1868 1902
396 1196 2640
1196 396 2640
2640 396 1196
2376 864 2735
2735 864 2376
864 2376 2735
370 1700 1842
1700 370 1842
1842 370 1700
2561 1630 2759
2759 1630 2561
1630 2561 2759
2221 1010 1904
1904 1010 2221
1010 1904 2221
743 428 1234
428 743 1234
1234 428 743
788 490 2354
2354 490 788
490 788 2354
262 382 1345
382 262 1345
1345 262 382
1880 218 824
824 218 1880
218 824 1880
1852 1844 2441
1844 1852 2441
2441 1844 1852
1406 1251 1702
1251 1406 1702
1702 1251 1406
2886 825 1481
825 1481 2886
1481 825 2886
1890 337 2210
2210 337 1890
337 1890 2210
1144 310 2465
310 1144 2465
2465 310 1144
550 1145 1931
1145 550 1931
1931 550 1145
2679 504 1906
504 1906 2679
1906 504 2679
1731 621 2084
2084 621 1731
621 1731 2084
1301 667 1914
1914 667 1301
667 1301 1914
2270 569 1423
569 1423 2270
1423 569 2270
2889 1107 1289
1107 1289 2889
1289 1107 2889
1573 322 454
322 454 1573
454 322 1573
225 2284 2949
2949 225 2284
2284 225 2949
1858 1521 1864
1521 1858 1864
1864 1521 1858
1162 9 2778
9 1162 2778
2778 9 1162
1897 290 2757
290 1897 2757
2757 290 1897
1534 334 2225
334 1534 2225
2225 334 1534
311 395 2219
2219 311 395
395 311 2219
1323 299 1452
1452 299 1323
299 1323 1452
1795 128 513
513 128 1795
128 513 1795
652 1169 2803
2803 652 1169
1169 652 2803
1697 1418 2685
1418 1697 2685
2685 1418 1697
951 1053 2026
2026 951 1053
1053 951 2026
2789 289 1369
289 1369 2789
1369 289 2789
732 160 548
548 160 732
160 548 732
1201 226 2693
226 1201 2693
2693 226 1201
141 70 651
70 141 651
651 70 141
342 130 2341
130 342 2341
2341 130 342
1320 631 1710
631 1320 1710
1710 631 1320
1445 2466 2512
2466 1445 2512
2512 1445 2466
13 91 1385
1385 13 91
91 13 1385
1219 1692 2188
2188 1219 1692
1692 1219 2188
366 324 1492
1492 324 366
324 366 1492
390 1696 3000
1696 390 3000
3000 390 1696
1929 325 2594
325 1929 2594
2594 325 1929
1861 1253 2637
2637 1253 1861
1253 1861 2637
2831 397 2239
397 2239 2831
2239 397 2831
1557 1491 2382
1491 1557 2382
2382 1491 1557
2265 1740 2605
1740 2265 2605
2605 1740 2265
1701 1750 2559
2559 1701 1750
1750 1701 2559
1832 105 819
105 819 1832
819 105 1832
860 876 1886
876 860 1886
1886 860 876
1464 1047 1986
1986 1047 1464
1047 1464 1986
2404 1807 2781
2781 1807 2404
1807 2404 2781
1376 849 1839
849 1376 1839
1839 849 1376
2951 2266 2649
2266 2649 2951
2649 2266 2951
2025 1748 2756
1748 2025 2756
2756 1748 2025
992 2285 2450
2450 992 2285
2285 992 2450
2557 568 2985
568 2557 2985
2985 568 2557
553 2310 2614
2614 553 2310
2310 553 2614
2506 220 2538
220 2506 2538
2538 220 2506
2541 970 973
970 973 2541
973 970 2541
2000 219 1920
1920 219 2000
219 1920 2000
885 844 1175
844 885 1175
1175 844 885
223 1827 2746
2746 223 1827
1827 223 2746
868 143 1272
1272 143 868
143 868 1272
2677 527 1408
1408 527 2677
527 1408 2677
1327 82 328
328 82 1327
82 328 1327
2261 1260 2205
1260 2205 2261
2205 1260 2261
1025 1284 2736
2736 1025 1284
1284 1025 2736
1436 913 1044
1044 913 1436
913 1044 1436
1094 208 1342
1342 208 1094
208 1094 1342
2566 531 1631
1631 531 2566
531 1631 2566
1866 268 726
726 268 1866
268 726 1866
1003 503 2212
503 1003 2212
2212 503 1003
1528 440 1633
440 1528 1633
1633 440 1528
2728 1330 2408
2408 1330 2728
1330 2408 2728
1963 573 2488
2488 573 1963
573 1963 2488
2406 466 525
466 525 2406
525 466 2406
2490 1502 1951
1951 1502 2490
1502 1951 2490
2664 230 2289
230 2289 2664
2289 230 2664
1657 823 1063
1063 823 1657
823 1063 1657
689 180 1387
1387 180 689
180 689 1387
2810 1840 2099
1840 2099 2810
2099 1840 2810
2167 2078 2862
2862 2078 2167
2078 2167 2862
375 193 1522
193 375 1522
1522 193 375
303 716 2936
2936 303 716
716 303 2936
1182 109 118
109 118 1182
118 109 1182
1322 420 798
798 420 1322
420 798 1322
2316 189 2484
189 2316 2484
2484 189 2316
2859 908 2842
2842 908 2859
908 2842 2859
1037 1138 2268
2268 1037 1138
1138 1037 2268
2213 1888 2609
2609 1888 2213
1888 2213 2609
1113 247 1008
1008 247 1113
247 1008 1113
227 419 1252
1252 227 419
419 227 1252
2487 401 1410
401 1410 2487
1410 401 2487
2793 1824 2419
1824 2419 2793
2419 1824 2793
1273 1115 1787
1787 1115 1273
1115 1273 1787
2901 384 1935
1935 384 2901
384 1935 2901
2057 664 1288
664 1288 2057
1288 664 2057
1482 475 622
475 622 1482
622 475 1482
794 1400 2464
1400 794 2464
2464 794 1400
2422 15 234
15 234 2422
234 15 2422
1637 1399 1450
1399 1450 1637
1450 1399 1637
1049 106 2537
106 1049 2537
2537 106 1049
1141 835 1337
1337 835 1141
835 1141 1337
1458 139 1854
139 1458 1854
1854 139 1458
2328 605 2970
2970 605 2328
605 2328 2970
2762 1564 2872
2872 1564 2762
1564 2762 2872
1999 371 633
371 633 1999
633 371 1999
2108 1285 2119
2119 1285 2108
1285 2108 2119
2018 2536 2899
2536 2018 2899
2899 2018 2536
593 59 1979
59 593 1979
1979 59 593
2822 697 1226
1226 697 2822
697 1226 2822
1152 421 893
893 421 1152
421 893 1152
2459 280 2467
280 2459 2467
2467 280 2459
155 1 2166
1 155 2166
2166 1 155
2938 646 1217
646 1217 2938
1217 646 2938
431 729 1720
1720 431 729
729 431 1720
2584 509 1183
1183 509 2584
509 1183 2584
2409 945 2953
2953 945 2409
945 2409 2953
765 194 880
880 194 765
194 765 880
907 1627 2684
1627 907 2684
2684 907 1627
2535 316 2016
2016 316 2535
316 2016 2535
144 741 1009
741 144 1009
1009 144 741
2977 258 1927
258 1927 2977
1927 258 2977
2967 944 2625
2625 944 2967
944 2625 2967
2077 1205 2197
2197 1205 2077
1205 2077 2197
1588 2292 2626
2292 1588 2626
2626 1588 2292
2692 1305 2347
2347 1305 2692
1305 2347 2692
1724 827 2086
2086 827 1724
827 1724 2086
1735 93 2726
93 1735 2726
2726 93 1735
380 207 519
207 380 519
519 207 380
1723 153 1079
1079 153 1723
153 1079 1723
1498 1120 2038
2038 1120 1498
1120 1498 2038
2150 834 2036
834 2036 2150
2036 834 2150
2676 498 1454
498 1454 2676
1454 498 2676
804 1606 1694
1694 804 1606
1606 804 1694
3 1892 2171
1892 3 2171
2171 3 1892
1134 1643 2006
2006 1134 1643
1643 1134 2006
998 192 1862
192 998 1862
1862 192 998
1596 1561 2733
1561 1596 2733
2733 1561 1596
2656 1964 2429
1964 2429 2656
2429 1964 2656
1997 228 1781
228 1781 1997
1781 228 1997
2195 149 2933
2933 149 2195
149 2195 2933
2387 426 1188
1188 426 2387
426 1188 2387
585 607 1667
607 585 1667
1667 585 607
1993 461 2741
461 1993 2741
2741 461 1993
2069 2136 2249
2249 2069 2136
2136 2069 2249
760 145 774
774 145 760
145 760 774
2198 43 851
43 851 2198
851 43 2198
2530 558 1014
558 1014 2530
1014 558 2530
1223 1549 1924
1549 1223 1924
1924 1223 1549
1255 2403 2996
2403 1255 2996
2996 1255 2403
2137 494 2884
494 2137 2884
2884 494 2137
2972 491 1341
1341 491 2972
491 1341 2972
619 1013 2817
1013 619 2817
2817 619 1013
2802 2023 2220
2023 2220 2802
2220 2023 2802
1132 274 2097
2097 274 1132
274 1132 2097
248 473 2826
473 248 2826
2826 248 473
2918 1703 1945
1703 1945 2918
1945 1703 2918
2993 2798 2857
2857 2798 2993
2798 2857 2993
1070 238 2259
2259 238 1070
238 1070 2259
2298 1295 2934
2934 1295 2298
1295 2298 2934
283 2417 2966
2417 283 2966
2966 283 2417
2337 2555 2823
2555 2337 2823
2823 2337 2555
537 514 1105
1105 514 537
514 537 1105
1607 462 2215
462 1607 2215
2215 462 1607
793 16 356
16 356 793
356 16 793
112 499 1277
499 112 1277
1277 112 499
215 1465 1926
1465 215 1926
1926 215 1465
1059 1977 2509
2509 1059 1977
1977 1059 2509
1131 1180 2732
2732 1131 1180
1180 1131 2732
1707 27 1526
1526 27 1707
27 1526 1707
2992 1098 1504
1504 1098 2992
1098 1504 2992
638 459 2182
459 638 2182
2182 459 638
1383 96 2280
2280 96 1383
96 1383 2280
169 1666 2161
2161 169 1666
1666 169 2161
1772 472 721
472 721 1772
721 472 1772
252 971 1124
1124 252 971
971 252 1124
1446 394 2178
2178 394 1446
394 1446 2178
2652 404 2140
2140 404 2652
404 2140 2652
771 895 2827
895 771 2827
2827 771 895
2915 113 1957
113 1957 2915
1957 113 2915
400 20 1379
20 400 1379
1379 20 400
2240 214 1808
1808 214 2240
214 1808 2240
532 1777 2253
1777 532 2253
2253 532 1777
1200 634 1092
1092 634 1200
634 1092 1200
2749 393 2718
2718 393 2749
393 2718 2749
782 31 2925
2925 31 782
31 782 2925
2363 1325 1599
1599 1325 2363
1325 1599 2363
2013 1404 1991
1404 1991 2013
1991 1404 2013
2722 2816 2982
2816 2722 2982
2982 2722 2816
385 1756 2499
2499 385 1756
1756 385 2499
2680 2245 2589
2245 2589 2680
2589 2245 2680
1525 947 1562
947 1525 1562
1562 947 1525
1809 2549 2758
2758 1809 2549
2549 1809 2758
177 1737 2744
2744 177 1737
1737 177 2744
1575 611 645
611 645 1575
645 611 1575
1315 83 1950
83 1315 1950
1950 83 1315
1593 1118 2999
2999 1118 1593
1118 1593 2999
1081 97 695
97 695 1081
695 97 1081
1108 315 1519
1519 315 1108
315 1108 1519
666 720 1577
720 666 1577
1577 666 720
2145 134 563
563 134 2145
134 563 2145
285 965 2811
2811 285 965
965 285 2811
80 224 2643
2643 80 224
224 80 2643
2526 675 1941
675 1941 2526
1941 675 2526
2175 1433 1523
1433 1523 2175
1523 1433 2175
1659 1111 2426
1111 1659 2426
2426 1111 1659
2878 1246 1836
1836 1246 2878
1246 1836 2878
2554 65 1578
1578 65 2554
65 1578 2554
2272 922 2907
922 2272 2907
2907 922 2272
1103 147 1332
147 1103 1332
1332 147 1103
2588 415 2729
2729 415 2588
415 2588 2729
1354 457 2381
2381 457 1354
457 1354 2381
1095 1414 1455
1455 1095 1414
1414 1095 1455
1514 1817 2345
1817 1514 2345
2345 1514 1817
2905 349 1626
349 1626 2905
1626 349 2905
1089 1082 1489
1489 1082 1089
1082 1089 1489
750 1361 2177
2177 750 1361
1361 750 2177
1698 2216 2808
2808 1698 2216
2216 1698 2808
331 340 1499
1499 331 340
340 331 1499
993 190 307
307 190 993
190 307 993
2962 4 1438
4 1438 2962
1438 4 2962
840 948 2399
948 840 2399
2399 840 948
2824 323 796
323 796 2824
796 323 2824
546 937 2388
937 546 2388
2388 546 937
2860 1625 2054
2054 1625 2860
1625 2054 2860
1475 778 2163
778 1475 2163
2163 778 1475
614 264 1035
264 614 1035
1035 264 614
1747 641 1690
1690 641 1747
641 1690 1747
1780 884 1776
884 1776 1780
1776 884 1780
1193 898 2132
2132 898 1193
898 1193 2132
555 1604 2353
2353 555 1604
1604 555 2353
63 754 946
754 63 946
946 63 754
2734 253 1101
253 1101 2734
1101 253 2734
2291 1351 2085
1351 2085 2291
2085 1351 2291
1470 363 1598
363 1470 1598
1598 363 1470
124 57 2821
57 124 2821
2821 57 124
374 243 2607
2607 243 374
243 374 2607
1477 1684 2368
1684 1477 2368
2368 1477 1684
1834 1077 1405
1405 1077 1834
1077 1405 1834
2365 1415 2485
1415 2365 2485
2485 1415 2365
1343 561 2355
561 1343 2355
2355 561 1343
813 852 2437
2437 813 852
852 813 2437
617 2593 2751
2751 617 2593
2593 617 2751
873 1281 2950
2950 873 1281
1281 873 2950
2942 1900 2246
2246 1900 2942
1900 2246 2942
1611 1982 2586
2586 1611 1982
1982 1611 2586
1488 1161 2865
1161 1488 2865
2865 1161 1488
2621 2483 2745
2745 2483 2621
2483 2621 2745
1656 1355 1726
1726 1355 1656
1355 1656 1726
1474 1177 2617
1177 1474 2617
2617 1177 1474
2179 416 2329
416 2179 2329
2329 416 2179
1742 787 1469
1469 787 1742
787 1469 1742
2534 114 1466
1466 114 2534
114 1466 2534
2238 383 2779
2779 383 2238
383 2238 2779
2690 924 1873
924 1873 2690
1873 924 2690
249 897 1314
1314 249 897
897 249 1314
197 552 1318
552 197 1318
1318 197 552
845 1225 2413
1225 845 2413
2413 845 1225
2357 1215 1966
1215 1966 2357
1966 1215 2357
966 761 2184
761 966 2184
2184 761 966
2124 1189 1934
1189 1934 2124
1934 1189 2124
19 692 1083
692 19 1083
1083 19 692
2964 1038 1150
1038 1150 2964
1150 1038 2964
1478 1230 2262
2262 1230 1478
1230 1478 2262
843 1062 2742
1062 843 2742
2742 843 1062
1121 1542 1987
1542 1121 1987
1987 1121 1542
2278 204 2489
204 2278 2489
2489 204 2278
647 1311 2731
2731 647 1311
1311 647 2731
1371 206 756
756 206 1371
206 756 1371
784 901 2627
2627 784 901
901 784 2627
866 2343 2994
2343 866 2994
2994 866 2343
1736 188 1283
1283 188 1736
188 1283 1736
168 281 811
281 168 811
811 168 281
392 272 1994
1994 272 392
272 392 1994
775 2120 2139
2139 775 2120
2120 775 2139
2254 1505 2420
1505 2254 2420
2420 1505 2254
1190 308 731
731 308 1190
308 731 1190
2208 398 2830
2830 398 2208
398 2208 2830
1782 896 2432
2432 896 1782
896 1782 2432
2486 961 1468
1468 961 2486
961 1468 2486
597 722 2302
2302 597 722
722 597 2302
2914 1560 2460
1560 2460 2914
2460 1560 2914
842 1064 2297
1064 842 2297
2297 842 1064
2529 1773 2602
2602 1773 2529
1773 2529 2602
753 1447 1655
1447 753 1655
1655 753 1447
1751 60 2367
2367 60 1751
60 1751 2367
495 267 863
863 267 495
267 495 863
1545 826 2960
826 1545 2960
2960 826 1545
1837 659 1551
1551 659 1837
659 1551 1837
2945 1156 2892
2892 1156 2945
1156 2892 2945
2324 1529 2455
2455 1529 2324
1529 2324 2455
995 69 1336
69 995 1336
1336 69 995
1851 2079 2386
2079 1851 2386
2386 1851 2079
2401 1042 2926
2926 1042 2401
1042 2401 2926
2520 79 587
79 587 2520
587 79 2520
2686 942 2800
942 2686 2800
2800 942 2686
2492 792 2112
2112 792 2492
792 2112 2492
2074 1228 2440
2440 1228 2074
1228 2074 2440
1073 522 861
861 522 1073
522 861 1073
2591 1084 1878
1878 1084 2591
1084 1878 2591
2653 1384 2424
1384 2424 2653
2424 1384 2653
1093 1439 2307
2307 1093 1439
1439 1093 2307
413 2423 2870
2870 413 2423
2423 413 2870
905 1011 2251
2251 905 1011
1011 905 2251
2321 479 2688
479 2321 2688
2688 479 2321
2169 817 2568
817 2169 2568
2568 817 2169
1543 865 1248
1248 865 1543
865 1248 1543
399 448 1639
448 399 1639
1639 399 448
1258 974 2043
974 1258 2043
2043 974 1258
610 1925 2035
2035 610 1925
1925 610 2035
1244 165 2033
2033 165 1244
165 1244 2033
2443 2940 2984
2984 2443 2940
2940 2443 2984
1816 1881 2173
2173 1816 1881
1881 1816 2173
1582 410 952
410 952 1582
952 410 1582
1204 665 703
703 665 1204
665 703 1204
1699 1187 1333
1187 1333 1699
1333 1187 1699
949 1139 1841
1139 949 1841
1841 949 1139
2333 958 2846
2846 958 2333
958 2333 2846
2642 2448 2585
2585 2448 2642
2448 2585 2642
1732 1382 2103
1382 1732 2103
2103 1382 1732
2027 48 2180
48 2027 2180
2180 48 2027
2104 2012 2877
2012 2104 2877
2877 2012 2104
596 1151 1317
1317 596 1151
1151 596 1317
1149 333 800
333 800 1149
800 333 1149
875 1658 2941
1658 875 2941
2941 875 1658
1788 2547 2917
2917 1788 2547
2547 1788 2917
2791 200 1893
200 1893 2791
1893 200 2791
2008 749 2100
749 2008 2100
2100 749 2008
2122 355 1587
355 1587 2122
1587 355 2122
1185 357 577
357 577 1185
577 357 1185
341 2273 2689
2689 341 2273
2273 341 2689
2442 121 1000
121 1000 2442
1000 121 2442
2893 534 2228
534 2228 2893
2228 534 2893
94 681 2395
681 94 2395
2395 94 681
1590 103 319
103 319 1590
319 103 1590
369 601 2780
601 369 2780
2780 369 601
2906 85 1167
1167 85 2906
85 1167 2906
1307 809 1340
809 1307 1340
1340 809 1307
1420 292 2153
292 1420 2153
2153 292 1420
2204 1403 1682
1403 1682 2204
1682 1403 2204
1208 1075 2130
1075 1208 2130
2130 1075 1208
2397 2356 2595
2595 2356 2397
2356 2397 2595
991 412 1164
412 991 1164
1164 412 991
2858 1313 1727
1727 1313 2858
1313 1727 2858
56 2134 2991
2134 56 2991
2991 56 2134
120 530 1240
1240 120 530
530 120 1240
620 921 1022
1022 620 921
921 620 1022
1005 2073 2425
2425 1005 2073
2073 1005 2425
1855 330 1765
1765 330 1855
330 1765 1855
2969 276 2786
276 2786 2969
2786 276 2969
402 626 2507
2507 402 626
626 402 2507
2162 1178 1209
1209 1178 2162
1178 1209 2162
2983 2201 2629
2629 2201 2983
2201 2629 2983
2874 1028 1901
1028 1901 2874
1901 1028 2874
2402 1988 2776
1988 2402 2776
2776 1988 2402
2286 2444 2510
2510 2286 2444
2444 2286 2510
373 1453 2065
1453 373 2065
2065 373 1453
2421 1299 2323
2323 1299 2421
1299 2323 2421
1615 1687 1985
1985 1615 1687
1687 1615 1985
25 1913 2716
2716 25 1913
1913 25 2716
1936 88 1066
88 1066 1936
1066 88 1936
2170 92 187
92 187 2170
187 92 2170
517 352 1367
352 517 1367
1367 352 517
2410 388 2980
388 2410 2980
2980 388 2410
423 1163 2615
2615 423 1163
1163 423 2615
1652 656 2237
2237 656 1652
656 1652 2237
329 912 2603
912 329 2603
2603 329 912
11 2370 2974
2974 11 2370
2370 11 2974
2389 2091 2610
2091 2389 2610
2610 2091 2389
1567 2433 2496
2433 1567 2496
2496 1567 2433
1524 1992 2093
2093 1524 1992
1992 1524 2093
1265 909 2192
2192 909 1265
909 1265 2192
1616 1099 2600
1099 1616 2600
2600 1099 1616
98 2241 2447
2241 98 2447
2447 98 2241
146 1372 2056
2056 146 1372
1372 146 2056
2068 1165 1725
1725 1165 2068
1165 1725 2068
1335 201 615
615 201 1335
201 615 1335
2805 1552 2682
1552 2682 2805
2682 1552 2805
1393 2624 2709
2709 1393 2624
2624 1393 2709
918 1718 2783
1718 918 2783
2783 918 1718
2997 1329 2183
2183 1329 2997
1329 2183 2997
806 2080 2157
2080 806 2157
2157 806 2080
1823 1459 1734
1734 1459 1823
1459 1734 1823
511 624 2847
624 511 2847
2847 511 624
821 451 1664
451 821 1664
1664 451 821
1671 983 2181
983 1671 2181
2181 983 1671
1885 297 2525
2525 297 1885
297 1885 2525
984 758 2721
758 984 2721
2721 758 984
133 2519 2799
2519 133 2799
2799 133 2519
2047 1610 2439
1610 2047 2439
2439 1610 2047
1058 1287 2763
1287 1058 2763
2763 1058 1287
1250 2200 2325
2200 1250 2325
2325 1250 2200
2052 44 424
44 424 2052
424 44 2052
1877 2295 2463
2463 1877 2295
2295 1877 2463
1357 1847 2244
1847 1357 2244
2244 1357 1847
684 1581 2795
2795 684 1581
1581 684 2795
2431 803 1796
1796 803 2431
803 1796 2431
1409 888 2019
888 1409 2019
2019 888 1409
1017 438 2869
2869 438 1017
438 1017 2869
2518 931 1506
1506 931 2518
931 1506 2518
2390 1789 1794
1789 1794 2390
1794 1789 2390
2833 251 2064
2064 251 2833
251 2064 2833
216 1268 2113
2113 216 1268
1268 216 2113
2897 2010 2898
2010 2897 2898
2898 2010 2897
1254 2116 2475
2475 1254 2116
2116 1254 2475
643 159 1197
1197 159 643
159 643 1197
1060 1159 2021
1159 1060 2021
2021 1060 1159
2070 2318 2785
2785 2070 2318
2318 2070 2785
241 812 1401
1401 241 812
812 241 1401
1352 239 602
239 602 1352
602 239 1352
2551 277 791
791 277 2551
277 791 2551
1046 867 2039
867 1046 2039
2039 867 1046
2092 776 1068
776 1068 2092
1068 776 2092
1271 808 1990
1990 808 1271
808 1271 1990
2606 590 642
590 642 2606
642 590 2606
2572 757 2619
2619 757 2572
757 2572 2619
2235 1153 2590
2590 1153 2235
1153 2235 2590
1933 910 1233
910 1233 1933
1233 910 1933
1490 266 1614
1614 266 1490
266 1490 1614
1270 478 977
977 478 1270
478 977 1270
2452 501 1826
501 1826 2452
1826 501 2452
1930 1147 2315
2315 1147 1930
1147 1930 2315
1579 269 2774
269 1579 2774
2774 269 1579
1661 999 1565
999 1565 1661
1565 999 1661
2045 38 1389
1389 38 2045
38 1389 2045
1117 32 1243
32 1117 1243
1243 32 1117
123 2296 2771
2296 123 2771
2771 123 2296
2457 2072 2159
2072 2159 2457
2159 2072 2457
2384 2011 2987
2987 2011 2384
2011 2384 2987
2866 182 2383
2383 182 2866
182 2383 2866
1870 173 2226
2226 173 1870
173 1870 2226
1375 1479 2998
2998 1375 1479
1479 1375 2998
198 2230 2912
2912 198 2230
2230 198 2912
564 1853 2275
1853 564 2275
2275 564 1853
434 1867 2290
1867 434 2290
2290 434 1867
1119 762 1814
762 1119 1814
1814 762 1119
2101 408 1739
408 1739 2101
1739 408 2101
1810 135 2391
2391 135 1810
135 1810 2391
1328 502 2274
2274 502 1328
502 1328 2274
2369 1673 2172
1673 2172 2369
2172 1673 2369
1803 425 2727
2727 425 1803
425 1803 2727
759 1762 2001
2001 759 1762
1762 759 2001
2630 1819 2927
1819 2630 2927
2927 1819 2630
2236 1559 2904
1559 2236 2904
2904 1559 2236
956 250 2211
250 956 2211
2211 250 956
2542 1996 2521
1996 2521 2542
2521 1996 2542
1679 989 2174
2174 989 1679
989 1679 2174
2694 1509 2546
1509 2546 2694
2546 1509 2694
1728 1396 1821
1396 1728 1821
1821 1396 1728
581 1654 1846
1846 581 1654
1654 581 1846
655 582 2522
582 655 2522
2522 582 655
1799 1879 1887
1879 1799 1887
1887 1799 1879
271 789 1949
789 271 1949
1949 271 789
2471 1300 2707
1300 2471 2707
2707 1300 2471
900 2473 2908
2473 900 2908
2908 900 2473
1055 1413 2024
2024 1055 1413
1413 1055 2024
257 151 1968
1968 151 257
151 257 1968
1592 417 1140
1140 417 1592
417 1140 1592
1195 650 2935
2935 650 1195
650 1195 2935
2190 1076 1544
1544 1076 2190
1076 1544 2190
781 102 795
102 781 795
795 102 781
1675 447 701
701 447 1675
447 701 1675
2477 505 981
981 505 2477
505 981 2477
1291 108 2193
108 1291 2193
2193 108 1291
1290 1310 2699
2699 1290 1310
1310 1290 2699
640 1100 1978
1978 640 1100
1100 640 1978
1527 805 2380
2380 805 1527
805 1527 2380
1907 296 2451
296 1907 2451
2451 296 1907
2787 67 1798
67 1798 2787
1798 67 2787
1706 535 1074
1074 535 1706
535 1074 1706
1872 244 1263
1263 244 1872
244 1263 1872
2752 1148 2143
1148 2143 2752
2143 1148 2752
742 1668 2815
2815 742 1668
1668 742 2815
526 1500 2975
1500 526 2975
2975 526 1500
2479 1790 2768
1790 2479 2768
2768 1790 2479
2695 202 2168
202 2168 2695
2168 202 2695
195 1220 1563
1220 195 1563
1563 195 1220
467 34 2737
34 467 2737
2737 34 467
1815 746 1071
1071 746 1815
746 1071 1815
23 298 702
702 23 298
298 23 702
1621 609 2644
2644 609 1621
609 1621 2644
1556 61 2863
61 1556 2863
2863 61 1556
162 725 1429
1429 162 725
725 162 1429
2565 332 1715
332 1715 2565
1715 332 2565
1681 1680 2081
1680 1681 2081
2081 1680 1681
1261 36 565
36 565 1261
565 36 1261
199 554 926
554 199 926
926 199 554
1306 254 275
254 275 1306
275 254 1306
1440 2922 2973
2922 1440 2973
2973 1440 2922
2743 152 1959
152 1959 2743
1959 152 2743
933 178 807
178 807 933
807 178 933
1891 657 2022
2022 657 1891
657 1891 2022
1918 2075 2505
2075 1918 2505
2505 1918 2075
529 598 2592
2592 529 598
598 529 2592
1297 1752 2632
2632 1297 1752
1752 1297 2632
2812 1538 1586
1538 1586 2812
1586 1538 2812
1768 653 1002
653 1002 1768
1002 653 1768
2151 437 2524
2524 437 2151
437 2151 2524
2242 346 2654
2654 346 2242
346 2242 2654
2766 814 1457
1457 814 2766
814 1457 2766
2031 101 1569
1569 101 2031
101 1569 2031
89 104 1377
104 89 1377
1377 89 104
1946 354 1364
1364 354 1946
354 1364 1946
2887 1536 1584
1584 1536 2887
1536 1584 2887
1052 1759 2458
2458 1052 1759
1759 1052 2458
929 1568 1923
1568 929 1923
1923 929 1568
1346 768 2698
768 1346 2698
2698 768 1346
1871 1424 2924
2924 1424 1871
1424 1871 2924
261 158 2753
158 261 2753
2753 158 261
1760 1417 2876
1417 1760 2876
2876 1417 1760
1912 2076 2570
2570 1912 2076
2076 1912 2570
2920 1128 1833
1833 1128 2920
1128 1833 2920
468 1761 2029
2029 468 1761
1761 468 2029
1967 1660 2434
1660 1967 2434
2434 1660 1967
2042 538 2867
2867 538 2042
538 2042 2867
1462 293 1435
293 1435 1462
1435 293 1462
259 2303 2620
2620 259 2303
2303 259 2620
1483 148 2657
2657 148 1483
148 1483 2657
1875 704 2835
2835 704 1875
704 1875 2835
1770 890 2106
890 1770 2106
2106 890 1770
556 987 1174
1174 556 987
987 556 1174
2813 326 1909
1909 326 2813
326 1909 2813
2740 1635 2234
1635 2234 2740
2234 1635 2740
2952 463 2336
2336 463 2952
463 2336 2952
1237 1713 1952
1952 1237 1713
1713 1237 1952
2772 1166 2196
1166 2196 2772
2196 1166 2772
790 26 1356
1356 26 790
26 790 1356
1942 738 1061
738 1061 1942
1061 738 1942
2930 523 2203
2203 523 2930
523 2203 2930
2299 1539 2655
1539 2299 2655
2655 1539 2299
1292 1632 2836
1632 1292 2836
2836 1292 1632
1363 488 830
830 488 1363
488 830 1363
2571 1235 2405
1235 2405 2571
2405 1235 2571
2335 336 967
336 967 2335
967 336 2335
1102 618 1921
1921 618 1102
618 1102 1921
2852 116 1757
1757 116 2852
116 1757 2852
455 309 955
955 309 455
309 455 955
1143 1362 1601
1362 1143 1601
1601 1143 1362
2115 820 2573
2573 820 2115
820 2115 2573
911 869 932
869 911 932
932 869 911
959 1605 1683
1683 959 1605
1605 959 1683
628 1856 2683
1856 628 2683
2683 628 1856
117 486 1319
486 117 1319
1319 117 486
2128 1805 2071
2071 1805 2128
1805 2071 2128
1203 589 2156
2156 589 1203
589 1203 2156
1303 1644 2503
1644 1303 2503
2503 1303 1644
1919 683 1249
1249 683 1919
683 1249 1919
1508 1293 1733
1733 1293 1508
1293 1508 1733
707 282 855
855 282 707
282 707 855
2612 321 627
627 321 2612
321 627 2612
1813 608 2532
608 1813 2532
2532 608 1813
191 1535 1838
1535 191 1838
1838 191 1535
2411 372 1473
1473 372 2411
372 1473 2411
2049 2118 2648
2648 2049 2118
2118 2049 2648
1425 327 2359
2359 327 1425
327 1425 2359
471 528 846
846 471 528
528 471 846
2322 132 1624
1624 132 2322
132 1624 2322
2046 1711 2578
1711 2046 2578
2578 1711 2046
674 1054 2300
1054 674 2300
2300 674 1054
1845 30 2667
30 1845 2667
2667 30 1845
2577 339 1065
339 1065 2577
1065 339 2577
1264 427 1171
427 1171 1264
1171 427 1264
1391 1442 2550
2550 1391 1442
1442 1391 2550
2725 222 1437
222 1437 2725
1437 222 2725
723 557 2454
2454 557 723
557 723 2454
639 964 1828
1828 639 964
964 639 1828
2094 857 2608
857 2094 2608
2608 857 2094
1353 1026 2351
2351 1026 1353
1026 1353 2351
1456 2189 2362
2189 1456 2362
2362 1456 2189
2394 368 1238
368 1238 2394
1238 368 2394
246 936 2491
936 246 2491
2491 246 936
242 2186 2790
2790 242 2186
2186 242 2790
2956 810 1555
810 1555 2956
1555 810 2956
407 1279 1422
1279 407 1422
1422 407 1279
2474 533 2214
2214 533 2474
533 2214 2474
2231 572 2712
2712 572 2231
572 2231 2712
2639 2849 2948
2948 2639 2849
2849 2639 2948
2436 1547 2148
2148 1547 2436
1547 2148 2436
2777 1109 2579
2579 1109 2777
1109 2579 2777
2596 711 2850
2850 711 2596
711 2596 2850
403 378 1088
1088 378 403
378 403 1088
815 1135 1518
1518 815 1135
1135 815 1518
579 592 802
802 579 592
592 579 802
28 2553 2891
2891 28 2553
2553 28 2891
2965 1133 2461
2461 1133 2965
1133 2461 2965
1962 2306 2445
2445 1962 2306
2306 1962 2445
1553 203 928
203 928 1553
928 203 1553
1969 62 953
953 62 1969
62 953 1969
273 1202 2848
2848 273 1202
1202 273 2848
1426 1501 2034
1501 1426 2034
2034 1426 1501
1097 1030 2856
1030 1097 2856
2856 1030 1097
935 171 2717
2717 171 935
171 935 2717
1496 661 2702
2702 661 1496
661 1496 2702
930 559 2839
2839 559 930
559 930 2839
583 265 1316
265 583 1316
1316 265 583
55 2567 2882
2567 55 2882
2882 55 2567
1344 1905 2066
1905 1344 2066
2066 1344 1905
1443 492 1256
1256 492 1443
492 1256 1443
430 68 2158
68 430 2158
2158 68 430
2017 744 2258
744 2017 2258
2258 744 2017
1663 1278 2574
2574 1278 1663
1278 1663 2574
1142 111 671
671 111 1142
111 671 1142
1738 2312 2418
2418 1738 2312
2312 1738 2418
2986 1915 2879
2879 1915 2986
1915 2879 2986
1296 1434 1669
1434 1296 1669
1669 1296 1434
668 1910 1961
1961 668 1910
1910 668 1961
2597 86 1973
1973 86 2597
86 1973 2597
1743 1269 2309
1269 1743 2309
2309 1269 1743
2470 485 2252
2252 485 2470
485 2252 2470
1850 1947 2125
1947 1850 2125
2125 1850 1947
8 848 1716
1716 8 848
848 8 1716
2873 1386 1677
1386 1677 2873
1677 1386 2873
829 302 713
302 713 829
713 302 829
2851 1366 1721
1721 1366 2851
1366 1721 2851
2138 1194 1537
1537 1194 2138
1194 1537 2138
940 574 902
902 574 940
574 902 940
818 682 1041
1041 682 818
682 818 1041
1884 481 1116
1116 481 1884
481 1116 1884
1617 2089 2311
