16181 5258 27103
27103 5258 16181
5258 16181 27103
13063 5517 12604
5517 12604 13063
12604 5517 13063
21505 8800 14025
8800 14025 21505
14025 8800 21505
7731 4994 12854
4994 7731 12854
12854 4994 7731
17108 26155 28168
28168 17108 26155
26155 17108 28168
4080 1979 25829
1979 4080 25829
25829 1979 4080
17248 6715 15628
6715 15628 17248
15628 6715 17248
10984 15984 18498
18498 10984 15984
15984 10984 18498
21377 16632 20119
20119 16632 21377
16632 20119 21377
19361 6090 25034
6090 19361 25034
25034 6090 19361
10387 7203 29694
7203 10387 29694
29694 7203 10387
3037 9224 18249
18249 3037 9224
9224 3037 18249
15087 12760 29469
29469 12760 15087
12760 15087 29469
21086 27285 29178
27285 21086 29178
29178 21086 27285
25222 12855 26508
12855 25222 26508
26508 12855 25222
4333 11321 23293
11321 4333 23293
23293 4333 11321
25382 6994 8168
6994 8168 25382
8168 6994 25382
3425 1299 26730
1299 3425 26730
26730 1299 3425
17672 8438 12040
8438 12040 17672
12040 8438 17672
9979 20995 22656
20995 9979 22656
22656 9979 20995
3404 1757 19640
19640 1757 3404
1757 3404 19640
17239 14021 20835
20835 14021 17239
14021 17239 20835
15640 9627 11374
11374 9627 15640
9627 11374 15640
3742 20866 24145
24145 3742 20866
20866 3742 24145
16022 16627 18872
18872 16022 16627
16627 16022 18872
17644 2241 3972
3972 2241 17644
2241 3972 17644
15514 3620 27468
3620 15514 27468
27468 3620 15514
19209 19433 24374
19433 19209 24374
24374 19209 19433
24344 12170 23493
12170 23493 24344
23493 12170 24344
17921 8677 14958
8677 14958 17921
14958 8677 17921
22350 7496 21119
21119 7496 22350
7496 21119 22350
253 18199 24458
18199 253 24458
24458 253 18199
15933 3706 8992
3706 8992 15933
8992 3706 15933
28268 4462 28506
28506 4462 28268
4462 28268 28506
13333 378 11812
11812 378 13333
378 11812 13333
24899 19795 20759
19795 20759 24899
20759 19795 24899
18977 6053 23131
23131 6053 18977
6053 18977 23131
19210 17299 26369
26369 17299 19210
17299 19210 26369
29414 3953 20616
3953 20616 29414
20616 3953 29414
2302 4810 11271
11271 2302 4810
4810 2302 11271
702 6190 9202
6190 702 9202
9202 702 6190
8446 579 875
579 875 8446
875 579 8446
27085 6885 22512
22512 6885 27085
6885 22512 27085
7999 24919 29284
29284 7999 24919
24919 7999 29284
23533 17565 26684
26684 17565 23533
17565 23533 26684
19255 2847 21880
2847 19255 21880
21880 2847 19255
14072 4058 21412
21412 4058 14072
4058 14072 21412
3529 5591 21418
5591 3529 21418
21418 3529 5591
9718 2746 8033
8033 2746 9718
2746 8033 9718
28797 29734 29930
29930 28797 29734
29734 28797 29930
8418 10195 13559
13559 8418 10195
10195 8418 13559
836 1652 3282
1652 836 3282
3282 836 1652
4635 22697 24692
22697 4635 24692
24692 4635 22697
28045 15958 19875
15958 19875 28045
19875 15958 28045
7712 2348 27049
27049 2348 7712
2348 7712 27049
13954 21622 23662
23662 13954 21622
21622 13954 23662
26390 18943 24162
24162 18943 26390
18943 24162 26390
10934 7589 8349
8349 7589 10934
7589 8349 10934
9045 11985 15632
11985 9045 15632
15632 9045 11985
8833 16803 24821
16803 8833 24821
24821 8833 16803
6005 11746 28638
11746 6005 28638
28638 6005 11746
8417 3673 28674
28674 3673 8417
3673 8417 28674
18082 1898 13354
1898 13354 18082
13354 1898 18082
15195 111 22650
22650 111 15195
111 15195 22650
1668 68 27261
27261 68 1668
68 1668 27261
1680 14322 20016
14322 1680 20016
20016 1680 14322
28630 26634 28718
26634 28630 28718
28718 26634 28630
1896 10414 16876
10414 1896 16876
16876 1896 10414
10625 14710 20233
20233 10625 14710
14710 10625 20233
228 15001 25045
25045 228 15001
15001 228 25045
15158 3844 11597
3844 11597 15158
11597 3844 15158
902 12183 29025
29025 902 12183
12183 902 29025
17882 11598 13169
11598 13169 17882
13169 11598 17882
16759 10576 13769
13769 10576 16759
10576 13769 16759
14743 8955 26996
26996 8955 14743
8955 14743 26996
12342 13115 19547
13115 12342 19547
19547 12342 13115
6383 9968 19526
19526 6383 9968
9968 6383 19526
18941 2902 8624
2902 8624 18941
8624 2902 18941
16367 19552 22274
19552 16367 22274
22274 16367 19552
19025 204 1628
1628 204 19025
204 1628 19025
2896 27852 29954
27852 2896 29954
29954 2896 27852
13991 13376 18685
18685 13376 13991
13376 13991 18685
5810 4516 21176
21176 4516 5810
4516 5810 21176
26308 15888 15912
15888 15912 26308
15912 15888 26308
15084 12552 24421
12552 15084 24421
24421 12552 15084
27031 13631 14658
14658 13631 27031
13631 14658 27031
17996 8235 16874
16874 8235 17996
8235 16874 17996
17553 9965 11805
11805 9965 17553
9965 11805 17553
19182 15083 17740
15083 17740 19182
17740 15083 19182
26314 3405 17492
3405 17492 26314
17492 3405 26314
11496 8385 26858
8385 11496 26858
26858 8385 11496
26086 64 494
64 494 26086
494 64 26086
4979 7641 26510
26510 4979 7641
7641 4979 26510
17394 10454 21274
10454 17394 21274
21274 10454 17394
1045 5316 19452
19452 1045 5316
5316 1045 19452
14966 23590 24503
23590 14966 24503
24503 14966 23590
29086 205 28834
28834 205 29086
205 28834 29086
18595 13079 22974
22974 13079 18595
13079 18595 22974
16012 4039 10197
4039 10197 16012
10197 4039 16012
18652 11528 11672
11672 11528 18652
11528 11672 18652
2219 18675 26810
18675 2219 26810
26810 2219 18675
22553 643 1948
1948 643 22553
643 1948 22553
17903 5001 27901
5001 17903 27901
27901 5001 17903
7173 14076 28831
14076 7173 28831
28831 7173 14076
24812 2922 27995
27995 2922 24812
2922 24812 27995
5898 10875 11163
10875 5898 11163
11163 5898 10875
26757 25993 29182
29182 25993 26757
25993 26757 29182
28431 15925 16241
15925 16241 28431
16241 15925 28431
25592 14738 18318
14738 18318 25592
18318 14738 25592
27758 14543 16041
14543 16041 27758
16041 14543 27758
15825 25229 26818
25229 15825 26818
26818 15825 25229
520 3210 20648
20648 520 3210
3210 520 20648
14665 13311 17822
17822 13311 14665
13311 14665 17822
22488 6114 15445
15445 6114 22488
6114 15445 22488
16415 2133 22469
2133 16415 22469
22469 2133 16415
7372 7747 7878
7878 7372 7747
7747 7372 7878
7810 2077 5178
5178 2077 7810
2077 5178 7810
10024 5539 11826
5539 10024 11826
11826 5539 10024
28891 19870 20211
20211 19870 28891
19870 20211 28891
11702 11337 19050
11337 11702 19050
19050 11337 11702
19611 12487 20253
12487 19611 20253
20253 12487 19611
1286 8384 29674
29674 1286 8384
8384 1286 29674
3650 4271 5209
4271 3650 5209
5209 3650 4271
14732 4786 18482
18482 4786 14732
4786 14732 18482
3679 6362 19024
19024 3679 6362
6362 3679 19024
9292 13502 17742
13502 9292 17742
17742 9292 13502
23934 17575 26358
26358 17575 23934
17575 23934 26358
3174 2871 13194
2871 3174 13194
13194 2871 3174
11210 7722 25972
7722 11210 25972
25972 7722 11210
8402 8166 28482
8166 8402 28482
28482 8166 8402
18789 1650 11931
1650 11931 18789
11931 1650 18789
8710 16275 16474
16474 8710 16275
16275 8710 16474
2036 5304 16993
16993 2036 5304
5304 2036 16993
3096 5966 7009
7009 3096 5966
5966 3096 7009
24926 8292 20665
8292 20665 24926
20665 8292 24926
25595 7628 19329
19329 7628 25595
7628 19329 25595
11719 1713 4084
1713 4084 11719
4084 1713 11719
23030 5533 23975
5533 23030 23975
23975 5533 23030
17432 7088 16586
7088 16586 17432
16586 7088 17432
21714 216 13388
216 13388 21714
13388 216 21714
6809 8161 14937
8161 6809 14937
14937 6809 8161
27016 23028 25941
23028 25941 27016
25941 23028 27016
14941 1661 16676
1661 14941 16676
16676 1661 14941
18674 13571 23625
13571 18674 23625
23625 13571 18674
26102 327 6220
6220 327 26102
327 6220 26102
20827 10218 13881
13881 10218 20827
10218 13881 20827
7174 25256 27219
25256 7174 27219
27219 7174 25256
975 13550 14902
14902 975 13550
13550 975 14902
7271 12005 12484
12484 7271 12005
12005 7271 12484
19579 13103 17847
13103 17847 19579
17847 13103 19579
8005 7777 16768
16768 7777 8005
7777 8005 16768
25905 12445 24472
12445 24472 25905
24472 12445 25905
28981 8532 20996
8532 20996 28981
20996 8532 28981
762 7870 20475
20475 762 7870
7870 762 20475
15417 23771 25401
23771 15417 25401
25401 15417 23771
25015 19882 24706
24706 19882 25015
19882 24706 25015
18862 7016 22784
22784 7016 18862
7016 18862 22784
26971 13068 29861
29861 13068 26971
13068 26971 29861
24517 1550 20463
20463 1550 24517
1550 20463 24517
23062 22160 23212
22160 23062 23212
23212 22160 23062
28809 6483 20755
20755 6483 28809
6483 20755 28809
23175 4618 5419
5419 4618 23175
4618 5419 23175
23358 14583 23721
14583 23358 23721
23721 14583 23358
18551 14036 17156
14036 17156 18551
17156 14036 18551
13948 13809 25108
25108 13809 13948
13809 13948 25108
19235 16004 24970
16004 19235 24970
24970 16004 19235
301 1929 24687
1929 301 24687
24687 301 1929
4195 26702 27672
26702 4195 27672
27672 4195 26702
12028 14561 23438
14561 12028 23438
23438 12028 14561
27267 2089 14880
14880 2089 27267
2089 14880 27267
21417 2184 16136
16136 2184 21417
2184 16136 21417
14897 20260 26072
26072 14897 20260
20260 14897 26072
12746 4069 19473
4069 12746 19473
19473 4069 12746
14654 5703 9380
9380 5703 14654
5703 9380 14654
29268 1283 13272
13272 1283 29268
1283 13272 29268
14276 14070 23035
23035 14070 14276
14070 14276 23035
19618 8620 12565
8620 12565 19618
12565 8620 19618
26524 12650 21134
21134 12650 26524
12650 21134 26524
4966 11113 21782
11113 4966 21782
21782 4966 11113
24756 14253 16264
16264 14253 24756
14253 16264 24756
15032 4996 14518
4996 14518 15032
14518 4996 15032
12433 17665 17723
17665 12433 17723
17723 12433 17665
11001 6736 20889
6736 11001 20889
20889 6736 11001
17332 17222 23014
17222 17332 23014
23014 17222 17332
4654 7087 18350
7087 4654 18350
18350 4654 7087
16848 998 21755
21755 998 16848
998 16848 21755
15412 9837 11008
11008 9837 15412
9837 11008 15412
3825 2750 17669
2750 3825 17669
17669 2750 3825
2738 2535 14821
2535 2738 14821
14821 2535 2738
12842 11666 18593
18593 11666 12842
11666 12842 18593
4386 12387 13305
13305 4386 12387
12387 4386 13305
26328 6350 13993
13993 6350 26328
6350 13993 26328
2826 3025 4956
3025 2826 4956
4956 2826 3025
13758 15951 29472
29472 13758 15951
15951 13758 29472
16483 4921 21006
4921 16483 21006
21006 4921 16483
21312 3209 14671
14671 3209 21312
3209 14671 21312
13019 2939 26303
26303 2939 13019
2939 13019 26303
6684 2186 26241
26241 2186 6684
2186 6684 26241
6191 3858 13576
3858 6191 13576
13576 3858 6191
19585 4975 8988
8988 4975 19585
4975 8988 19585
22764 4227 29461
4227 22764 29461
29461 4227 22764
16705 5576 22959
5576 16705 22959
22959 5576 16705
17776 5566 15626
5566 15626 17776
15626 5566 17776
19135 6422 22382
6422 19135 22382
22382 6422 19135
19098 10307 14914
14914 10307 19098
10307 14914 19098
6047 21796 22061
21796 6047 22061
22061 6047 21796
2320 15351 18421
18421 2320 15351
15351 2320 18421
9868 428 26099
26099 428 9868
428 9868 26099
24704 11957 22119
22119 11957 24704
11957 22119 24704
13581 19383 29375
19383 13581 29375
29375 13581 19383
23555 27864 28113
27864 23555 28113
28113 23555 27864
20623 1638 18761
18761 1638 20623
1638 18761 20623
911 17951 26749
17951 911 26749
26749 911 17951
24352 20246 25771
25771 20246 24352
20246 24352 25771
8922 6968 9125
9125 6968 8922
6968 8922 9125
15840 894 2713
2713 894 15840
894 2713 15840
22075 1164 16433
16433 1164 22075
1164 16433 22075
6003 544 11916
544 6003 11916
11916 544 6003
3445 7562 14223
14223 3445 7562
7562 3445 14223
15894 2909 21948
21948 2909 15894
2909 15894 21948
3809 18676 23287
23287 3809 18676
18676 3809 23287
13181 16459 16518
16459 13181 16518
16518 13181 16459
2604 18678 28765
18678 2604 28765
28765 2604 18678
21038 7254 8154
8154 7254 21038
7254 8154 21038
9737 5912 21546
5912 9737 21546
21546 5912 9737
28971 4299 5516
5516 4299 28971
4299 5516 28971
24184 12890 19707
19707 12890 24184
12890 19707 24184
9093 24040 29918
24040 9093 29918
29918 9093 24040
13953 703 18960
18960 703 13953
703 13953 18960
14332 20146 26470
26470 14332 20146
20146 14332 26470
2806 18688 26049
18688 2806 26049
26049 2806 18688
26227 2548 11352
11352 2548 26227
2548 11352 26227
21062 1729 11391
1729 11391 21062
11391 1729 21062
5141 18453 29622
29622 5141 18453
18453 5141 29622
5125 2768 3328
3328 2768 5125
2768 3328 5125
18219 3446 13897
13897 3446 18219
3446 13897 18219
13188 571 9266
571 9266 13188
9266 571 13188
27875 12674 19575
12674 19575 27875
19575 12674 27875
22970 124 16882
124 16882 22970
16882 124 22970
28133 9700 25304
25304 9700 28133
9700 25304 28133
3745 19780 24411
24411 3745 19780
19780 3745 24411
4931 4583 18188
4583 4931 18188
18188 4583 4931
26115 3601 14807
3601 14807 26115
14807 3601 26115
12423 6534 24062
6534 12423 24062
24062 6534 12423
18170 3514 12279
12279 3514 18170
3514 12279 18170
16555 9812 18516
9812 16555 18516
18516 9812 16555
6526 4147 8359
4147 6526 8359
8359 4147 6526
14235 16104 29464
16104 14235 29464
29464 14235 16104
2451 10757 20359
20359 2451 10757
10757 2451 20359
7329 13943 25293
25293 7329 13943
13943 7329 25293
15897 5620 21702
5620 15897 21702
21702 5620 15897
406 18005 24056
24056 406 18005
18005 406 24056
10461 8295 19599
8295 10461 19599
19599 8295 10461
17447 22568 24341
22568 17447 24341
24341 17447 22568
17100 3903 5779
5779 3903 17100
3903 5779 17100
27025 14578 23961
23961 14578 27025
14578 23961 27025
21692 5057 19101
19101 5057 21692
5057 19101 21692
8244 3879 15622
15622 3879 8244
3879 8244 15622
16839 1502 10905
10905 1502 16839
1502 10905 16839
18426 5014 9459
9459 5014 18426
5014 9459 18426
17827 10382 15085
15085 10382 17827
10382 15085 17827
22954 9785 28178
9785 22954 28178
28178 9785 22954
3350 1290 1796
1796 1290 3350
1290 1796 3350
14563 7315 22035
22035 7315 14563
7315 14563 22035
12876 21576 22024
22024 12876 21576
21576 12876 22024
25157 14643 26230
14643 25157 26230
26230 14643 25157
2802 6440 12542
12542 2802 6440
6440 2802 12542
18986 16631 26211
26211 16631 18986
16631 18986 26211
19866 10052 21042
21042 10052 19866
10052 19866 21042
16121 14863 22064
22064 14863 16121
14863 16121 22064
525 8694 29045
8694 525 29045
29045 525 8694
22059 3433 24066
24066 3433 22059
3433 22059 24066
9130 23999 25710
23999 9130 25710
25710 9130 23999
15936 10419 13573
10419 13573 15936
13573 10419 15936
4637 9430 16681
16681 4637 9430
9430 4637 16681
3178 14374 25816
14374 3178 25816
25816 3178 14374
7028 9289 26832
9289 7028 26832
26832 7028 9289
355 12530 14375
14375 355 12530
12530 355 14375
12118 19114 26854
26854 12118 19114
19114 12118 26854
2951 7224 9255
9255 2951 7224
7224 2951 9255
28540 9058 17146
9058 17146 28540
17146 9058 28540
10482 1027 20187
1027 10482 20187
20187 1027 10482
6890 5456 25887
5456 6890 25887
25887 5456 6890
16645 23896 24860
23896 16645 24860
24860 16645 23896
21097 18106 28967
28967 18106 21097
18106 21097 28967
27833 9480 29316
29316 9480 27833
9480 27833 29316
1268 20638 29885
20638 1268 29885
29885 1268 20638
17193 7169 18641
7169 17193 18641
18641 7169 17193
27697 9638 26029
26029 9638 27697
9638 26029 27697
5750 28061 28974
28061 5750 28974
28974 5750 28061
26396 5095 26063
5095 26063 26396
26063 5095 26396
27952 11224 19601
19601 11224 27952
11224 19601 27952
27384 23720 26293
23720 26293 27384
26293 23720 27384
15930 17775 26033
26033 15930 17775
17775 15930 26033
3512 12924 13990
12924 3512 13990
13990 3512 12924
8673 9505 18085
9505 8673 18085
18085 8673 9505
19489 11208 13197
13197 11208 19489
11208 13197 19489
11181 2900 5712
2900 5712 11181
5712 2900 11181
14491 3890 24293
3890 14491 24293
24293 3890 14491
21138 13148 29043
29043 13148 21138
13148 21138 29043
13422 49 7906
7906 49 13422
49 7906 13422
1488 6384 28349
6384 1488 28349
28349 1488 6384
14348 8717 27575
27575 8717 14348
8717 14348 27575
9011 12006 22184
22184 9011 12006
12006 9011 22184
20220 16863 22539
16863 20220 22539
22539 16863 20220
18372 2205 22168
22168 2205 18372
2205 18372 22168
3886 546 3313
546 3313 3886
3313 546 3886
20858 20895 27055
20895 20858 27055
27055 20858 20895
20998 9386 10080
9386 10080 20998
10080 9386 20998
19726 129 22476
22476 129 19726
129 19726 22476
28467 10050 14226
10050 14226 28467
14226 10050 28467
11264 7010 14038
14038 7010 11264
7010 11264 14038
15468 6513 9077
6513 9077 15468
9077 6513 15468
19406 10317 20474
20474 10317 19406
10317 19406 20474
16905 7897 18693
18693 7897 16905
7897 16905 18693
19335 24437 29044
29044 19335 24437
24437 19335 29044
27264 19686 29290
19686 27264 29290
29290 19686 27264
11657 18384 21362
21362 11657 18384
18384 11657 21362
5899 569 9701
9701 569 5899
569 5899 9701
21990 1859 25703
25703 1859 21990
1859 21990 25703
10058 5645 25202
25202 5645 10058
5645 10058 25202
16201 7782 26070
7782 16201 26070
26070 7782 16201
19705 6183 27194
6183 19705 27194
27194 6183 19705
4444 7860 22616
7860 4444 22616
22616 4444 7860
24441 12041 28134
28134 12041 24441
12041 24441 28134
4233 10896 25904
10896 4233 25904
25904 4233 10896
22895 6171 20798
20798 6171 22895
6171 20798 22895
22747 18487 22495
18487 22495 22747
22495 18487 22747
9563 2086 14159
2086 9563 14159
14159 2086 9563
9270 20799 26733
20799 9270 26733
26733 9270 20799
28304 11463 29752
11463 28304 29752
29752 11463 28304
21720 26472 29441
26472 21720 29441
29441 21720 26472
9025 6116 14764
14764 6116 9025
6116 9025 14764
2058 2155 24852
24852 2058 2155
2155 2058 24852
11967 2608 3828
2608 3828 11967
3828 2608 11967
18405 6502 29374
29374 6502 18405
6502 18405 29374
19485 14366 29789
14366 19485 29789
29789 14366 19485
13714 5628 16711
16711 5628 13714
5628 13714 16711
14286 14135 26951
14135 14286 26951
26951 14135 14286
28822 2070 27494
27494 2070 28822
2070 27494 28822
13282 9163 29745
9163 13282 29745
29745 9163 13282
1090 1434 5744
1434 1090 5744
5744 1090 1434
11348 20790 26055
20790 11348 26055
26055 11348 20790
19167 16395 22244
22244 16395 19167
16395 19167 22244
29828 5329 21322
5329 21322 29828
21322 5329 29828
881 265 5199
265 881 5199
5199 265 881
15618 357 11941
11941 357 15618
357 11941 15618
29419 4652 21518
21518 4652 29419
4652 21518 29419
26727 23005 27913
23005 26727 27913
27913 23005 26727
269 6447 27181
6447 269 27181
27181 269 6447
12708 6908 23595
6908 12708 23595
23595 6908 12708
1622 889 17616
889 1622 17616
17616 889 1622
26106 274 19245
274 19245 26106
19245 274 26106
15275 17438 23160
23160 15275 17438
17438 15275 23160
10954 834 20749
20749 834 10954
834 10954 20749
13351 356 2542
2542 356 13351
356 2542 13351
24325 18357 20293
20293 18357 24325
18357 20293 24325
29756 10075 12330
12330 10075 29756
10075 12330 29756
18889 14599 18548
14599 18548 18889
18548 14599 18889
12940 19242 20484
20484 12940 19242
19242 12940 20484
11660 15355 19232
15355 11660 19232
19232 11660 15355
4491 6313 28090
28090 4491 6313
6313 4491 28090
23274 5622 8698
8698 5622 23274
5622 8698 23274
21450 11370 17548
11370 17548 21450
17548 11370 21450
21809 2859 13377
13377 2859 21809
2859 13377 21809
13661 8152 19112
8152 13661 19112
19112 8152 13661
17341 22235 26363
22235 17341 26363
26363 17341 22235
2198 4895 17855
4895 2198 17855
17855 2198 4895
26163 12299 22966
12299 22966 26163
22966 12299 26163
17991 116 2982
116 2982 17991
2982 116 17991
11010 27945 29027
29027 11010 27945
27945 11010 29027
14340 6931 23316
23316 6931 14340
6931 14340 23316
27095 12534 18743
18743 12534 27095
12534 18743 27095
11211 17265 29200
29200 11211 17265
17265 11211 29200
21934 6421 6880
6421 6880 21934
6880 6421 21934
27750 3702 8689
8689 3702 27750
3702 8689 27750
22118 9019 19281
9019 19281 22118
19281 9019 22118
19645 8200 20464
8200 19645 20464
20464 8200 19645
15285 8829 24809
8829 15285 24809
24809 8829 15285
26449 8540 29531
8540 26449 29531
29531 8540 26449
18241 9572 26088
26088 9572 18241
9572 18241 26088
25375 6635 16043
6635 16043 25375
16043 6635 25375
870 7684 18168
18168 870 7684
7684 870 18168
12775 6528 24709
24709 6528 12775
6528 12775 24709
17559 6508 7929
6508 7929 17559
7929 6508 17559
8094 9443 24725
24725 8094 9443
9443 8094 24725
13563 1484 10938
10938 1484 13563
1484 10938 13563
5210 8669 11526
8669 5210 11526
11526 5210 8669
3130 18355 28385
18355 3130 28385
28385 3130 18355
8518 4955 12139
4955 8518 12139
12139 4955 8518
20033 2140 25258
25258 2140 20033
2140 20033 25258
10547 19120 27684
27684 10547 19120
19120 10547 27684
16339 10225 15602
10225 15602 16339
15602 10225 16339
15086 21039 27474
21039 15086 27474
27474 15086 21039
4946 14626 24256
14626 4946 24256
24256 4946 14626
11474 8795 14497
14497 8795 11474
8795 11474 14497
20677 28964 29563
29563 20677 28964
28964 20677 29563
14511 72 9140
9140 72 14511
72 9140 14511
28536 1598 12592
12592 1598 28536
1598 12592 28536
11379 13078 20404
20404 11379 13078
13078 11379 20404
26964 14528 21629
21629 14528 26964
14528 21629 26964
14983 7523 14978
7523 14978 14983
14978 7523 14983
27640 9956 20289
9956 20289 27640
20289 9956 27640
24361 8708 26907
8708 24361 26907
26907 8708 24361
8357 5045 13483
13483 5045 8357
5045 8357 13483
9813 4091 7255
7255 4091 9813
4091 7255 9813
17237 7242 12936
12936 7242 17237
7242 12936 17237
22563 14559 23593
14559 22563 23593
23593 14559 22563
10869 1524 12958
1524 10869 12958
12958 1524 10869
24690 5159 23772
5159 23772 24690
23772 5159 24690
3056 5884 15401
15401 3056 5884
5884 3056 15401
5737 6122 22459
6122 5737 22459
22459 5737 6122
4936 15616 16197
16197 4936 15616
15616 4936 16197
2656 12659 15229
12659 2656 15229
15229 2656 12659
7651 4944 5990
4944 5990 7651
5990 4944 7651
29807 16967 22019
16967 22019 29807
22019 16967 29807
20199 11130 16520
11130 16520 20199
16520 11130 20199
16524 15681 15937
15681 15937 16524
15937 15681 16524
2378 19943 22506
22506 2378 19943
19943 2378 22506
6188 1371 11787
11787 1371 6188
1371 6188 11787
14278 6179 27357
6179 14278 27357
27357 6179 14278
11789 6504 29822
29822 6504 11789
6504 11789 29822
22206 840 18166
18166 840 22206
840 18166 22206
22858 808 18316
18316 808 22858
808 18316 22858
25342 19049 28289
19049 25342 28289
28289 19049 25342
17249 9748 18700
18700 9748 17249
9748 17249 18700
19890 3714 22660
22660 3714 19890
3714 19890 22660
135 3495 24257
24257 135 3495
3495 135 24257
3063 13382 14089
14089 3063 13382
13382 3063 14089
10920 13488 27984
27984 10920 13488
13488 10920 27984
11664 13607 18324
18324 11664 13607
13607 11664 18324
17726 18821 28710
18821 17726 28710
28710 17726 18821
28094 1005 28586
1005 28094 28586
28586 1005 28094
18180 12141 17052
17052 12141 18180
12141 17052 18180
26209 16872 22157
16872 22157 26209
22157 16872 26209
23176 15183 25757
15183 23176 25757
25757 15183 23176
7866 7090 24579
24579 7090 7866
7090 7866 24579
10270 11399 24077
11399 10270 24077
24077 10270 11399
21784 1619 26451
26451 1619 21784
1619 21784 26451
13261 24545 26899
26899 13261 24545
24545 13261 26899
708 3340 25583
3340 708 25583
25583 708 3340
1391 15143 16460
16460 1391 15143
15143 1391 16460
3924 17215 17789
17215 3924 17789
17789 3924 17215
10804 8742 10269
8742 10269 10804
10269 8742 10804
18198 7102 21262
7102 18198 21262
21262 7102 18198
14819 20655 25286
25286 14819 20655
20655 14819 25286
26479 15160 28049
28049 15160 26479
15160 26479 28049
5055 13418 21947
21947 5055 13418
13418 5055 21947
4739 14653 19022
19022 4739 14653
14653 4739 19022
20944 14889 28181
14889 20944 28181
28181 14889 20944
3669 14709 18686
18686 3669 14709
14709 3669 18686
12410 550 29030
29030 550 12410
550 12410 29030
13215 3189 14984
3189 13215 14984
14984 3189 13215
2641 4519 20609
20609 2641 4519
4519 2641 20609
28165 3034 5142
5142 3034 28165
3034 5142 28165
23573 2851 3640
2851 3640 23573
3640 2851 23573
10103 11819 17539
11819 10103 17539
17539 10103 11819
12037 369 17446
369 12037 17446
17446 369 12037
13310 10810 24060
24060 10810 13310
10810 13310 24060
14281 11499 19156
11499 14281 19156
19156 11499 14281
8979 5862 21099
5862 8979 21099
21099 5862 8979
20871 8856 14811
14811 8856 20871
8856 14811 20871
24507 14950 20812
14950 20812 24507
20812 14950 24507
12759 27045 28553
27045 12759 28553
28553 12759 27045
11622 9637 21810
21810 9637 11622
9637 11622 21810
23585 10964 23488
10964 23488 23585
23488 10964 23585
28791 19635 28634
19635 28634 28791
28634 19635 28791
16059 3856 5240
3856 5240 16059
5240 3856 16059
17450 10232 28348
28348 10232 17450
10232 17450 28348
19961 17911 17955
17911 17955 19961
17955 17911 19961
18457 10428 29124
10428 18457 29124
29124 10428 18457
6603 8899 21128
21128 6603 8899
8899 6603 21128
7610 1338 12750
1338 7610 12750
12750 1338 7610
12474 18013 20077
20077 12474 18013
18013 12474 20077
24519 4370 14871
4370 14871 24519
14871 4370 24519
14018 15216 26361
15216 14018 26361
26361 14018 15216
7632 920 24071
920 7632 24071
24071 920 7632
27799 1342 22416
1342 22416 27799
22416 1342 27799
8818 21335 22312
21335 8818 22312
22312 8818 21335
13833 10185 28175
10185 13833 28175
28175 10185 13833
1819 22031 28764
28764 1819 22031
22031 1819 28764
7035 3137 12340
12340 3137 7035
3137 7035 12340
9062 9653 28599
28599 9062 9653
9653 9062 28599
15338 1573 16467
16467 1573 15338
1573 15338 16467
14894 1092 13734
1092 13734 14894
13734 1092 14894
2904 11275 13541
13541 2904 11275
11275 2904 13541
10286 13393 24581
24581 10286 13393
13393 10286 24581
19283 6029 19476
6029 19283 19476
19476 6029 19283
26889 6381 10805
6381 10805 26889
10805 6381 26889
9205 5267 12127
12127 5267 9205
5267 9205 12127
19399 11438 27801
27801 11438 19399
11438 19399 27801
7386 9807 22545
22545 7386 9807
9807 7386 22545
16671 7194 24760
7194 16671 24760
24760 7194 16671
7600 10687 22425
10687 7600 22425
22425 7600 10687
15201 14474 25944
25944 14474 15201
14474 15201 25944
14792 9746 12401
9746 12401 14792
12401 9746 14792
14046 14201 18192
14201 14046 18192
18192 14046 14201
29233 1464 28863
1464 28863 29233
28863 1464 29233
16528 16334 24124
16334 16528 24124
24124 16334 16528
14842 19271 27290
19271 14842 27290
27290 14842 19271
8564 6887 28889
6887 8564 28889
28889 6887 8564
18273 14024 25680
14024 18273 25680
25680 14024 18273
14591 12860 24309
24309 12860 14591
12860 14591 24309
2434 10342 15245
10342 2434 15245
15245 2434 10342
1693 300 1905
1905 300 1693
300 1693 1905
14068 7439 15687
7439 14068 15687
15687 7439 14068
14168 1130 11486
1130 11486 14168
11486 1130 14168
27594 15047 20122
15047 20122 27594
20122 15047 27594
24511 20594 28192
28192 20594 24511
20594 24511 28192
1206 17623 23452
17623 1206 23452
23452 1206 17623
2334 3509 17097
17097 2334 3509
3509 2334 17097
14735 7579 22952
22952 7579 14735
7579 14735 22952
9609 11915 17746
17746 9609 11915
11915 9609 17746
6280 2629 9832
9832 2629 6280
2629 6280 9832
23885 7432 10490
7432 10490 23885
10490 7432 23885
21749 6197 24604
24604 6197 21749
6197 21749 24604
17615 1560 5785
5785 1560 17615
1560 5785 17615
1594 8883 16958
16958 1594 8883
8883 1594 16958
6653 10242 16358
16358 6653 10242
10242 6653 16358
10622 18816 25358
25358 10622 18816
18816 10622 25358
15524 14752 26501
14752 15524 26501
26501 14752 15524
22834 784 9856
784 9856 22834
9856 784 22834
168 7479 8900
8900 168 7479
7479 168 8900
10843 372 29986
29986 372 10843
372 10843 29986
10234 6163 9654
6163 9654 10234
9654 6163 10234
12549 14935 22166
22166 12549 14935
14935 12549 22166
28478 6011 19637
6011 19637 28478
19637 6011 28478
21466 8763 27292
8763 21466 27292
27292 8763 21466
24453 24682 27941
27941 24453 24682
24682 24453 27941
7925 1361 22534
1361 7925 22534
22534 1361 7925
19742 1549 7080
1549 7080 19742
7080 1549 19742
28782 5467 14567
5467 14567 28782
14567 5467 28782
26032 16790 24930
16790 24930 26032
24930 16790 26032
7816 18454 27158
18454 7816 27158
27158 7816 18454
28124 3303 5947
5947 3303 28124
3303 5947 28124
3207 17699 22060
22060 3207 17699
17699 3207 22060
16961 2150 25683
2150 16961 25683
25683 2150 16961
1117 2146 29704
2146 1117 29704
29704 1117 2146
6201 2567 21997
2567 6201 21997
21997 2567 6201
8332 10993 13248
10993 8332 13248
13248 8332 10993
7034 10152 17035
10152 7034 17035
17035 7034 10152
1748 10749 10817
10817 1748 10749
10749 1748 10817
22422 536 9210
9210 536 22422
536 9210 22422
435 15918 22905
22905 435 15918
15918 435 22905
29364 2173 3459
3459 2173 29364
2173 3459 29364
18291 10431 27622
10431 18291 27622
27622 10431 18291
14042 28593 29951
29951 14042 28593
28593 14042 29951
21284 12187 17330
17330 12187 21284
12187 17330 21284
23766 19318 28828
28828 19318 23766
19318 23766 28828
26259 12126 22515
22515 12126 26259
12126 22515 26259
17469 9316 27245
9316 17469 27245
27245 9316 17469
24714 3357 11469
3357 11469 24714
11469 3357 24714
3997 9565 17935
17935 3997 9565
9565 3997 17935
8342 822 8738
822 8342 8738
8738 822 8342
1354 1627 3281
3281 1354 1627
1627 1354 3281
6911 6250 9070
6250 6911 9070
9070 6250 6911
8220 4557 12563
12563 4557 8220
4557 8220 12563
16735 16609 21512
16609 16735 21512
21512 16609 16735
23404 2651 9333
9333 2651 23404
2651 9333 23404
22027 1585 21469
21469 1585 22027
1585 21469 22027
8123 2660 28433
28433 2660 8123
2660 8123 28433
18552 1471 11099
11099 1471 18552
1471 11099 18552
14991 2846 18382
2846 14991 18382
18382 2846 14991
15262 1243 22569
22569 1243 15262
1243 15262 22569
10327 3992 5303
5303 3992 10327
3992 5303 10327
8465 15337 27955
27955 8465 15337
15337 8465 27955
10238 11749 19140
19140 10238 11749
11749 10238 19140
27433 8607 10120
10120 8607 27433
8607 10120 27433
1435 7587 20101
20101 1435 7587
7587 1435 20101
6106 16507 26475
26475 6106 16507
16507 6106 26475
11266 8803 12237
12237 8803 11266
8803 11266 12237
18926 4664 11575
4664 11575 18926
11575 4664 18926
1456 9672 18594
18594 1456 9672
9672 1456 18594
13113 16097 23109
23109 13113 16097
16097 13113 23109
887 11981 12637
12637 887 11981
11981 887 12637
14282 14592 17975
17975 14282 14592
14592 14282 17975
10141 2526 25748
25748 2526 10141
2526 10141 25748
28938 4499 8157
8157 4499 28938
4499 8157 28938
10007 3143 7289
7289 3143 10007
3143 7289 10007
24069 27228 29455
29455 24069 27228
27228 24069 29455
20384 2172 13170
13170 2172 20384
2172 13170 20384
28566 5602 12345
12345 5602 28566
5602 12345 28566
1825 3105 23144
3105 1825 23144
23144 1825 3105
11736 10638 18543
18543 10638 11736
10638 11736 18543
26039 5011 11195
5011 11195 26039
11195 5011 26039
13011 7892 10742
7892 10742 13011
10742 7892 13011
21045 3780 22363
3780 21045 22363
22363 3780 21045
10273 2981 23388
23388 2981 10273
2981 10273 23388
19887 19356 19900
19356 19887 19900
19900 19356 19887
3457 21307 25716
25716 3457 21307
21307 3457 25716
3600 903 2343
903 2343 3600
2343 903 3600
4036 5019 13057
5019 4036 13057
13057 4036 5019
10027 12858 16119
16119 10027 12858
12858 10027 16119
29111 17297 18144
18144 17297 29111
17297 18144 29111
1111 20780 22426
22426 1111 20780
20780 1111 22426
23695 8496 24702
8496 23695 24702
24702 8496 23695
20252 8572 22741
22741 8572 20252
8572 20252 22741
10741 10802 16761
10802 10741 16761
16761 10741 10802
1543 26953 28841
26953 1543 28841
28841 1543 26953
16140 15852 20219
15852 16140 20219
20219 15852 16140
14061 768 17713
17713 768 14061
768 14061 17713
7616 9755 15363
9755 7616 15363
15363 7616 9755
17064 11685 29640
11685 17064 29640
29640 11685 17064
23046 13134 17790
17790 13134 23046
13134 17790 23046
19674 12456 12979
12456 12979 19674
12979 12456 19674
5352 2570 14849
14849 2570 5352
2570 5352 14849
29020 23568 26601
23568 26601 29020
26601 23568 29020
11857 17646 22892
17646 11857 22892
22892 11857 17646
10620 2272 29613
29613 2272 10620
2272 10620 29613
3033 2 15387
2 3033 15387
15387 2 3033
25923 9424 19145
9424 19145 25923
19145 9424 25923
12812 5551 22598
5551 12812 22598
22598 5551 12812
29012 5376 16163
16163 5376 29012
5376 16163 29012
1445 11763 13918
11763 1445 13918
13918 1445 11763
17426 21937 26952
26952 17426 21937
21937 17426 26952
2757 13373 15773
15773 2757 13373
13373 2757 15773
23216 9530 22447
9530 22447 23216
22447 9530 23216
20581 19802 27519
27519 19802 20581
19802 20581 27519
28237 14121 22411
22411 14121 28237
14121 22411 28237
27256 3373 15027
3373 15027 27256
15027 3373 27256
2207 137 15235
15235 137 2207
137 2207 15235
1176 85 28774
28774 85 1176
85 1176 28774
27135 21383 27232
21383 27135 27232
27232 21383 27135
1950 2484 21988
2484 1950 21988
21988 1950 2484
4487 8136 14351
14351 4487 8136
8136 4487 14351
12752 17101 27374
17101 12752 27374
27374 12752 17101
22040 10798 17208
17208 10798 22040
10798 17208 22040
10178 2293 20480
2293 10178 20480
20480 2293 10178
28416 17419 29738
17419 28416 29738
29738 17419 28416
3743 14090 17384
17384 3743 14090
14090 3743 17384
12605 20315 29492
20315 12605 29492
29492 12605 20315
1149 13049 28457
28457 1149 13049
13049 1149 28457
17344 18984 20773
18984 17344 20773
20773 17344 18984
18545 1553 21583
21583 1553 18545
1553 18545 21583
860 11869 20162
11869 860 20162
20162 860 11869
515 16593 29175
29175 515 16593
16593 515 29175
28512 15527 25651
25651 15527 28512
15527 25651 28512
17135 10985 29545
10985 17135 29545
29545 10985 17135
11006 1170 10974
10974 1170 11006
1170 10974 11006
15665 980 28160
28160 980 15665
980 15665 28160
10237 18993 26223
18993 10237 26223
26223 10237 18993
25348 843 24834
24834 843 25348
843 24834 25348
318 6989 11690
11690 318 6989
6989 318 11690
29945 1763 16966
16966 1763 29945
1763 16966 29945
4862 14439 23188
14439 4862 23188
23188 4862 14439
27616 22406 28174
22406 27616 28174
28174 22406 27616
19609 13185 15057
13185 15057 19609
15057 13185 19609
20452 12897 14635
14635 12897 20452
12897 14635 20452
20729 7083 27527
7083 20729 27527
27527 7083 20729
26870 13341 16018
13341 16018 26870
16018 13341 26870
24414 22546 24452
22546 24414 24452
24452 22546 24414
10573 9994 28110
9994 10573 28110
28110 9994 10573
9134 20377 24064
24064 9134 20377
20377 9134 24064
23455 1845 23767
1845 23455 23767
23767 1845 23455
23979 18197 29238
18197 23979 29238
29238 18197 23979
25023 5247 5988
5247 5988 25023
5988 5247 25023
28771 7274 20726
20726 7274 28771
7274 20726 28771
8747 5816 19032
19032 5816 8747
5816 8747 19032
22972 5478 12611
5478 12611 22972
12611 5478 22972
19748 21931 22023
21931 19748 22023
22023 19748 21931
14987 3289 9661
9661 3289 14987
3289 9661 14987
1215 6585 26095
26095 1215 6585
6585 1215 26095
13937 10548 15964
10548 13937 15964
15964 10548 13937
14618 6697 14109
14109 6697 14618
6697 14109 14618
24655 8294 12070
8294 12070 24655
12070 8294 24655
1337 14636 16388
14636 1337 16388
16388 1337 14636
22415 17028 25815
25815 17028 22415
17028 22415 25815
22869 7972 24392
24392 7972 22869
7972 22869 24392
13375 11951 26486
11951 13375 26486
26486 11951 13375
2887 1923 24321
24321 1923 2887
1923 2887 24321
7258 6042 22945
22945 6042 7258
6042 7258 22945
3792 11945 24743
11945 3792 24743
24743 3792 11945
5567 11074 24738
24738 5567 11074
11074 5567 24738
1625 11468 28306
28306 1625 11468
11468 1625 28306
8625 5967 13774
13774 5967 8625
5967 8625 13774
3140 7914 22857
22857 3140 7914
7914 3140 22857
23137 555 17628
17628 555 23137
555 17628 23137
24443 6261 17757
17757 6261 24443
6261 17757 24443
7710 14220 22130
14220 7710 22130
22130 7710 14220
12937 15779 27547
27547 12937 15779
15779 12937 27547
28185 8027 23666
23666 8027 28185
8027 23666 28185
29388 4294 25574
25574 4294 29388
4294 25574 29388
3936 4782 29189
4782 3936 29189
29189 3936 4782
25351 15146 23601
15146 23601 25351
23601 15146 25351
26161 5093 11342
5093 11342 26161
11342 5093 26161
28854 1961 6803
6803 1961 28854
1961 6803 28854
15013 14350 29459
29459 14350 15013
14350 15013 29459
16205 13058 21281
13058 16205 21281
21281 13058 16205
12169 3416 10012
10012 3416 12169
3416 10012 12169
22185 8130 29686
8130 22185 29686
29686 8130 22185
2664 10170 26104
10170 2664 26104
26104 2664 10170
24705 10769 21098
10769 21098 24705
21098 10769 24705
26042 18853 22291
22291 18853 26042
18853 22291 26042
23631 8153 18933
8153 18933 23631
18933 8153 23631
21503 25504 29039
29039 21503 25504
25504 21503 29039
27173 5375 20962
5375 20962 27173
20962 5375 27173
21079 17555 29540
17555 21079 29540
29540 17555 21079
22398 13155 21811
21811 13155 22398
13155 21811 22398
29333 136 9336
9336 136 29333
136 9336 29333
28395 10509 21909
10509 21909 28395
21909 10509 28395
2717 12297 21212
12297 2717 21212
21212 2717 12297
5145 2555 6496
6496 2555 5145
2555 5145 6496
25353 704 4684
4684 704 25353
704 4684 25353
10137 12131 26722
26722 10137 12131
12131 10137 26722
17479 2805 14359
2805 14359 17479
14359 2805 17479
2701 8875 17857
17857 2701 8875
8875 2701 17857
5301 15017 22403
15017 5301 22403
22403 5301 15017
2508 11513 23344
23344 2508 11513
11513 2508 23344
21426 19785 22552
19785 21426 22552
22552 19785 21426
20611 9122 26983
26983 9122 20611
9122 20611 26983
25922 13171 22256
13171 22256 25922
22256 13171 25922
195 13503 17141
13503 195 17141
17141 195 13503
16726 14701 24558
14701 16726 24558
24558 14701 16726
17331 9662 11044
9662 11044 17331
11044 9662 17331
7970 5294 18566
18566 5294 7970
5294 7970 18566
13772 9776 11557
9776 11557 13772
11557 9776 13772
15340 7489 18439
18439 7489 15340
7489 15340 18439
28881 22478 27861
22478 27861 28881
27861 22478 28881
25486 5637 16686
5637 16686 25486
16686 5637 25486
16873 2564 9358
2564 9358 16873
9358 2564 16873
1714 1167 16081
1167 1714 16081
16081 1167 1714
24009 6714 29410
6714 24009 29410
29410 6714 24009
21400 874 22467
22467 874 21400
874 21400 22467
18866 11333 11689
11689 11333 18866
11333 11689 18866
25412 15197 16220
16220 15197 25412
15197 16220 25412
26690 5885 27774
5885 26690 27774
27774 5885 26690
29772 2841 17086
17086 2841 29772
2841 17086 29772
24096 18808 22562
18808 22562 24096
22562 18808 24096
4493 8074 22216
8074 4493 22216
22216 4493 8074
12254 163 29429
163 12254 29429
29429 163 12254
27812 19688 25274
19688 25274 27812
25274 19688 27812
28115 12846 22929
12846 22929 28115
22929 12846 28115
10623 8387 18850
8387 10623 18850
18850 8387 10623
7177 14809 19843
14809 7177 19843
19843 7177 14809
359 17458 23871
23871 359 17458
17458 359 23871
2052 2889 17080
2889 2052 17080
17080 2052 2889
10698 3641 29323
29323 3641 10698
3641 10698 29323
3866 5327 24327
24327 3866 5327
5327 3866 24327
445 8968 13130
13130 445 8968
8968 445 13130
25665 1959 7527
7527 1959 25665
1959 7527 25665
3733 1256 14760
14760 1256 3733
1256 3733 14760
25984 4675 19906
19906 4675 25984
4675 19906 25984
2250 7819 24606
24606 2250 7819
7819 2250 24606
16836 22571 24061
22571 16836 24061
24061 16836 22571
3962 23748 26277
26277 3962 23748
23748 3962 26277
24585 1392 10598
1392 10598 24585
10598 1392 24585
6946 8034 21907
21907 6946 8034
8034 6946 21907
884 25932 29977
29977 884 25932
25932 884 29977
13406 15424 29953
29953 13406 15424
15424 13406 29953
778 5266 11030
11030 778 5266
5266 778 11030
20822 2848 28352
2848 20822 28352
28352 2848 20822
5550 16655 26734
26734 5550 16655
16655 5550 26734
19855 8959 27532
8959 19855 27532
27532 8959 19855
22179 27183 29462
27183 22179 29462
29462 22179 27183
1194 2432 12209
12209 1194 2432
2432 1194 12209
17724 1639 6065
1639 6065 17724
6065 1639 17724
29369 22503 25124
25124 22503 29369
22503 25124 29369
23933 7445 13201
13201 7445 23933
7445 13201 23933
178 13271 22303
13271 178 22303
22303 178 13271
19572 2405 13648
13648 2405 19572
2405 13648 19572
26562 3376 24171
24171 3376 26562
3376 24171 26562
14198 3335 14672
3335 14198 14672
14672 3335 14198
16287 23425 24619
24619 16287 23425
23425 16287 24619
24920 18770 23407
18770 23407 24920
23407 18770 24920
12529 9028 11439
9028 11439 12529
11439 9028 12529
20982 9933 16807
9933 16807 20982
16807 9933 20982
24553 7362 29426
29426 7362 24553
7362 24553 29426
15908 20628 23474
23474 15908 20628
20628 15908 23474
2507 6917 10892
6917 2507 10892
10892 2507 6917
23691 18497 18750
18497 18750 23691
18750 18497 23691
21857 9332 9461
9332 9461 21857
9461 9332 21857
27495 13492 26969
13492 26969 27495
26969 13492 27495
15834 6723 21230
21230 6723 15834
6723 15834 21230
28550 7778 11994
7778 11994 28550
11994 7778 28550
9235 8014 8362
8014 8362 9235
8362 8014 9235
28050 409 12142
12142 409 28050
409 12142 28050
22378 18386 21185
21185 18386 22378
18386 21185 22378
9183 9288 24180
24180 9183 9288
9288 9183 24180
7837 11183 26109
26109 7837 11183
11183 7837 26109
7156 1472 28763
28763 1472 7156
1472 7156 28763
8585 4504 22213
4504 8585 22213
22213 4504 8585
22919 2495 10772
2495 10772 22919
10772 2495 22919
9181 11288 13668
13668 9181 11288
11288 9181 13668
2420 14699 17819
14699 2420 17819
17819 2420 14699
20951 16063 22202
16063 20951 22202
22202 16063 20951
18695 9489 24407
9489 18695 24407
24407 9489 18695
27885 11062 18741
18741 11062 27885
11062 18741 27885
18086 12374 28315
12374 18086 28315
28315 12374 18086
23482 15012 29475
