436 926 1881
1881 436 926
926 436 1881
2121 2395 2865
2395 2121 2865
2865 2121 2395
1392 1149 2772
1149 1392 2772
2772 1149 1392
1226 140 1196
1196 140 1226
140 1196 1226
2637 730 2731
2731 730 2637
730 2637 2731
1462 151 1509
151 1462 1509
1509 151 1462
34 405 2564
2564 34 405
405 34 2564
1010 676 906
906 676 1010
676 906 1010
1653 1445 1983
1983 1445 1653
1445 1653 1983
1425 437 980
980 437 1425
437 980 1425
701 508 2630
508 701 2630
2630 508 701
746 503 2136
2136 503 746
503 746 2136
565 1691 2365
1691 565 2365
2365 565 1691
1621 312 2968
2968 312 1621
312 1621 2968
2277 1096 2495
2495 1096 2277
1096 2277 2495
1433 1011 2287
1011 1433 2287
2287 1011 1433
1854 1493 1577
1577 1493 1854
1493 1577 1854
2117 975 1329
1329 975 2117
975 1329 2117
1991 1175 2071
2071 1175 1991
1175 1991 2071
462 1137 1768
1768 462 1137
1137 462 1768
1278 499 539
499 539 1278
539 499 1278
1074 116 1230
1230 116 1074
116 1074 1230
1910 177 1711
1711 177 1910
177 1711 1910
1947 2200 2541
2541 1947 2200
2200 1947 2541
352 1063 2340
2340 352 1063
1063 352 2340
1069 1121 2096
1121 1069 2096
2096 1069 1121
2573 200 2532
200 2532 2573
2532 200 2573
1389 222 2806
2806 222 1389
222 1389 2806
2979 1426 1694
1694 1426 2979
1426 1694 2979
1107 658 903
658 903 1107
903 658 1107
2715 1961 2732
1961 2715 2732
2732 1961 2715
502 84 1712
1712 84 502
84 502 1712
2997 1460 2927
2927 1460 2997
1460 2927 2997
750 686 2941
686 750 2941
2941 686 750
2323 1135 2984
1135 2323 2984
2984 1135 2323
2883 79 313
313 79 2883
79 313 2883
1251 1536 2603
1536 1251 2603
2603 1251 1536
2281 2308 2648
2308 2281 2648
2648 2281 2308
2885 346 2835
346 2835 2885
2835 346 2885
1008 253 2407
2407 253 1008
253 1008 2407
1007 57 938
57 938 1007
938 57 1007
1487 1804 2690
1804 1487 2690
2690 1487 1804
1530 475 1060
475 1060 1530
1060 475 1530
1640 1992 2036
1992 1640 2036
2036 1640 1992
199 273 1702
273 199 1702
1702 199 273
753 1304 2965
2965 753 1304
1304 753 2965
2402 979 2740
979 2402 2740
2740 979 2402
2414 397 2774
2774 397 2414
397 2414 2774
1166 587 705
587 705 1166
705 587 1166
1409 647 1645
1645 647 1409
647 1409 1645
1313 302 2147
2147 302 1313
302 1313 2147
2295 1218 1272
1272 1218 2295
1218 1272 2295
1819 228 1595
1595 228 1819
228 1595 1819
2572 2034 2857
2034 2572 2857
2857 2034 2572
1000 2176 2788
2176 1000 2788
2788 1000 2176
1718 1116 2973
1116 1718 2973
2973 1116 1718
377 1450 1955
1450 377 1955
1955 377 1450
590 1652 2170
2170 590 1652
1652 590 2170
2767 2608 2677
2608 2677 2767
2677 2608 2767
1576 193 754
754 193 1576
193 754 1576
1468 1255 1563
1563 1255 1468
1255 1468 1563
762 802 2986
2986 762 802
802 762 2986
827 1233 1431
1431 827 1233
1233 827 1431
557 149 1930
149 557 1930
1930 149 557
1336 369 2180
2180 369 1336
369 1336 2180
406 812 2724
812 406 2724
2724 406 812
2884 2074 2894
2074 2884 2894
2894 2074 2884
652 934 2776
2776 652 934
934 652 2776
144 88 2963
88 144 2963
2963 88 144
2593 47 1936
1936 47 2593
47 1936 2593
2700 314 2592
2592 314 2700
314 2592 2700
384 473 1612
473 384 1612
1612 384 473
1027 2068 2475
2068 1027 2475
2475 1027 2068
786 961 2054
961 786 2054
2054 786 961
356 448 1328
1328 356 448
448 356 1328
1767 68 107
68 107 1767
107 68 1767
1735 350 776
350 776 1735
776 350 1735
1192 348 1818
1818 348 1192
348 1192 1818
122 654 1357
1357 122 654
654 122 1357
19 1377 1430
1430 19 1377
1377 19 1430
2081 511 2162
2162 511 2081
511 2081 2162
1964 556 1131
556 1131 1964
1131 556 1964
865 49 2746
49 865 2746
2746 49 865
2789 1023 1130
1130 1023 2789
1023 1130 2789
136 1019 1470
1470 136 1019
1019 136 1470
1101 1174 1838
1838 1101 1174
1174 1101 1838
909 2238 2428
2428 909 2238
2238 909 2428
162 1048 1079
1048 162 1079
1079 162 1048
2751 631 994
994 631 2751
631 994 2751
16 806 2669
2669 16 806
806 16 2669
1323 870 2658
870 1323 2658
2658 870 1323
702 331 645
645 331 702
331 645 702
1200 1554 2450
1554 1200 2450
2450 1200 1554
2706 7 145
7 145 2706
145 7 2706
134 2441 2937
2441 134 2937
2937 134 2441
1728 326 1236
326 1236 1728
1236 326 1728
2196 1559 1704
1559 1704 2196
1704 1559 2196
822 1465 1641
1465 822 1641
1641 822 1465
780 529 2594
529 780 2594
2594 529 780
956 2418 2786
2418 956 2786
2786 956 2418
2449 554 1422
554 1422 2449
1422 554 2449
1056 698 829
829 698 1056
698 829 1056
1399 1556 1801
1801 1399 1556
1556 1399 1801
650 1370 1589
1589 650 1370
1370 650 1589
101 1960 2333
1960 101 2333
2333 101 1960
1849 176 785
785 176 1849
176 785 1849
1719 2844 2915
2844 1719 2915
2915 1719 2844
662 2558 2889
2558 662 2889
2889 662 2558
2448 434 1706
434 1706 2448
1706 434 2448
2554 1199 1325
1199 1325 2554
1325 1199 2554
373 1314 2539
2539 373 1314
1314 373 2539
1622 287 649
287 649 1622
649 287 1622
1339 634 2160
2160 634 1339
634 1339 2160
635 26 964
26 635 964
964 26 635
628 1499 2888
1499 628 2888
2888 628 1499
2726 469 546
546 469 2726
469 546 2726
2111 1778 2037
1778 2037 2111
2037 1778 2111
24 636 1146
636 24 1146
1146 24 636
186 1216 2258
1216 186 2258
2258 186 1216
989 18 1604
1604 18 989
18 989 1604
1094 1004 1288
1004 1094 1288
1288 1004 1094
1671 238 1344
1344 238 1671
238 1344 1671
1649 1152 1800
1800 1152 1649
1152 1649 1800
1252 735 2079
735 1252 2079
2079 735 1252
2662 45 61
61 45 2662
45 61 2662
327 2056 2466
2466 327 2056
2056 327 2466
2755 1169 2753
1169 2753 2755
2753 1169 2755
296 1443 2611
1443 296 2611
2611 296 1443
2664 2599 2908
2908 2599 2664
2599 2664 2908
1448 364 1874
1874 364 1448
364 1448 1874
2787 2260 2752
2752 2260 2787
2260 2752 2787
2356 607 623
623 607 2356
607 623 2356
2747 1120 1738
1738 1120 2747
1120 1738 2747
595 2126 2412
2126 595 2412
2412 595 2126
781 638 1115
638 781 1115
1115 638 781
1391 65 1894
65 1391 1894
1894 65 1391
2393 456 1824
1824 456 2393
456 1824 2393
562 922 1813
1813 562 922
922 562 1813
1454 2 2097
2097 2 1454
2 1454 2097
2265 2479 2559
2559 2265 2479
2479 2265 2559
2112 414 2612
414 2112 2612
2612 414 2112
115 1732 2557
2557 115 1732
1732 115 2557
500 789 2440
789 500 2440
2440 500 789
2242 1619 2609
1619 2242 2609
2609 1619 2242
2032 2073 2485
2073 2032 2485
2485 2032 2073
850 1164 2859
2859 850 1164
1164 850 2859
2190 359 2887
2887 359 2190
359 2190 2887
572 1241 2793
1241 572 2793
2793 572 1241
418 1631 2132
2132 418 1631
1631 418 2132
2578 1227 1354
1354 1227 2578
1227 1354 2578
2443 35 279
35 279 2443
279 35 2443
1526 876 2660
876 1526 2660
2660 876 1526
2193 2464 2562
2562 2193 2464
2464 2193 2562
2452 203 1600
1600 203 2452
203 1600 2452
2085 1024 2300
1024 2085 2300
2300 1024 2085
2427 1984 2819
1984 2427 2819
2819 1984 2427
230 532 2491
2491 230 532
532 230 2491
1648 1031 1434
1031 1434 1648
1434 1031 1648
2925 1041 2237
1041 2237 2925
2237 1041 2925
1731 1610 2904
2904 1610 1731
1610 1731 2904
1178 1503 2580
2580 1178 1503
1503 1178 2580
1155 1151 2229
2229 1151 1155
1151 1155 2229
2397 2184 2244
2184 2244 2397
2244 2184 2397
240 89 552
552 89 240
89 240 552
868 761 808
761 808 868
808 761 868
130 1170 2875
2875 130 1170
1170 130 2875
2280 11 2743
11 2280 2743
2743 11 2280
2415 170 2639
170 2415 2639
2639 170 2415
2437 1381 1545
1381 1545 2437
1545 1381 2437
187 1092 2530
1092 187 2530
2530 187 1092
1330 153 2390
2390 153 1330
153 1330 2390
983 38 483
483 38 983
38 483 983
585 591 1472
591 585 1472
1472 585 591
752 1126 1341
1126 752 1341
1341 752 1126
763 1624 2714
1624 763 2714
2714 763 1624
1761 472 1231
472 1231 1761
1231 472 1761
1347 2188 2955
2955 1347 2188
2188 1347 2955
1675 148 1825
1825 148 1675
148 1675 1825
1856 1080 2065
2065 1080 1856
1080 1856 2065
1532 1274 2439
1274 1532 2439
2439 1274 1532
2221 1699 1845
1845 1699 2221
1699 1845 2221
668 2052 2215
2052 668 2215
2215 668 2052
2723 158 856
856 158 2723
158 856 2723
947 1077 1945
1077 947 1945
1945 947 1077
1658 241 1394
241 1394 1658
1394 241 1658
2615 1369 2760
2760 1369 2615
1369 2615 2760
485 512 2665
512 485 2665
2665 485 512
2849 1862 2575
2575 1862 2849
1862 2575 2849
2302 2878 2988
2878 2302 2988
2988 2302 2878
1788 1797 2199
2199 1788 1797
1797 1788 2199
1656 661 2620
2620 661 1656
661 1656 2620
1817 1180 2122
2122 1180 1817
1180 1817 2122
2311 859 2995
2995 859 2311
859 2311 2995
42 2192 2253
2192 42 2253
2253 42 2192
1581 946 2223
946 1581 2223
2223 946 1581
1484 688 2720
688 1484 2720
2720 688 1484
242 1145 1201
1145 242 1201
1201 242 1145
380 191 2255
2255 191 380
191 380 2255
1398 439 2330
439 1398 2330
2330 439 1398
2616 877 1547
1547 877 2616
877 1547 2616
1477 828 1859
1859 828 1477
828 1477 1859
2816 75 2570
2570 75 2816
75 2570 2816
1269 1976 2795
2795 1269 1976
1976 1269 2795
438 1912 1937
1937 438 1912
1912 438 1937
2197 1690 2952
2952 1690 2197
1690 2197 2952
125 542 2962
2962 125 542
542 125 2962
2284 1497 2536
2536 1497 2284
1497 2284 2536
893 476 1549
476 893 1549
1549 476 893
2153 860 1927
1927 860 2153
860 1927 2153
612 1283 2546
1283 612 2546
2546 612 1283
2980 1012 1873
1873 1012 2980
1012 1873 2980
2159 567 1553
567 1553 2159
1553 567 2159
2218 758 2358
758 2218 2358
2358 758 2218
2585 2499 2736
2736 2499 2585
2499 2585 2736
1796 1368 2294
1368 1796 2294
2294 1368 1796
2725 2289 2357
2357 2289 2725
2289 2357 2725
1990 167 1967
1967 167 1990
167 1967 1990
2270 220 1403
220 1403 2270
1403 220 2270
30 501 1639
1639 30 501
501 30 1639
527 515 2137
515 527 2137
2137 515 527
10 819 1287
819 10 1287
1287 10 819
1076 1432 1970
1970 1076 1432
1432 1076 1970
433 372 1741
372 433 1741
1741 372 433
1792 2053 2207
2053 1792 2207
2207 1792 2053
2831 56 614
56 614 2831
614 56 2831
505 334 2848
334 505 2848
2848 334 505
286 202 1483
202 286 1483
1483 202 286
1670 977 2157
2157 977 1670
977 1670 2157
2645 1089 1373
1089 1373 2645
1373 1089 2645
1523 1054 1597
1054 1523 1597
1597 1054 1523
1959 58 316
316 58 1959
58 316 1959
2262 73 1075
1075 73 2262
73 1075 2262
2273 2245 2314
2245 2273 2314
2314 2245 2273
2051 602 2728
602 2051 2728
2728 602 2051
555 1402 1419
1419 555 1402
1402 555 1419
692 836 1892
1892 692 836
836 692 1892
1132 392 1306
392 1132 1306
1306 392 1132
1364 2050 2556
2556 1364 2050
2050 1364 2556
215 1342 2870
2870 215 1342
1342 215 2870
1029 1745 2460
1745 1029 2460
2460 1029 1745
1125 270 2718
270 1125 2718
2718 270 1125
2656 966 1305
1305 966 2656
966 1305 2656
2002 890 2087
890 2002 2087
2087 890 2002
1773 2372 2823
2823 1773 2372
2372 1773 2823
1212 175 2226
2226 175 1212
175 1212 2226
2770 3 494
3 494 2770
494 3 2770
1664 1025 2565
2565 1025 1664
1025 1664 2565
1455 2166 2902
2902 1455 2166
2166 1455 2902
577 470 2336
470 577 2336
2336 470 577
1678 250 586
250 586 1678
586 250 1678
1280 1437 1438
1437 1280 1438
1438 1280 1437
1277 1587 2785
2785 1277 1587
1587 1277 2785
2013 576 1853
576 1853 2013
1853 576 2013
1951 450 2416
2416 450 1951
450 1951 2416
613 1617 2663
1617 613 2663
2663 613 1617
2622 382 2576
382 2576 2622
2576 382 2622
311 1228 1411
1411 311 1228
1228 311 1411
181 1871 2807
1871 181 2807
2807 181 1871
879 1311 2228
1311 879 2228
2228 879 1311
1603 1816 2577
2577 1603 1816
1816 1603 2577
1822 689 2810
689 1822 2810
2810 689 1822
2775 954 2151
954 2151 2775
2151 954 2775
1515 2566 2647
2647 1515 2566
2566 1515 2647
161 627 2254
2254 161 627
627 161 2254
355 2006 2468
2006 355 2468
2468 355 2006
2224 419 2329
2329 419 2224
419 2224 2329
2445 32 105
32 105 2445
105 32 2445
2682 2492 2798
2798 2492 2682
2492 2682 2798
680 141 447
447 141 680
141 447 680
2161 993 2586
2586 993 2161
993 2161 2586
665 430 1340
430 665 1340
1340 430 665
545 150 1697
1697 150 545
150 545 1697
156 899 2940
2940 156 899
899 156 2940
2476 129 321
129 321 2476
321 129 2476
2791 1273 2598
2598 1273 2791
1273 2598 2791
571 594 1756
594 571 1756
1756 571 594
1946 1327 1574
1327 1574 1946
1574 1327 1946
1555 1823 2893
1823 1555 2893
2893 1555 1823
330 50 385
50 330 385
385 50 330
2513 2738 2837
2738 2513 2837
2837 2513 2738
2825 684 2886
2886 684 2825
684 2825 2886
1913 950 1883
950 1883 1913
1883 950 1913
2839 1564 2834
2834 1564 2839
1564 2834 2839
74 2434 2708
2708 74 2434
2434 74 2708
581 1217 1253
1253 581 1217
1217 581 1253
1666 520 2590
520 1666 2590
2590 520 1666
2389 839 2523
2523 839 2389
839 2389 2523
2387 1540 2524
1540 2387 2524
2524 1540 2387
1335 285 1692
1692 285 1335
285 1335 1692
455 2882 2959
2882 455 2959
2959 455 2882
2528 1696 2502
1696 2502 2528
2502 1696 2528
955 514 2331
514 955 2331
2331 514 955
1591 1809 2442
2442 1591 1809
1809 1591 2442
2373 81 1771
81 1771 2373
1771 81 2373
1654 1407 1679
1679 1407 1654
1407 1654 1679
1049 765 2403
2403 765 1049
765 1049 2403
1271 1770 2914
1770 1271 2914
2914 1271 1770
795 265 663
265 663 795
663 265 795
92 2766 2993
2766 92 2993
2993 92 2766
12 700 2506
2506 12 700
700 12 2506
254 1190 1903
1190 254 1903
1903 254 1190
1498 1393 1607
1393 1498 1607
1607 1393 1498
2411 1030 1219
1219 1030 2411
1030 1219 2411
1754 131 2251
131 1754 2251
2251 131 1754
2574 2552 2721
2552 2574 2721
2721 2552 2574
1400 633 2512
633 1400 2512
2512 633 1400
194 487 714
487 194 714
714 194 487
76 1045 2179
2179 76 1045
1045 76 2179
2371 1461 2540
1461 2371 2540
2540 1461 2371
1467 317 1383
1383 317 1467
317 1383 1467
2058 629 2234
629 2058 2234
2234 629 2058
143 682 2325
2325 143 682
682 143 2325
534 561 1705
561 534 1705
1705 534 561
1527 672 1807
672 1527 1807
1807 672 1527
2763 681 2909
681 2763 2909
2909 681 2763
2701 1249 2481
2481 1249 2701
1249 2481 2701
1791 2305 2809
2305 1791 2809
2809 1791 2305
1880 2306 2769
2306 1880 2769
2769 1880 2306
111 41 393
393 41 111
41 111 393
813 2673 2813
2813 813 2673
2673 813 2813
2983 2355 2942
2355 2942 2983
2942 2355 2983
2750 2643 2836
2836 2643 2750
2643 2750 2836
293 374 817
817 293 374
374 293 817
2782 1940 2935
2935 1940 2782
1940 2782 2935
712 1202 1387
1202 712 1387
1387 712 1202
2488 1351 2332
2332 1351 2488
1351 2332 2488
400 625 1016
1016 400 625
625 400 1016
2967 1376 2266
2266 1376 2967
1376 2266 2967
516 998 2158
2158 516 998
998 516 2158
2131 1179 2018
1179 2018 2131
2018 1179 2131
1073 1451 2847
2847 1073 1451
1451 1073 2847
706 78 262
262 78 706
78 262 706
2293 1529 2817
2817 1529 2293
1529 2293 2817
1385 280 536
280 536 1385
536 280 1385
2661 1504 2271
2271 1504 2661
1504 2271 2661
1036 1721 2569
2569 1036 1721
1721 1036 2569
204 324 445
445 204 324
324 204 445
2349 353 2827
2827 353 2349
353 2349 2827
2868 1081 1847
1847 1081 2868
1081 1847 2868
383 378 1318
378 383 1318
1318 378 383
2707 2748 2950
2748 2707 2950
2950 2707 2748
1148 1736 2879
2879 1148 1736
1736 1148 2879
1550 422 2454
422 1550 2454
2454 422 1550
749 1805 2866
2866 749 1805
1805 749 2866
165 1848 2644
1848 165 2644
2644 165 1848
171 996 2163
996 171 2163
2163 171 996
941 699 883
883 699 941
699 883 941
248 809 2430
2430 248 809
809 248 2430
2918 407 2048
407 2048 2918
2048 407 2918
2433 657 2338
657 2338 2433
2338 657 2433
537 895 1047
1047 537 895
895 537 1047
2756 169 2396
169 2396 2756
2396 169 2756
1726 164 2858
2858 164 1726
164 1726 2858
2517 768 1953
768 1953 2517
1953 768 2517
1098 1312 2842
1312 1098 2842
2842 1098 1312
1458 431 2171
2171 431 1458
431 1458 2171
1939 2461 2771
2461 1939 2771
2771 1939 2461
1877 709 2178
2178 709 1877
709 1877 2178
1684 206 1915
1915 206 1684
206 1684 1915
1204 1594 1918
1918 1204 1594
1594 1204 1918
1442 573 894
894 573 1442
573 894 1442
1165 351 1717
1717 351 1165
351 1165 1717
2059 219 2482
2482 219 2059
219 2059 2482
2070 1388 1479
1388 1479 2070
1479 1388 2070
2917 544 1812
1812 544 2917
544 1812 2917
1931 1882 2490
1882 1931 2490
2490 1882 1931
290 2267 2851
2267 290 2851
2851 290 2267
1830 362 621
362 621 1830
621 362 1830
2135 891 2297
2297 891 2135
891 2135 2297
2668 1286 2043
1286 2043 2668
2043 1286 2668
1893 198 258
258 198 1893
198 258 1893
986 371 2719
371 986 2719
2719 371 986
2801 2041 2754
2041 2754 2801
2754 2041 2801
1644 2777 2873
2777 1644 2873
2873 1644 2777
690 796 2749
2749 690 796
796 690 2749
884 1680 2654
2654 884 1680
1680 884 2654
1003 173 2129
173 1003 2129
2129 173 1003
1061 1821 2017
2017 1061 1821
1821 1061 2017
541 600 1841
1841 541 600
600 541 1841
513 1501 1972
1972 513 1501
1501 513 1972
1302 769 1343
769 1302 1343
1343 769 1302
2259 113 1772
1772 113 2259
113 1772 2259
1537 1926 2269
2269 1537 1926
1926 1537 2269
1350 771 1784
771 1350 1784
1784 771 1350
984 2243 2381
2381 984 2243
2243 984 2381
703 1435 1533
1533 703 1435
1435 703 1533
1506 851 1925
851 1506 1925
1925 851 1506
1418 707 1710
1710 707 1418
707 1418 1710
1173 91 2217
91 1173 2217
2217 91 1173
1851 985 2898
985 1851 2898
2898 985 1851
1510 568 2394
568 1510 2394
2394 568 1510
1811 842 1215
1215 842 1811
842 1215 1811
589 108 1921
1921 108 589
108 589 1921
2019 873 2800
873 2019 2800
2800 873 2019
990 651 2045
2045 651 990
651 990 2045
2843 2212 2216
2216 2212 2843
2212 2216 2843
888 1473 2049
2049 888 1473
1473 888 2049
188 2106 2727
2106 188 2727
2727 188 2106
2144 1360 1562
1562 1360 2144
1360 1562 2144
2405 423 538
538 423 2405
423 538 2405
1974 1514 1663
1663 1514 1974
1514 1663 1974
23 1234 2900
2900 23 1234
1234 23 2900
1123 120 2382
2382 120 1123
120 1123 2382
759 9 1128
1128 9 759
9 759 1128
2257 1193 2987
2987 1193 2257
1193 2257 2987
1900 580 1235
580 1235 1900
1235 580 1900
2334 2298 2625
2298 2334 2625
2625 2298 2334
2929 1750 2413
2413 1750 2929
1750 2413 2929
2426 2483 2671
2671 2426 2483
2483 2426 2671
1084 1965 2353
1965 1084 2353
2353 1084 1965
1356 1156 1548
1156 1356 1548
1548 1156 1356
2401 1839 2435
1839 2401 2435
2435 1839 2401
1511 1834 2717
1834 1511 2717
2717 1511 1834
103 693 862
862 103 693
693 103 862
1296 578 588
578 588 1296
588 578 1296
2138 949 1140
1140 949 2138
949 1140 2138
2275 1531 1973
1531 1973 2275
1973 1531 2275
2568 2833 2863
2833 2568 2863
2863 2568 2833
2762 778 811
811 778 2762
778 811 2762
549 288 1141
1141 288 549
288 549 1141
1050 15 603
15 603 1050
603 15 1050
2527 915 1181
915 1181 2527
1181 915 2527
1541 1122 1496
1496 1122 1541
1122 1496 1541
2856 344 460
460 344 2856
344 460 2856
481 792 1743
1743 481 792
792 481 1743
2420 454 2146
2146 454 2420
454 2146 2420
424 667 999
999 424 667
667 424 999
233 670 1578
670 233 1578
1578 233 670
2474 1211 1583
1583 1211 2474
1211 1583 2474
1319 837 2711
2711 837 1319
837 1319 2711
840 1260 2377
1260 840 2377
2377 840 1260
387 398 2735
398 387 2735
2735 387 398
2704 959 2758
959 2704 2758
2758 959 2704
892 25 1478
1478 25 892
25 892 1478
1981 886 1982
886 1981 1982
1982 886 1981
2520 2142 2155
2142 2155 2520
2155 2142 2520
794 1630 2186
1630 794 2186
2186 794 1630
2797 2047 2811
2047 2797 2811
2811 2047 2797
2191 528 1969
1969 528 2191
528 1969 2191
1601 1429 1942
1942 1429 1601
1429 1601 1942
2529 855 2607
855 2529 2607
2607 855 2529
969 605 905
605 905 969
905 605 969
2547 2597 2689
2689 2547 2597
2597 2547 2689
2812 201 2209
201 2209 2812
2209 201 2812
1635 726 2978
2978 726 1635
726 1635 2978
1309 166 271
271 166 1309
166 271 1309
897 301 2035
301 897 2035
2035 301 897
60 1187 2165
1187 60 2165
2165 60 1187
185 772 2829
772 185 2829
2829 185 772
1895 1943 1978
1978 1895 1943
1943 1895 1978
814 1889 2000
1889 814 2000
2000 814 1889
564 1384 2292
2292 564 1384
1384 564 2292
1267 2383 2487
2487 1267 2383
2383 1267 2487
126 1933 2989
1933 126 2989
2989 126 1933
1038 777 2951
777 1038 2951
2951 777 1038
1829 259 2003
259 1829 2003
2003 259 1829
1264 274 2579
274 1264 2579
2579 274 1264
951 861 1082
1082 861 951
861 951 1082
1086 1386 1852
1386 1086 1852
1852 1086 1386
1268 2168 2796
2168 1268 2796
2796 1268 2168
1876 2091 2581
2091 1876 2581
2581 1876 2091
1352 1486 1888
1888 1352 1486
1486 1352 1888
458 2214 2845
2214 458 2845
2845 458 2214
2083 1632 2156
2156 1632 2083
1632 2083 2156
1922 211 2213
2213 211 1922
211 1922 2213
1579 801 2605
801 1579 2605
2605 801 1579
1685 871 2869
2869 871 1685
871 1685 2869
2480 2211 2650
2650 2211 2480
2211 2480 2650
524 1001 2742
2742 524 1001
1001 524 2742
995 278 291
291 278 995
278 291 995
2239 267 2388
2388 267 2239
267 2239 2388
190 299 1372
299 190 1372
1372 190 299
363 1163 1677
1163 363 1677
1677 363 1163
245 1447 2378
1447 245 2378
2378 245 1447
13 2248 2463
2463 13 2248
2248 13 2463
1657 464 2296
2296 464 1657
464 1657 2296
2354 592 694
592 694 2354
694 592 2354
63 675 2600
2600 63 675
675 63 2600
1102 496 2299
496 1102 2299
2299 496 1102
1440 1066 2734
2734 1066 1440
1066 1440 2734
252 823 2659
2659 252 823
823 252 2659
2078 2220 2509
2220 2078 2509
2509 2078 2220
256 1259 1905
1259 256 1905
1905 256 1259
2060 2291 2436
2436 2060 2291
2291 2060 2436
639 2341 2688
2341 639 2688
2688 639 2341
479 1528 2589
1528 479 2589
2589 479 1528
119 22 2205
2205 22 119
22 119 2205
264 683 2934
683 264 2934
2934 264 683
184 1171 1911
1171 184 1911
1911 184 1171
1688 217 940
940 217 1688
217 940 1688
1928 1627 2088
1627 1928 2088
2088 1627 1928
1507 1051 2206
2206 1051 1507
1051 1507 2206
51 444 2657
444 51 2657
2657 51 444
1453 2634 2694
2634 1453 2694
2694 1453 2634
2838 1744 2990
2990 1744 2838
1744 2838 2990
62 685 1208
1208 62 685
685 62 1208
1896 1108 2584
2584 1108 1896
1108 1896 2584
1055 937 1182
1182 937 1055
937 1055 1182
962 224 2039
224 962 2039
2039 224 962
420 734 1567
734 420 1567
1567 420 734
152 139 1308
139 152 1308
1308 139 152
2826 2366 2640
2640 2366 2826
2366 2640 2826
349 1408 2444
2444 349 1408
1408 349 2444
1091 1348 1833
1833 1091 1348
1348 1091 1833
2924 232 2350
2350 232 2924
232 2350 2924
1571 2182 2815
2182 1571 2815
2815 1571 2182
1998 1191 1299
1299 1191 1998
1191 1299 1998
1777 656 2093
2093 656 1777
656 1777 2093
646 491 611
611 491 646
491 611 646
1469 294 1508
1508 294 1469
294 1469 1508
55 1310 1709
1709 55 1310
1310 55 1709
235 427 1118
1118 235 427
427 235 1118
128 779 1977
779 128 1977
1977 128 779
2007 518 1412
1412 518 2007
518 1412 2007
168 216 1238
216 168 1238
1238 168 216
1611 725 1361
1361 725 1611
725 1361 1611
2920 522 2896
522 2896 2920
2896 522 2920
2897 428 2619
428 2619 2897
2619 428 2897
2473 490 2946
490 2473 2946
2946 490 2473
793 1039 2115
2115 793 1039
1039 793 2115
1917 1596 2408
1596 1917 2408
2408 1596 1917
1057 172 1464
172 1057 1464
1464 172 1057
1669 2551 2567
2567 1669 2551
2551 1669 2567
2082 1500 2549
2549 1500 2082
1500 2082 2549
2379 2282 2911
2911 2282 2379
2282 2379 2911
2360 1366 2335
2335 1366 2360
1366 2335 2360
2684 928 2880
928 2684 2880
2880 928 2684
1028 2667 2874
2667 1028 2874
2874 1028 2667
1734 601 1575
1575 601 1734
601 1575 1734
2307 519 1103
519 1103 2307
1103 519 2307
261 858 1026
1026 261 858
858 261 1026
2100 2012 2120
2120 2012 2100
2012 2100 2120
2278 133 968
133 968 2278
968 133 2278
2235 159 1748
1748 159 2235
159 1748 2235
2730 1794 2455
2455 1794 2730
1794 2455 2730
608 1337 2133
2133 608 1337
1337 608 2133
381 917 1320
917 381 1320
1320 381 917
466 788 2057
788 466 2057
2057 466 788
695 697 1952
697 695 1952
1952 695 697
716 669 1538
1538 669 716
669 716 1538
2348 2029 2949
2029 2348 2949
2949 2029 2348
231 1332 2494
2494 231 1332
1332 231 2494
1375 1826 1920
1826 1375 1920
1920 1375 1826
2123 1321 2425
2425 1321 2123
1321 2123 2425
1237 2781 2932
2781 1237 2932
2932 1237 2781
1755 2613 2627
2613 1755 2627
2627 1755 2613
844 207 880
880 207 844
207 844 880
988 1727 2828
2828 988 1727
1727 988 2828
2504 843 2510
2510 843 2504
843 2504 2510
2174 558 2344
558 2174 2344
2344 558 2174
1353 2621 2672
2621 1353 2672
2672 1353 2621
973 775 2406
775 973 2406
2406 775 973
569 1662 1686
1662 569 1686
1686 569 1662
2907 246 1987
246 1987 2907
1987 246 2907
1420 1780 2861
2861 1420 1780
1780 1420 2861
1867 1682 2010
1682 1867 2010
2010 1682 1867
343 1713 2876
2876 343 1713
1713 343 2876
1209 932 981
981 932 1209
932 981 1209
2317 1113 1584
1584 1113 2317
1113 1584 2317
1160 1020 1449
1020 1160 1449
1449 1020 1160
1968 1546 1681
1546 1681 1968
1681 1546 1968
782 27 653
27 653 782
653 27 782
1668 898 2020
898 1668 2020
2020 898 1668
2633 1580 2761
2761 1580 2633
1580 2633 2761
807 1222 2846
1222 807 2846
2846 807 1222
887 1143 2318
1143 887 2318
2318 887 1143
154 617 1207
617 154 1207
1207 154 617
474 412 2923
412 474 2923
2923 412 474
1282 1814 1860
1860 1282 1814
1814 1282 1860
409 96 1071
96 409 1071
1071 96 409
1693 227 939
227 939 1693
939 227 1693
1935 328 2674
2674 328 1935
328 1935 2674
2183 446 1083
1083 446 2183
446 1083 2183
1018 452 1891
452 1018 1891
1891 452 1018
863 71 93
71 93 863
93 71 863
615 1021 2681
2681 615 1021
1021 615 2681
1909 1064 1221
1221 1064 1909
1064 1221 1909
1111 1898 1956
1898 1111 1956
1956 1111 1898
1225 543 1281
1281 543 1225
543 1225 1281
1646 390 1129
390 1129 1646
1129 390 1646
1785 214 2768
2768 214 1785
214 1785 2768
1186 388 1878
1878 388 1186
388 1186 1878
1762 1989 2713
1989 1762 2713
2713 1762 1989
1404 1766 2780
1766 1404 2780
2780 1404 1766
2319 1471 1908
1471 1908 2319
1908 1471 2319
459 260 738
738 260 459
260 459 738
43 1104 2326
1104 43 2326
2326 43 1104
1561 848 2895
2895 848 1561
848 1561 2895
659 1210 1520
1520 659 1210
1210 659 1520
1065 579 1297
579 1065 1297
1297 579 1065
2128 736 2518
2518 736 2128
736 2128 2518
376 138 1836
1836 138 376
138 376 1836
2830 442 1602
442 1602 2830
1602 442 2830
867 2588 2821
2821 867 2588
2588 867 2821
1782 2027 2764
2027 1782 2764
2764 1782 2027
1127 643 1620
1620 643 1127
643 1127 1620
435 531 1954
1954 435 531
531 435 1954
2470 486 790
790 486 2470
486 790 2470
1224 1592 2453
1592 1224 2453
2453 1224 1592
1158 1214 1355
1214 1158 1355
1355 1158 1214
1573 889 2631
2631 889 1573
889 1573 2631
525 1257 2867
1257 525 2867
2867 525 1257
720 1326 2606
1326 720 2606
2606 720 1326
2926 824 2477
824 2477 2926
2477 824 2926
1647 972 1866
1866 972 1647
972 1647 1866
33 2044 2361
2044 33 2361
2361 33 2044
2602 20 2457
20 2457 2602
2457 20 2602
2712 2458 2709
2458 2709 2712
2709 2458 2712
2189 841 2124
2124 841 2189
841 2124 2189
2676 799 882
799 882 2676
882 799 2676
69 1093 1316
1316 69 1093
1093 69 1316
1176 1746 2881
2881 1176 1746
1746 1176 2881
1331 404 1382
1382 404 1331
404 1331 1382
2173 263 1491
263 1491 2173
1491 263 2173
2118 1665 1944
1944 1665 2118
1665 1944 2118
2729 740 1582
1582 740 2729
740 1582 2729
1109 1810 2016
2016 1109 1810
1810 1109 2016
1421 97 305
305 97 1421
97 305 1421
2363 854 1153
854 1153 2363
1153 854 2363
2814 77 2521
2521 77 2814
77 2521 2814
1776 1139 1742
1139 1742 1776
1742 1139 1776
2548 1298 1379
1298 1379 2548
1379 1298 2548
916 575 784
784 575 916
575 784 916
2666 178 1072
1072 178 2666
178 1072 2666
1808 292 1262
1262 292 1808
292 1262 1808
275 925 2678
925 275 2678
2678 275 925
29 2596 2649
2649 29 2596
2596 29 2649
2840 713 2446
2446 713 2840
713 2446 2840
2981 929 1720
929 1720 2981
1720 929 2981
976 366 2001
366 976 2001
2001 366 976
1828 1183 1803
1183 1803 1828
1803 1183 1828
1558 583 2971
2971 583 1558
583 1558 2971
1068 1256 1886
1256 1068 1886
1886 1068 1256
2343 2309 2646
2309 2343 2646
2646 2309 2343
432 2431 2899
2431 432 2899
2899 432 2431
918 630 2432
2432 630 918
630 918 2432
46 910 1865
1865 46 910
910 46 1865
127 109 1401
1401 109 127
109 127 1401
1700 86 774
86 774 1700
774 86 1700
2231 900 912
912 900 2231
900 912 2231
1009 1863 2274
2274 1009 1863
1863 1009 2274
1133 1423 2025
1423 1133 2025
2025 1133 1423
44 367 1243
1243 44 367
367 44 1243
2369 1247 1971
1247 1971 2369
1971 1247 2369
853 221 2614
2614 221 853
221 853 2614
535 283 798
283 535 798
798 283 535
379 467 1213
467 379 1213
1213 379 467
1625 1544 1906
1906 1544 1625
1544 1625 1906
648 497 2544
2544 497 648
497 648 2544
974 1890 2992
1890 974 2992
2992 974 1890
2391 54 2824
54 2391 2824
2824 54 2391
1815 440 2508
440 1815 2508
2508 440 1815
2478 1087 1733
1733 1087 2478
1087 1733 2478
1285 401 1739
401 1285 1739
1739 401 1285
1897 495 721
495 721 1897
721 495 1897
2974 719 741
719 741 2974
741 719 2974
1293 1254 1840
1254 1293 1840
1840 1254 1293
189 95 104
104 95 189
95 104 189
911 1014 2543
2543 911 1014
1014 911 2543
1410 2042 2424
2042 1410 2424
2424 1410 2042
70 1586 2964
1586 70 2964
2964 70 1586
2014 526 2591
2591 526 2014
526 2014 2591
942 936 1642
1642 936 942
936 942 1642
2890 2110 2327
2327 2110 2890
2110 2327 2890
394 731 1572
1572 394 731
731 394 1572
1416 114 1040
1040 114 1416
114 1040 1416
2451 747 2702
747 2451 2702
2702 747 2451
1265 896 1551
1551 896 1265
896 1265 1551
1539 521 1779
521 1539 1779
1779 521 1539
1730 1689 2759
1689 1730 2759
2759 1689 1730
2531 1643 2315
2315 1643 2531
1643 2315 2531
1250 132 498
498 132 1250
132 498 1250
2852 395 2733
2733 395 2852
395 2733 2852
921 1248 1593
1593 921 1248
1248 921 1593
2903 1672 2084
2084 1672 2903
1672 2084 2903
1220 832 1184
832 1184 1220
1184 832 1220
365 1997 2392
2392 365 1997
1997 365 2392
757 960 2641
960 757 2641
2641 757 960
2691 2015 2380
2015 2380 2691
2380 2015 2691
1633 1599 1749
1599 1633 1749
1749 1599 1633
2283 957 2553
2553 957 2283
957 2283 2553
1417 1242 2912
1242 1417 2912
2912 1242 1417
1490 441 1885
441 1490 1885
1885 441 1490
339 704 2208
2208 339 704
704 339 2208
239 244 1415
1415 239 244
244 239 1415
72 1795 1855
1795 72 1855
1855 72 1795
2535 1481 2516
2516 1481 2535
1481 2516 2535
533 251 1062
251 533 1062
1062 251 533
272 609 1535
609 272 1535
1535 272 609
2683 1239 1324
1324 1239 2683
1239 1324 2683
724 733 2404
2404 724 733
733 724 2404
421 482 2067
482 421 2067
2067 421 482
2542 282 1655
282 1655 2542
1655 282 2542
266 718 2346
718 266 2346
2346 266 718
2822 488 1793
1793 488 2822
488 1793 2822
2905 28 2855
2855 28 2905
28 2855 2905
2820 2696 2891
2891 2696 2820
2696 2820 2891
2703 121 2655
2655 121 2703
121 2655 2703
1518 517 978
517 978 1518
978 517 1518
5 574 2409
2409 5 574
574 5 2409
1844 2127 2629
2629 1844 2127
2127 1844 2629
1722 2154 2910
2154 1722 2910
2910 1722 2154
2250 551 1802
551 1802 2250
1802 551 2250
484 1941 2515
2515 484 1941
1941 484 2515
1522 195 1413
1413 195 1522
195 1413 1522
710 743 2233
743 710 2233
2233 710 743
2066 413 2716
2716 413 2066
413 2066 2716
1334 323 1843
1843 323 1334
323 1334 1843
1258 2141 2922
2922 1258 2141
2141 1258 2922
914 208 970
208 914 970
970 208 914
1787 338 2804
338 1787 2804
2804 338 1787
2370 1673 1737
1737 1673 2370
1673 1737 2370
391 249 336
336 249 391
249 336 391
2367 610 2075
610 2075 2367
2075 610 2367
2467 582 838
838 582 2467
582 838 2467
816 563 2352
2352 563 816
563 816 2352
2125 660 1993
1993 660 2125
660 1993 2125
1560 696 1948
696 1560 1948
1948 696 1560
1333 671 1270
671 1270 1333
1270 671 1333
1275 872 1752
872 1275 1752
1752 872 1275
2469 269 846
846 269 2469
269 846 2469
82 1037 1615
1615 82 1037
1037 82 1615
1459 945 1245
1245 945 1459
945 1245 1459
1427 1488 1605
1605 1427 1488
1488 1427 1605
2571 831 2337
831 2337 2571
2337 831 2571
2697 803 2098
2098 803 2697
803 2098 2697
559 1569 2462
2462 559 1569
1569 559 2462
2090 8 1088
8 1088 2090
1088 8 2090
1614 677 1929
677 1614 1929
1929 677 1614
1980 1349 2561
1349 1980 2561
2561 1349 1980
530 1168 1884
1884 530 1168
1168 530 1884
751 1979 2799
2799 751 1979
1979 751 2799
963 157 2503
2503 157 963
157 963 2503
2145 2101 2496
2496 2101 2145
2101 2145 2496
1557 124 1651
124 1557 1651
1651 124 1557
717 297 2583
2583 297 717
297 717 2583
1517 337 1966
337 1517 1966
1966 337 1517
2040 2172 2386
2172 2040 2386
2386 2040 2172
2102 1902 2999
1902 2102 2999
2999 1902 2102
268 1660 2850
2850 268 1660
1660 268 2850
2384 1052 1869
1869 1052 2384
1052 1869 2384
2114 2062 2525
2525 2062 2114
2062 2114 2525
1195 1456 2507
2507 1195 1456
1456 1195 2507
1105 300 2033
300 1105 2033
2033 300 1105
1013 1154 2264
1154 1013 2264
2264 1013 1154
2149 2563 3000
3000 2149 2563
2563 2149 3000
547 354 2321
354 547 2321
2321 354 547
295 14 1042
14 295 1042
1042 14 295
1138 931 2134
2134 931 1138
931 1138 2134
2966 1452 2204
2204 1452 2966
1452 2204 2966
1565 457 1436
1436 457 1565
457 1436 1565
2651 87 1568
87 1568 2651
1568 87 2651
1781 1837 1914
1914 1781 1837
1837 1781 1914
21 1512 1775
1512 21 1775
1775 21 1512
1136 2699 2864
2699 1136 2864
2864 1136 2699
2286 509 1899
1899 509 2286
509 1899 2286
991 604 2675
2675 604 991
604 991 2675
1157 243 1475
243 1157 1475
1475 243 1157
2970 664 1857
1857 664 2970
664 1857 2970
1832 584 1938
1938 584 1832
584 1832 1938
1439 997 1390
997 1390 1439
1390 997 1439
2687 1716 2364
1716 2364 2687
2364 1716 2687
2095 1626 1835
1835 1626 2095
1626 1835 2095
358 2107 2686
2686 358 2107
2107 358 2686
1017 1623 2368
1623 1017 2368
2368 1017 1623
408 2328 2741
2741 408 2328
2328 408 2741
1078 2497 2954
2954 1078 2497
2497 1078 2954
2582 507 971
507 971 2582
971 507 2582
1172 2493 2765
2493 1172 2765
2765 1172 2493
1006 229 679
679 229 1006
229 679 1006
2011 1144 2679
2679 1144 2011
1144 2011 2679
1707 2185 2680
2680 1707 2185
2185 1707 2680
2936 504 2636
2636 504 2936
504 2636 2936
66 237 1703
237 66 1703
1703 66 237
319 1489 1570
1570 319 1489
1489 319 1570
2072 1090 2489
1090 2072 2489
2489 1090 2072
307 210 2249
210 307 2249
2249 210 307
642 830 2219
830 642 2219
2219 642 830
2148 2961 2994
2994 2148 2961
2961 2148 2994
226 1044 1588
1588 226 1044
1044 226 1588
2501 622 2514
622 2501 2514
2514 622 2501
2628 52 1198
1198 52 2628
52 1198 2628
1457 1428 1901
1428 1457 1901
1901 1428 1457
1043 927 2939
2939 927 1043
927 1043 2939
2276 135 1798
135 1798 2276
1798 135 2276
2236 281 745
745 281 2236
281 745 2236
2210 429 463
463 429 2210
429 463 2210
1307 370 1904
1904 370 1307
370 1307 1904
2061 465 1858
465 1858 2061
1858 465 2061
2240 48 598
48 598 2240
598 48 2240
1783 118 2685
118 1783 2685
2685 118 1783
2604 729 1177
1177 729 2604
729 1177 2604
1608 1846 2892
1846 1608 2892
2892 1608 1846
2773 1789 2094
1789 2094 2773
2094 1789 2773
2099 1516 1695
1516 1695 2099
1695 1516 2099
1585 1015 1474
1474 1015 1585
1015 1474 1585
992 2419 2745
2745 992 2419
2419 992 2745
1110 2486 2652
2652 1110 2486
2486 1110 2652
1002 1441 2347
2347 1002 1441
1441 1002 2347
2906 386 1831
386 1831 2906
1831 386 2906
570 493 920
920 493 570
493 570 920
948 2692 2710
2710 948 2692
2692 948 2710
826 881 2320
881 826 2320
2320 826 881
2465 492 2901
2901 492 2465
492 2465 2901
212 727 2471
727 212 2471
2471 212 727
2324 2635 2938
2938 2324 2635
2635 2324 2938
2805 833 1598
833 1598 2805
1598 833 2805
1850 982 2930
2930 982 1850
982 1850 2930
1924 1950 2538
1950 1924 2538
2538 1924 1950
674 1294 1616
1294 674 1616
1616 674 1294
1799 1907 2695
1907 1799 2695
2695 1799 1907
691 760 1444
760 691 1444
1444 691 760
1985 821 1996
1996 821 1985
821 1985 1996
1197 748 1609
1609 748 1197
748 1197 1609
1396 1629 1634
1629 1396 1634
1634 1396 1629
416 1934 2969
2969 416 1934
1934 416 2969
289 2195 2623
2623 289 2195
2195 289 2623
1769 1295 2028
2028 1295 1769
1295 1769 2028
40 913 2977
2977 40 913
913 40 2977
620 1534 2116
2116 620 1534
1534 620 2116
773 155 234
234 155 773
155 234 773
1290 1786 2784
2784 1290 1786
1786 1290 2784
1371 2063 2077
2077 1371 2063
2063 1371 2077
2642 345 2617
345 2617 2642
2617 345 2642
2871 2948 2958
2958 2871 2948
2948 2871 2958
1714 4 1150
1150 4 1714
4 1150 1714
1958 1397 2550
1397 1958 2550
2550 1397 1958
2385 94 783
783 94 2385
94 783 2385
2944 1059 2739
1059 2739 2944
2739 1059 2944
1870 711 1099
1099 711 1870
711 1099 1870
1687 619 2086
619 1687 2086
2086 619 1687
655 308 2429
308 655 2429
2429 308 655
99 958 2241
958 99 2241
2241 99 958
2105 1494 2194
1494 2105 2194
2194 1494 2105
885 1879 2362
2362 885 1879
1879 885 2362
1790 1764 1986
1764 1790 1986
1986 1764 1790
2351 329 2928
2928 329 2351
329 2351 2928
2301 1715 2982
2982 1715 2301
1715 2301 2982
1035 2030 2996
2996 1035 2030
2030 1035 2996
2933 160 2152
160 2152 2933
2152 160 2933
1100 2316 2919
2316 1100 2919
2919 1100 2316
2957 722 933
722 933 2957
933 722 2957
1097 83 2626
2626 83 1097
83 1097 2626
1 39 53
53 1 39
39 1 53
618 2290 2533
2290 618 2533
2533 618 2290
1380 218 2279
2279 218 1380
218 1380 2279
1820 1698 2143
1698 1820 2143
2143 1698 1820
2140 80 728
728 80 2140
80 728 2140
2076 723 2534
723 2076 2534
2534 723 2076
800 1070 2256
2256 800 1070
1070 800 2256
1505 102 1740
1740 102 1505
102 1505 1740
2803 869 875
869 875 2803
875 869 2803
1636 310 1525
1525 310 1636
310 1525 1636
1300 1724 2064
2064 1300 1724
1724 1300 2064
180 489 2456
2456 180 489
489 180 2456
1261 715 2511
715 1261 2511
2511 715 1261
1729 1085 1757
1757 1085 1729
1085 1729 1757
340 1246 1590
1246 340 1590
1590 340 1246
1492 2008 2526
2008 1492 2526
2526 1492 2008
2500 1424 1466
1424 1466 2500
1466 1424 2500
791 182 2484
182 791 2484
2484 182 791
908 1774 2778
2778 908 1774
1774 908 2778
2374 2303 2956
2956 2303 2374
2303 2374 2956
1827 1760 2975
1760 1827 2975
2975 1760 1827
411 1206 1476
1476 411 1206
1206 411 1476
835 737 1806
1806 737 835
737 835 1806
2175 137 1723
1723 137 2175
137 1723 2175
1566 1363 2693
2693 1363 1566
1363 1566 2693
687 739 815
815 687 739
739 687 815
2783 67 2522
67 2522 2783
2522 67 2783
247 2203 2601
2601 247 2203
2203 247 2601
2555 566 2310
566 2310 2555
2310 566 2555
2304 924 2472
924 2304 2472
2472 924 2304
2779 426 987
987 426 2779
426 987 2779
2790 322 2187
2187 322 2790
322 2187 2790
2139 1188 1949
1188 1949 2139
1949 1188 2139
2021 953 2108
2108 953 2021
953 2021 2108
1301 478 2038
478 1301 2038
2038 478 1301
2945 930 1124
930 1124 2945
1124 930 2945
36 315 596
596 36 315
315 36 596
1232 59 402
59 402 1232
402 59 1232
1524 902 2113
2113 902 1524
902 1524 2113
368 341 553
341 368 553
553 341 368
857 303 1005
1005 303 857
303 857 1005
2832 510 1095
510 1095 2832
1095 510 2832
347 1338 2670
2670 347 1338
1338 347 2670
333 597 2862
597 333 2862
2862 333 597
213 64 1932
1932 64 213
64 213 1932
1134 1142 2423
1142 1134 2423
2423 1134 1142
1502 1346 1962
1962 1346 1502
1346 1502 1962
2545 1203 2854
2854 1203 2545
1203 2545 2854
2198 257 2705
257 2198 2705
2705 257 2198
2976 742 1963
742 1963 2976
1963 742 2976
2288 192 304
192 304 2288
304 192 2288
325 2046 2103
2103 325 2046
2046 325 2103
2023 2130 2313
2313 2023 2130
2130 2023 2313
2860 637 901
901 637 2860
637 901 2860
1975 550 2252
2252 550 1975
550 1975 2252
1485 1405 2841
1405 1485 2841
2841 1405 1485
461 2268 2794
2268 461 2794
2794 461 2268
1229 756 1279
1279 756 1229
756 1229 1279
197 209 967
209 197 967
967 197 209
2399 147 2459
147 2399 2459
2459 147 2399
2247 1362 1999
1999 1362 2247
1362 1999 2247
357 866 2991
866 357 2991
2991 357 866
320 2164 2169
2164 320 2169
2169 320 2164
952 965 2618
2618 952 965
965 952 2618
1058 360 767
767 360 1058
360 767 1058
1758 1034 1276
1276 1034 1758
1034 1276 1758
2560 332 449
449 332 2560
332 449 2560
708 852 2960
2960 708 852
852 708 2960
2375 163 2498
2498 163 2375
163 2375 2498
1067 196 944
196 944 1067
944 196 1067
309 1046 1205
1205 309 1046
1046 309 1205
834 1480 2181
2181 834 1480
1480 834 2181
417 1185 1606
1606 417 1185
1185 417 1606
100 1317 1552
1552 100 1317
1317 100 1552
183 396 2359
396 183 2359
2359 183 396
2227 2595 2757
2757 2227 2595
2595 2227 2757
1240 805 1223
1223 805 1240
805 1223 1240
31 2519 2744
2519 31 2744
2744 31 2519
1033 732 2225
2225 732 1033
732 1033 2225
2376 375 2342
2342 375 2376
375 2342 2376
878 98 2339
2339 98 878
98 878 2339
1032 1542 2624
2624 1032 1542
1542 1032 2624
845 410 1106
1106 410 845
410 845 1106
2109 2119 2417
2119 2109 2417
2417 2109 2119
935 804 2792
804 935 2792
2792 804 935
2272 1292 1747
1292 1747 2272
1747 1292 2272
666 1162 1365
1162 666 1365
1365 666 1162
847 2421 2587
2421 847 2587
2587 847 2421
1919 1284 1650
1284 1650 1919
1650 1284 1919
523 389 1358
1358 389 523
389 523 1358
2808 6 1112
6 1112 2808
1112 6 2808
593 548 2916
2916 548 593
548 593 2916
335 223 451
451 223 335
223 335 451
2998 1147 2345
1147 2345 2998
2345 1147 2998
1676 907 1725
1725 907 1676
907 1676 1725
1482 560 2202
2202 560 1482
560 1482 2202
2698 361 2653
361 2653 2698
2653 361 2698
306 632 1117
632 306 1117
1117 306 632
1374 1638 2026
1638 1374 2026
2026 1374 1638
146 1759 2737
2737 146 1759
1759 146 2737
2104 142 744
142 744 2104
744 142 2104
2947 1167 1861
1167 1861 2947
1861 1167 2947
85 616 2055
616 85 2055
2055 85 616
2438 236 1521
1521 236 2438
236 1521 2438
1367 1263 2921
2921 1263 1367
1263 1367 2921
1618 90 904
90 904 1618
904 90 1618
1495 425 2009
2009 425 1495
425 1495 2009
284 673 1916
673 284 1916
1916 284 673
1674 943 2005
2005 943 1674
943 1674 2005
2230 1446 2505
1446 2230 2505
2505 1446 2230
1887 1864 2069
2069 1864 1887
1864 1887 2069
678 471 1266
1266 471 678
471 678 1266
1289 1513 2222
2222 1289 1513
1513 1289 2222
2818 624 1543
1543 624 2818
624 1543 2818
644 276 2610
276 644 2610
2610 276 644
2877 1667 2177
1667 2177 2877
2177 1667 2877
2022 755 874
