63 84 248
84 63 248
248 63 84
89 15 114
15 89 114
114 15 89
224 167 223
167 223 224
223 167 224
73 88 213
213 73 88
88 73 213
135 196 278
196 135 278
278 135 196
133 33 272
33 133 272
272 33 133
50 8 120
120 8 50
8 50 120
16 7 101
101 7 16
7 16 101
67 197 254
254 67 197
197 67 254
152 150 186
150 152 186
186 150 152
25 149 247
247 25 149
149 25 247
9 53 90
90 9 53
53 9 90
277 23 229
229 23 277
23 229 277
111 30 233
233 30 111
30 111 233
96 39 182
39 96 182
182 39 96
94 132 274
132 94 274
274 94 132
297 176 267
267 176 297
176 267 297
170 62 287
287 62 170
62 170 287
177 270 299
270 177 299
299 177 270
198 18 190
190 18 198
18 190 198
123 154 255
154 123 255
255 123 154
194 166 173
166 173 194
173 166 194
239 45 136
45 136 239
136 45 239
86 127 259
259 86 127
127 86 259
153 202 294
202 153 294
294 153 202
46 34 64
34 46 64
64 34 46
240 43 82
82 43 240
43 82 240
214 4 286
4 214 286
286 4 214
243 140 284
140 243 284
284 140 243
204 107 192
107 192 204
192 107 204
80 51 134
51 80 134
134 51 80
188 103 275
103 188 275
275 103 188
91 141 241
141 91 241
241 91 141
207 151 219
219 151 207
151 207 219
13 144 200
200 13 144
144 13 200
245 162 298
162 245 298
298 162 245
195 178 227
178 195 227
227 178 195
264 281 295
281 264 295
295 264 281
146 70 268
70 146 268
268 70 146
211 221 283
283 211 221
221 211 283
212 20 246
246 20 212
20 212 246
138 41 148
41 138 148
148 41 138
97 215 222
222 97 215
215 97 222
218 168 263
168 218 263
263 168 218
99 109 184
184 99 109
109 99 184
139 147 208
208 139 147
147 139 208
100 69 171
69 100 171
171 69 100
160 77 251
251 77 160
77 160 251
300 36 253
36 253 300
253 36 300
31 2 61
2 31 61
61 2 31
38 47 266
47 38 266
266 38 47
210 12 206
12 206 210
206 12 210
81 22 238
238 22 81
22 81 238
76 169 265
169 76 265
265 76 169
205 21 27
21 27 205
27 21 205
26 17 60
60 17 26
17 26 60
143 126 291
126 143 291
291 126 143
121 112 156
156 112 121
112 121 156
180 236 282
236 180 282
282 180 236
165 78 242
242 78 165
78 165 242
37 54 66
54 37 66
66 37 54
117 106 209
106 117 209
209 106 117
42 71 249
249 42 71
71 42 249
24 163 181
181 24 163
163 24 181
271 48 56
48 56 271
56 48 271
199 85 237
85 199 237
237 85 199
252 14 250
250 14 252
14 250 252
273 258 290
290 258 273
258 273 290
232 124 225
124 225 232
225 124 232
105 49 68
49 68 105
68 49 105
59 32 145
32 59 145
145 32 59
183 216 226
226 183 216
216 183 226
87 116 289
116 87 289
289 87 116
276 128 228
228 128 276
128 228 276
164 231 296
296 164 231
231 164 296
172 29 55
55 29 172
29 55 172
118 161 191
191 118 161
161 118 191
74 72 185
72 74 185
185 72 74
19 122 288
122 19 288
288 19 122
130 187 234
187 130 234
234 130 187
40 6 113
6 40 113
113 6 40
142 5 285
285 5 142
5 142 285
220 10 293
10 220 293
293 10 220
65 131 257
131 65 257
257 65 131
125 155 260
260 125 155
155 125 260
58 52 159
52 58 159
159 52 58
174 93 95
95 93 174
93 95 174
1 201 262
201 1 262
262 1 201
203 102 235
102 203 235
235 102 203
83 79 157
157 79 83
79 83 157
11 110 230
230 11 110
110 11 230
280 137 179
137 179 280
179 137 280
108 129 279
129 108 279
279 108 129
193 28 189
189 28 193
28 189 193
3 104 269
104 3 269
269 3 104
158 175 217
217 158 175
175 158 217
244 92 98
98 92 244
92 98 244
57 115 261
115 57 261
261 57 115
256 44 292
44 256 292
292 44 256
75 35 119
35 75 119
119 35 75
