1278 650 1582
650 1278 1582
1582 650 1278
1459 973 1271
1271 973 1459
973 1271 1459
183 656 695
695 183 656
656 183 695
2296 1678 1736
1736 1678 2296
1678 1736 2296
2054 266 1430
266 1430 2054
1430 266 2054
930 1275 1722
1275 930 1722
1722 930 1275
61 566 1709
1709 61 566
566 61 1709
1371 857 1348
1348 857 1371
857 1348 1371
2718 42 1204
42 1204 2718
1204 42 2718
1324 104 2113
2113 104 1324
104 1324 2113
1076 431 1276
431 1076 1276
1276 431 1076
2013 128 282
282 128 2013
128 282 2013
1274 1696 2678
2678 1274 1696
1696 1274 2678
935 103 874
103 874 935
874 103 935
2917 792 1239
792 1239 2917
1239 792 2917
2311 1719 2722
2722 1719 2311
1719 2311 2722
2518 384 2596
2596 384 2518
384 2518 2596
748 2061 2578
2061 748 2578
2578 748 2061
2287 1301 2805
2805 1301 2287
1301 2287 2805
1226 941 2029
941 1226 2029
2029 941 1226
2789 643 980
643 980 2789
980 643 2789
622 1674 1821
1821 622 1674
1674 622 1821
2826 459 1079
459 1079 2826
1079 459 2826
1838 1684 2253
2253 1684 1838
1684 1838 2253
2365 2167 2965
2965 2167 2365
2167 2365 2965
2200 1972 2297
1972 2200 2297
2297 1972 2200
919 81 1377
1377 81 919
81 919 1377
2564 1866 2090
1866 2090 2564
2090 1866 2564
228 1201 1833
1833 228 1201
1201 228 1833
1004 1964 2304
2304 1004 1964
1964 1004 2304
2871 277 1021
277 1021 2871
1021 277 2871
2546 403 2643
403 2546 2643
2643 403 2546
702 694 1334
694 702 1334
1334 694 702
1548 1106 2480
1106 1548 2480
2480 1106 1548
1428 672 843
672 843 1428
843 672 1428
1071 1936 2274
1936 1071 2274
2274 1071 1936
600 903 2006
2006 600 903
903 600 2006
1975 749 1900
1900 749 1975
749 1900 1975
1209 369 696
369 696 1209
696 369 1209
145 260 2639
2639 145 260
260 145 2639
1369 555 2901
555 1369 2901
2901 555 1369
52 1932 2870
1932 52 2870
2870 52 1932
719 1810 2184
2184 719 1810
1810 719 2184
2967 184 799
799 184 2967
184 799 2967
483 2092 2755
2092 483 2755
2755 483 2092
2997 1351 1758
1351 1758 2997
1758 1351 2997
754 1630 2180
2180 754 1630
1630 754 2180
2385 520 1381
520 1381 2385
1381 520 2385
1607 2042 2644
2042 1607 2644
2644 1607 2042
2262 1325 2558
1325 2262 2558
2558 1325 2262
2144 990 2955
2955 990 2144
990 2144 2955
1921 1225 2324
1225 1921 2324
2324 1225 1921
601 1368 1755
1755 601 1368
1368 601 1755
2853 210 722
722 210 2853
210 722 2853
2057 908 1913
908 1913 2057
1913 908 2057
1027 982 1001
1001 982 1027
982 1001 1027
1089 605 837
837 605 1089
605 837 1089
345 311 1789
311 345 1789
1789 311 345
438 2153 2506
2506 438 2153
2153 438 2506
2056 1565 2446
1565 2056 2446
2446 1565 2056
774 1080 1359
1359 774 1080
1080 774 1359
2264 446 2394
2394 446 2264
446 2264 2394
2984 991 2606
2606 991 2984
991 2606 2984
43 1011 1818
1011 43 1818
1818 43 1011
2123 611 2038
611 2038 2123
2038 611 2123
2786 497 1172
1172 497 2786
497 1172 2786
2788 571 1205
571 1205 2788
1205 571 2788
2370 2219 2947
2947 2219 2370
2219 2370 2947
1537 1823 2538
2538 1537 1823
1823 1537 2538
2664 2053 2833
2053 2664 2833
2833 2053 2664
234 332 2797
332 234 2797
2797 234 332
433 465 1698
1698 433 465
465 433 1698
473 732 1116
1116 473 732
732 473 1116
2968 873 1105
873 1105 2968
1105 873 2968
115 1339 1717
1339 115 1717
1717 115 1339
95 84 676
84 95 676
676 84 95
1859 1073 1099
1073 1099 1859
1099 1073 1859
2815 412 952
952 412 2815
412 952 2815
2963 1455 2502
2502 1455 2963
1455 2502 2963
1583 1482 1563
1482 1563 1583
1563 1482 1583
2201 2386 2427
2427 2201 2386
2386 2201 2427
20 96 305
305 20 96
96 20 305
1113 970 1960
970 1113 1960
1960 970 1113
2341 121 405
405 121 2341
121 405 2341
2478 649 838
649 838 2478
838 649 2478
1521 823 981
981 823 1521
823 981 1521
2375 1862 1869
1862 1869 2375
1869 1862 2375
2988 807 2139
807 2139 2988
2139 807 2988
2831 1985 2598
2598 1985 2831
1985 2598 2831
743 2030 2181
2030 743 2181
2181 743 2030
1858 1081 2511
2511 1081 1858
1081 1858 2511
947 358 2314
2314 358 947
358 947 2314
2316 1198 1603
1603 1198 2316
1198 1603 2316
568 1024 2507
2507 568 1024
1024 568 2507
757 132 1997
132 757 1997
1997 132 757
1435 1122 2563
1122 1435 2563
2563 1122 1435
1166 631 1315
631 1166 1315
1315 631 1166
753 1485 2248
2248 753 1485
1485 753 2248
2432 1472 1896
1472 1896 2432
1896 1472 2432
1384 1156 2333
1156 1384 2333
2333 1156 1384
290 2893 2906
2893 290 2906
2906 290 2893
1767 1103 2004
2004 1103 1767
1103 1767 2004
1710 938 1302
1302 938 1710
938 1302 1710
2595 348 1130
1130 348 2595
348 1130 2595
271 549 2987
549 271 2987
2987 271 549
2693 1436 2959
1436 2693 2959
2959 1436 2693
1058 527 2271
2271 527 1058
527 1058 2271
2477 147 730
147 730 2477
730 147 2477
545 1396 1497
1396 545 1497
1497 545 1396
1905 315 1743
315 1743 1905
1743 315 1905
2827 1901 2948
2948 1901 2827
1901 2827 2948
560 1070 1947
1947 560 1070
1070 560 1947
489 36 1551
36 489 1551
1551 36 489
1019 762 2093
2093 762 1019
762 1019 2093
461 479 806
479 461 806
806 461 479
1224 569 802
569 802 1224
802 569 1224
640 1193 2714
1193 640 2714
2714 640 1193
1729 2613 2976
2613 1729 2976
2976 1729 2613
1041 575 638
638 575 1041
575 638 1041
1388 92 918
92 918 1388
918 92 1388
1031 1904 2026
2026 1031 1904
1904 1031 2026
1331 157 1639
157 1331 1639
1639 157 1331
1667 596 1852
596 1667 1852
1852 596 1667
250 902 2787
2787 250 902
902 250 2787
2817 1402 2015
2015 1402 2817
1402 2015 2817
399 872 2214
872 399 2214
2214 399 872
2272 48 1820
1820 48 2272
48 1820 2272
2930 249 2363
249 2363 2930
2363 249 2930
723 2822 2884
2822 723 2884
2884 723 2822
2343 270 2674
270 2343 2674
2674 270 2343
1545 769 2388
2388 769 1545
769 1545 2388
2358 195 2859
2859 195 2358
195 2358 2859
443 1526 2738
2738 443 1526
1526 443 2738
1920 1417 2266
1417 1920 2266
2266 1417 1920
2542 681 1663
1663 681 2542
681 1663 2542
1199 152 2323
152 1199 2323
2323 152 1199
1566 265 2661
265 1566 2661
2661 265 1566
2647 595 2913
595 2647 2913
2913 595 2647
2111 1899 2575
2575 1899 2111
1899 2111 2575
1892 1422 2500
1422 1892 2500
2500 1422 1892
2089 7 2603
2603 7 2089
7 2089 2603
2384 1648 1666
1666 1648 2384
1648 1666 2384
1562 2071 2962
2962 1562 2071
2071 1562 2962
674 698 750
750 674 698
698 674 750
2086 319 2225
319 2086 2225
2225 319 2086
1624 177 2102
2102 177 1624
177 1624 2102
2082 625 661
661 625 2082
625 661 2082
915 28 1568
28 915 1568
1568 28 915
470 1781 2849
1781 470 2849
2849 470 1781
972 424 2381
2381 424 972
424 972 2381
1580 988 1380
988 1380 1580
1380 988 1580
2097 775 1798
775 1798 2097
1798 775 2097
2782 995 1507
1507 995 2782
995 1507 2782
787 1142 2803
2803 787 1142
1142 787 2803
2629 1057 1572
1057 1572 2629
1572 1057 2629
2310 340 1627
340 1627 2310
1627 340 2310
756 1316 1992
1316 756 1992
1992 756 1316
1984 2246 2402
2402 1984 2246
2246 1984 2402
506 472 2766
472 506 2766
2766 472 506
2736 159 1687
1687 159 2736
159 1687 2736
1744 523 2741
2741 523 1744
523 1744 2741
2510 158 2821
2821 158 2510
158 2510 2821
454 1018 2885
1018 454 2885
2885 454 1018
2330 343 2898
343 2330 2898
2898 343 2330
2556 821 2712
2712 821 2556
821 2556 2712
144 993 1413
1413 144 993
993 144 1413
1673 1887 2221
1887 1673 2221
2221 1673 1887
2508 1777 2574
1777 2508 2574
2574 1777 2508
2654 673 2642
2642 673 2654
673 2642 2654
937 590 2770
590 937 2770
2770 590 937
2798 2091 2742
2742 2091 2798
2091 2742 2798
2533 1309 2256
2256 1309 2533
1309 2256 2533
2317 2059 2368
2368 2059 2317
2059 2317 2368
2710 790 2021
2021 790 2710
790 2021 2710
2367 1366 1967
1366 1967 2367
1967 1366 2367
824 956 2136
956 824 2136
2136 824 956
456 491 772
772 456 491
491 456 772
619 214 1237
214 619 1237
1237 214 619
2450 1162 2267
1162 2267 2450
2267 1162 2450
717 516 2659
2659 516 717
516 717 2659
1446 2114 2945
2945 1446 2114
2114 1446 2945
684 767 1872
1872 684 767
767 684 1872
242 818 841
818 242 841
841 242 818
1344 1358 2802
2802 1344 1358
1358 1344 2802
867 275 553
553 275 867
275 553 867
1879 284 620
620 284 1879
284 620 1879
1491 1157 2120
1157 1491 2120
2120 1157 1491
1966 2666 2923
2923 1966 2666
2666 1966 2923
2032 562 2774
2774 562 2032
562 2032 2774
1496 428 2196
2196 428 1496
428 1496 2196
2405 77 1049
77 1049 2405
1049 77 2405
742 39 2315
39 742 2315
2315 39 742
907 795 1931
795 907 1931
1931 795 907
1635 1675 2672
1675 1635 2672
2672 1635 1675
1255 83 2980
2980 83 1255
83 1255 2980
1141 617 1557
1557 617 1141
617 1141 1557
474 79 300
79 300 474
300 79 474
2938 65 226
65 226 2938
226 65 2938
2793 1543 2753
1543 2753 2793
2753 1543 2793
1881 1069 2216
2216 1069 1881
1069 1881 2216
1330 746 1804
746 1330 1804
1804 746 1330
2716 1087 2615
1087 2615 2716
2615 1087 2716
2550 19 1335
1335 19 2550
19 1335 2550
1693 966 1848
1848 966 1693
966 1693 1848
1829 816 1048
1048 816 1829
816 1048 1829
268 2193 2577
2193 268 2577
2577 268 2193
2937 721 2052
721 2052 2937
2052 721 2937
1546 1494 2572
2572 1494 1546
1494 1546 2572
25 185 1501
185 25 1501
1501 25 185
2839 1527 2665
2665 1527 2839
1527 2665 2839
552 831 2841
2841 552 831
831 552 2841
1518 727 886
727 886 1518
886 727 1518
1989 1540 1949
1540 1949 1989
1949 1540 1989
1976 1708 2327
2327 1708 1976
1708 1976 2327
291 1655 2842
1655 291 2842
2842 291 1655
2410 1768 2168
1768 2168 2410
2168 1768 2410
1262 1223 1610
1223 1262 1610
1610 1223 1262
633 1376 2339
2339 633 1376
1376 633 2339
542 953 2790
953 542 2790
2790 542 953
368 1241 1579
1241 368 1579
1579 368 1241
883 420 2275
420 883 2275
2275 420 883
100 985 2966
985 100 2966
2966 100 985
2656 172 846
172 846 2656
846 172 2656
2956 169 2351
169 2351 2956
2351 169 2956
2454 894 1738
1738 894 2454
894 1738 2454
2576 729 2224
729 2224 2576
2224 729 2576
289 108 1769
108 289 1769
1769 108 289
2497 1622 2496
2496 1622 2497
1622 2496 2497
1764 788 984
788 984 1764
984 788 1764
94 440 2154
440 94 2154
2154 94 440
2880 940 2914
940 2880 2914
2914 940 2880
884 1051 1652
1051 884 1652
1652 884 1051
978 4 1030
4 978 1030
1030 4 978
1340 55 2858
55 1340 2858
2858 55 1340
2618 471 797
797 471 2618
471 797 2618
2291 1792 2848
2848 1792 2291
1792 2291 2848
2001 285 1310
285 1310 2001
1310 285 2001
2213 1751 2899
1751 2213 2899
2899 1751 2213
644 1587 2347
2347 644 1587
1587 644 2347
1855 2552 2804
2804 1855 2552
2552 1855 2804
64 585 1186
1186 64 585
585 64 1186
2423 201 2775
2775 201 2423
201 2423 2775
911 237 1382
237 911 1382
1382 237 911
1407 150 2424
2424 150 1407
150 1407 2424
2400 1229 2309
2309 1229 2400
1229 2309 2400
1259 1620 2891
2891 1259 1620
1620 1259 2891
1888 1478 1642
1642 1478 1888
1478 1642 1888
1174 73 2292
2292 73 1174
73 1174 2292
2009 196 789
196 789 2009
789 196 2009
1598 537 1612
537 1598 1612
1612 537 1598
2583 164 2855
164 2583 2855
2855 164 2583
58 1783 2194
2194 58 1783
1783 58 2194
2142 1160 1281
1281 1160 2142
1160 1281 2142
308 685 1643
685 308 1643
1643 308 685
519 544 1567
1567 519 544
544 519 1567
1910 893 2164
893 1910 2164
2164 893 1910
798 1055 2810
2810 798 1055
1055 798 2810
2474 1319 1552
1319 1552 2474
1552 1319 2474
1437 573 738
573 738 1437
738 573 1437
2875 1067 2517
1067 2517 2875
2517 1067 2875
205 149 2878
149 205 2878
2878 149 205
895 828 1549
828 895 1549
1549 828 895
393 554 557
557 393 554
554 393 557
202 998 1253
998 202 1253
1253 202 998
2223 1305 2566
2566 1305 2223
1305 2223 2566
1950 546 609
546 609 1950
609 546 1950
1415 522 2743
522 1415 2743
2743 522 1415
1206 996 2425
996 1206 2425
2425 996 1206
57 913 2845
913 57 2845
2845 57 913
1834 1811 2475
1811 1834 2475
2475 1811 1834
612 1937 2335
2335 612 1937
1937 612 2335
2283 327 2490
327 2283 2490
2490 327 2283
463 2049 2820
2049 463 2820
2820 463 2049
2195 1749 2604
2604 1749 2195
1749 2195 2604
2706 68 1803
1803 68 2706
68 1803 2706
1375 714 2408
714 1375 2408
2408 714 1375
1714 323 1098
1098 323 1714
323 1098 1714
2521 385 1357
1357 385 2521
385 1357 2521
1350 1165 2269
2269 1165 1350
1165 1350 2269
2830 1091 2599
1091 2599 2830
2599 1091 2830
2349 1594 2468
1594 2349 2468
2468 1594 2349
809 933 1754
1754 809 933
933 809 1754
1955 836 1520
836 1520 1955
1520 836 1955
682 1037 2396
1037 682 2396
2396 682 1037
992 1793 2285
2285 992 1793
1793 992 2285
2584 442 2592
2592 442 2584
442 2584 2592
464 778 2055
778 464 2055
2055 464 778
193 1432 1662
1432 193 1662
1662 193 1432
1188 657 2567
2567 657 1188
657 1188 2567
2108 1120 2699
1120 2108 2699
2699 1120 2108
2549 865 1433
1433 865 2549
865 1433 2549
2431 2379 2591
2379 2431 2591
2591 2379 2431
1107 1207 2420
2420 1107 1207
1207 1107 2420
2284 1752 2441
1752 2284 2441
2441 1752 2284
2992 2527 2692
2692 2527 2992
2527 2692 2992
209 460 1254
1254 209 460
460 209 1254
2407 1050 1379
1379 1050 2407
1050 1379 2407
2493 408 2199
408 2199 2493
2199 408 2493
2106 922 1861
922 1861 2106
1861 922 2106
3000 467 814
467 814 3000
814 467 3000
1556 136 1397
1397 136 1556
136 1397 1556
1506 236 2545
2545 236 1506
236 1506 2545
1841 728 2840
728 1841 2840
2840 728 1841
2088 107 1154
107 1154 2088
1154 107 2088
2140 38 1427
1427 38 2140
38 1427 2140
2868 6 1295
1295 6 2868
6 1295 2868
2426 127 2715
2715 127 2426
127 2426 2715
9 524 2126
2126 9 524
524 9 2126
2652 613 2471
613 2471 2652
2471 613 2652
2862 1158 2186
1158 2186 2862
2186 1158 2862
803 2047 2438
2047 803 2438
2438 803 2047
2994 1661 2081
1661 2081 2994
2081 1661 2994
1686 1187 1406
1187 1406 1686
1406 1187 1686
373 1471 2371
1471 373 2371
2371 373 1471
2953 1784 2763
1784 2763 2953
2763 1784 2953
793 853 1659
853 793 1659
1659 793 853
2290 351 498
351 498 2290
498 351 2290
2414 700 822
700 822 2414
822 700 2414
1445 1466 1539
1466 1445 1539
1539 1445 1466
2651 1956 2907
2907 1956 2651
1956 2651 2907
422 1477 2397
1477 422 2397
2397 422 1477
1480 303 1995
303 1480 1995
1995 303 1480
771 436 989
989 436 771
436 771 989
322 1469 1701
1701 322 1469
1469 322 1701
1184 1780 2939
2939 1184 1780
1780 1184 2939
1868 862 2918
862 1868 2918
2918 862 1868
1902 13 1167
13 1167 1902
1167 13 1902
154 98 2019
2019 98 154
98 154 2019
400 959 2334
2334 400 959
959 400 2334
950 387 770
387 770 950
770 387 950
2547 931 1625
931 1625 2547
1625 931 2547
1400 924 1741
1741 924 1400
924 1400 1741
741 123 2080
123 741 2080
2080 123 741
1318 381 1408
1408 381 1318
381 1318 1408
2581 2175 2904
2904 2175 2581
2175 2581 2904
1372 528 987
987 528 1372
528 987 1372
252 610 2683
610 252 2683
2683 252 610
1151 541 2467
541 1151 2467
2467 541 1151
509 426 1914
426 509 1914
1914 426 509
826 1584 2470
1584 826 2470
2470 826 1584
1576 2428 2519
2428 1576 2519
2519 1576 2428
1020 307 2974
2974 307 1020
307 1020 2974
1220 578 1941
1941 578 1220
578 1220 1941
302 374 2183
374 302 2183
2183 302 374
2612 190 292
190 292 2612
292 190 2612
2289 54 2328
2328 54 2289
54 2289 2328
1258 580 2376
2376 580 1258
580 1258 2376
223 690 2620
2620 223 690
690 223 2620
2892 543 2395
543 2395 2892
2395 543 2892
1326 1096 2430
1096 1326 2430
2430 1096 1326
1911 224 1203
1203 224 1911
224 1203 1911
8 726 2240
2240 8 726
726 8 2240
2456 1683 2668
1683 2456 2668
2668 1683 2456
1063 1677 2701
1677 1063 2701
2701 1063 1677
1029 1574 1689
1574 1029 1689
1689 1029 1574
2702 448 2765
2765 448 2702
448 2702 2765
2393 247 338
247 338 2393
338 247 2393
540 1282 1387
1282 540 1387
1387 540 1282
2505 1424 2472
1424 2472 2505
2472 1424 2505
2436 2807 2927
2807 2436 2927
2927 2436 2807
457 356 1148
1148 356 457
356 457 1148
2448 1182 1443
1182 1443 2448
1443 1182 2448
1404 1317 2191
2191 1317 1404
1317 1404 2191
1426 709 2745
2745 709 1426
709 1426 2745
1893 1015 1711
1711 1015 1893
1015 1711 1893
901 1392 2127
2127 901 1392
1392 901 2127
2909 885 2258
885 2258 2909
2258 885 2909
2141 529 2158
529 2141 2158
2158 529 2141
2288 161 262
262 161 2288
161 262 2288
1124 41 2977
2977 41 1124
41 1124 2977
56 179 563
563 56 179
179 56 563
2852 392 1393
1393 392 2852
392 1393 2852
2929 1008 1232
1008 1232 2929
1232 1008 2929
85 861 1312
861 85 1312
1312 85 861
2031 1293 2018
1293 2018 2031
2018 1293 2031
1996 675 2973
675 1996 2973
2973 675 1996
418 1775 2532
2532 418 1775
1775 418 2532
1884 1762 2303
2303 1762 1884
1762 1884 2303
469 1519 2399
1519 469 2399
2399 469 1519
1463 517 2687
517 1463 2687
2687 517 1463
1633 47 1720
1720 47 1633
47 1633 1720
2039 1260 2501
1260 2039 2501
2501 1260 2039
2016 29 2360
29 2016 2360
2360 29 2016
925 86 2516
2516 86 925
86 925 2516
2851 281 986
281 986 2851
986 281 2851
2147 1333 1461
1333 1461 2147
1461 1333 2147
1266 879 1771
879 1266 1771
1771 879 1266
1448 1230 2464
2464 1230 1448
1230 1448 2464
804 515 2273
515 804 2273
2273 515 804
1535 1504 2653
2653 1504 1535
1504 1535 2653
70 1052 2079
1052 70 2079
2079 70 1052
1023 1025 2447
1025 1023 2447
2447 1023 1025
1959 337 1189
337 1189 1959
1189 337 1959
2014 1636 1993
1636 1993 2014
1993 1636 2014
2354 1700 2412
1700 2354 2412
2412 1700 2354
2705 1355 1716
1355 1716 2705
1716 1355 2705
1703 2762 2844
2762 1703 2844
2844 1703 2762
2619 1897 2255
2255 1897 2619
1897 2255 2619
1668 561 1212
1212 561 1668
561 1212 1668
965 1283 1713
1713 965 1283
1283 965 1713
493 2100 2633
2100 493 2633
2633 493 2100
1974 796 2525
2525 796 1974
796 1974 2525
2800 419 1699
1699 419 2800
419 1699 2800
1231 1676 2922
1676 1231 2922
2922 1231 1676
1968 1498 2614
1498 1968 2614
2614 1498 1968
1824 1654 2719
1654 1824 2719
2719 1654 1824
2051 371 745
371 745 2051
745 371 2051
360 2531 2759
2759 360 2531
2531 360 2759
1650 404 1014
1014 404 1650
404 1014 1650
1898 2499 2776
2776 1898 2499
2499 1898 2776
1944 478 914
478 914 1944
914 478 1944
1839 1847 2190
1847 1839 2190
2190 1839 1847
2131 645 2636
645 2131 2636
2636 645 2131
2337 1149 2866
1149 2337 2866
2866 1149 2337
2205 1925 2601
2601 1925 2205
1925 2205 2601
215 878 1399
878 215 1399
1399 215 878
1998 1261 2553
2553 1261 1998
1261 1998 2553
2534 1169 1942
1942 1169 2534
1169 1942 2534
276 1954 2669
1954 276 2669
2669 276 1954
175 2116 2150
2116 175 2150
2150 175 2116
1329 881 1532
881 1329 1532
1532 881 1329
1680 812 1016
812 1016 1680
1016 812 1680
2625 747 2243
2243 747 2625
747 2243 2625
1002 342 1617
1617 342 1002
342 1002 1617
758 1183 2958
1183 758 2958
2958 758 1183
1082 40 2112
2112 40 1082
40 1082 2112
1007 1797 2671
2671 1007 1797
1797 1007 2671
2509 740 2189
740 2189 2509
2189 740 2509
2616 2640 2700
2640 2616 2700
2700 2616 2640
2035 864 920
864 920 2035
920 864 2035
411 2261 2964
2964 411 2261
2261 411 2964
1926 628 2085
628 1926 2085
2085 628 1926
1418 786 1882
786 1418 1882
1882 786 1418
2675 2152 2887
2887 2152 2675
2152 2675 2887
2403 372 2757
2757 372 2403
372 2403 2757
139 1115 1538
1115 139 1538
1538 139 1115
2159 2110 2460
2110 2159 2460
2460 2110 2159
23 66 499
66 23 499
499 23 66
683 346 1337
346 683 1337
1337 346 683
367 1179 1308
1308 367 1179
1179 367 1308
1596 1168 1761
1761 1168 1596
1168 1596 1761
963 1516 2098
1516 963 2098
2098 963 1516
1323 241 1219
241 1219 1323
1219 241 1323
2429 238 2445
238 2429 2445
2445 238 2429
1190 840 2638
2638 840 1190
840 1190 2638
2503 1827 2602
2602 1827 2503
1827 2503 2602
239 312 1619
312 239 1619
1619 239 312
871 1265 1564
1564 871 1265
1265 871 1564
1788 1370 2721
2721 1370 1788
1370 1788 2721
2481 1211 1664
1211 1664 2481
1664 1211 2481
2504 1273 2890
1273 2504 2890
2890 1273 2504
1560 501 2896
501 1560 2896
2896 501 1560
1353 88 2295
2295 88 1353
88 1353 2295
567 37 1221
1221 37 567
37 567 1221
808 50 2486
2486 50 808
50 808 2486
763 487 1871
1871 487 763
487 763 1871
2649 671 2756
671 2649 2756
2756 671 2649
2027 1702 2648
2648 1702 2027
1702 2027 2648
2921 1586 2520
2520 1586 2921
1586 2520 2921
2355 2109 2233
2233 2109 2355
2109 2233 2355
2726 720 2404
720 2404 2726
2404 720 2726
1637 1093 2622
2622 1093 1637
1093 1637 2622
2895 24 967
967 24 2895
24 967 2895
1763 1092 1479
1092 1479 1763
1479 1092 1763
1808 2342 2544
2544 1808 2342
2342 1808 2544
2771 46 216
46 216 2771
216 46 2771
2115 2725 2911
2911 2115 2725
2725 2115 2911
1454 72 2372
72 1454 2372
2372 72 1454
1815 142 2813
142 1815 2813
2813 142 1815
2434 2210 2469
2210 2434 2469
2469 2210 2434
2690 97 961
961 97 2690
97 961 2690
264 1502 2877
2877 264 1502
1502 264 2877
304 716 891
716 304 891
891 304 716
2673 642 1464
1464 642 2673
642 1464 2673
2173 432 1150
1150 432 2173
432 1150 2173
2260 587 897
587 897 2260
897 587 2260
597 1065 1864
1065 597 1864
1864 597 1065
582 667 1513
1513 582 667
667 582 1513
2709 288 2048
288 2048 2709
2048 288 2709
2034 783 2251
2251 783 2034
783 2034 2251
1328 1175 2908
1175 1328 2908
2908 1175 1328
2812 1647 2257
1647 2257 2812
2257 1647 2812
1286 178 1440
1440 178 1286
178 1286 1440
71 1136 1487
1487 71 1136
1136 71 1487
2128 1682 2461
1682 2128 2461
2461 1682 2128
1935 1153 1875
1875 1153 1935
1153 1875 1935
839 126 614
614 126 839
126 614 839
2972 598 1215
598 1215 2972
1215 598 2972
397 1410 2268
1410 397 2268
2268 397 1410
130 1177 2879
2879 130 1177
1177 130 2879
2847 2134 2835
2835 2134 2847
2134 2835 2847
1534 1766 2543
2543 1534 1766
1766 1534 2543
869 1731 2919
1731 869 2919
2919 869 1731
151 791 1140
1140 151 791
791 151 1140
736 334 1378
1378 334 736
334 736 1378
805 2234 2936
2234 805 2936
2936 805 2234
272 182 1235
1235 182 272
182 272 1235
1801 263 2138
2138 263 1801
263 1801 2138
1816 659 1591
1591 659 1816
659 1591 1816
297 737 2369
737 297 2369
2369 297 737
383 146 634
146 383 634
634 146 383
2249 652 1825
652 1825 2249
1825 652 2249
2459 887 2279
2279 887 2459
887 2279 2459
1145 330 2177
2177 330 1145
330 1145 2177
1618 1056 1327
1056 1327 1618
1327 1056 1618
1416 713 1822
1822 713 1416
713 1416 1822
2000 1470 2864
1470 2000 2864
2864 1470 2000
102 1277 1670
1670 102 1277
1277 102 1670
2197 1035 1569
1569 1035 2197
1035 1569 2197
2795 112 850
850 112 2795
112 850 2795
1877 106 2514
106 1877 2514
2514 106 1877
2179 731 1401
731 1401 2179
1401 731 2179
785 143 1290
143 785 1290
1290 143 785
1257 851 870
870 851 1257
851 870 1257
1541 273 2823
273 1541 2823
2823 273 1541
2689 362 1514
362 1514 2689
1514 362 2689
1196 2232 2321
2232 1196 2321
2321 1196 2232
2662 691 1575
691 1575 2662
1575 691 2662
2809 1452 1656
1452 1656 2809
1656 1452 2809
125 17 2361
2361 17 125
17 125 2361
833 113 2188
2188 113 833
113 833 2188
1434 395 2074
395 1434 2074
2074 395 1434
2883 1530 1873
1873 1530 2883
1530 1873 2883
1529 2076 2282
2076 1529 2282
2282 1529 2076
1227 1999 2155
1999 1227 2155
2155 1227 1999
1118 2247 2495
2495 1118 2247
2247 1118 2495
2417 494 2171
494 2171 2417
2171 494 2417
2488 936 2744
936 2488 2744
2744 936 2488
1814 376 2332
376 1814 2332
2332 376 1814
2559 1314 2236
1314 2236 2559
2236 1314 2559
2228 2374 2624
2624 2228 2374
2374 2228 2624
398 2254 2926
2254 398 2926
2926 398 2254
1086 591 2492
591 1086 2492
2492 591 1086
294 409 904
409 294 904
904 294 409
335 286 2996
286 335 2996
2996 286 335
2554 1126 2760
2760 1126 2554
1126 2554 2760
1405 1192 1336
1336 1192 1405
1192 1336 1405
259 21 2336
2336 21 259
21 259 2336
1475 1690 2380
1690 1475 2380
2380 1475 1690
1734 141 1121
1121 141 1734
141 1121 1734
255 856 2548
856 255 2548
2548 255 856
60 3 1634
1634 3 60
3 60 1634
2637 602 2007
602 2007 2637
2007 602 2637
635 200 452
452 200 635
200 452 635
1083 646 1208
1208 646 1083
646 1083 1208
752 12 780
780 12 752
12 752 780
2498 550 2772
2772 550 2498
550 2498 2772
1585 866 1438
866 1438 1585
1438 866 1585
2419 206 1411
206 1411 2419
1411 206 2419
1906 320 2609
2609 320 1906
320 1906 2609
2058 705 2373
705 2058 2373
2373 705 2058
1117 287 2312
287 1117 2312
2312 287 1117
2484 593 2129
2129 593 2484
593 2129 2484
615 1745 2170
2170 615 1745
1745 615 2170
1589 782 1112
1112 782 1589
782 1112 1589
900 1131 2934
1131 900 2934
2934 900 1131
2680 1431 2816
1431 2680 2816
2816 1431 2680
1851 194 1558
194 1558 1851
1558 194 1851
1026 518 1367
518 1026 1367
1367 518 1026
2458 313 2305
2305 313 2458
313 2305 2458
1362 530 1303
530 1303 1362
1303 530 1362
2933 1036 1287
1036 1287 2933
1287 1036 2933
45 76 1298
76 45 1298
1298 45 76
2949 1197 2512
1197 2512 2949
2512 1197 2949
784 310 1706
310 784 1706
1706 310 784
468 1908 2779
2779 468 1908
1908 468 2779
1429 253 502
502 253 1429
253 502 1429
1928 221 589
589 221 1928
221 589 1928
692 148 379
379 148 692
148 379 692
2739 2020 2590
2020 2590 2739
2590 2020 2739
1363 708 1628
1628 708 1363
708 1363 1628
1077 389 2571
2571 389 1077
389 1077 2571
2443 162 1288
1288 162 2443
162 1288 2443
1740 26 2298
2298 26 1740
26 1740 2298
761 2660 2925
2925 761 2660
2660 761 2925
880 734 1645
734 880 1645
1645 734 880
2010 1064 2176
2176 1064 2010
1064 2010 2176
2160 1878 1930
1878 1930 2160
1930 1878 2160
2754 1694 2778
1694 2754 2778
2778 1694 2754
2449 718 1155
1155 718 2449
718 1155 2449
2982 110 1144
110 1144 2982
1144 110 2982
604 1806 2117
1806 604 2117
2117 604 1806
1874 1100 1753
1100 1753 1874
1753 1100 1874
1085 35 415
415 35 1085
35 415 1085
2951 1559 1885
1559 1885 2951
1885 1559 2951
1338 485 1028
485 1028 1338
1028 485 1338
2529 233 2485
233 2485 2529
2485 233 2529
1391 1264 1860
1860 1264 1391
1264 1391 1860
295 119 1672
119 295 1672
1672 119 295
854 1850 2832
1850 854 2832
2832 854 1850
208 1616 1952
1952 208 1616
1616 208 1952
1240 2125 2580
2580 1240 2125
2125 1240 2580
490 192 1970
1970 192 490
192 490 1970
1756 2950 2970
2950 1756 2970
2970 1756 2950
899 2037 2646
2037 899 2646
2646 899 2037
138 203 1256
1256 138 203
203 138 1256
455 1181 1988
1988 455 1181
1181 455 1988
599 2237 2634
2634 599 2237
2237 599 2634
2836 481 2729
481 2729 2836
2729 481 2836
1061 534 1750
1750 534 1061
534 1061 1750
2121 507 2382
507 2121 2382
2382 507 2121
616 435 2975
2975 435 616
435 616 2975
1626 2732 2783
2732 1626 2783
2783 1626 2732
928 67 2162
67 928 2162
2162 67 928
326 1772 2641
2641 326 1772
1772 326 2641
1623 1697 2346
1697 1623 2346
2346 1623 1697
2551 2627 2724
2724 2551 2627
2627 2551 2724
437 1439 2740
1439 437 2740
2740 437 1439
232 559 2137
559 232 2137
2137 232 559
181 258 1842
1842 181 258
258 181 1842
1233 1760 1945
1760 1233 1945
1945 1233 1760
2043 2626 2684
2626 2043 2684
2684 2043 2626
413 1640 2989
2989 413 1640
1640 413 2989
739 2083 2536
2536 739 2083
2083 739 2536
1774 394 2281
2281 394 1774
394 1774 2281
508 1886 2746
1886 508 2746
2746 508 1886
1111 267 2217
267 1111 2217
2217 267 1111
1840 423 1171
423 1171 1840
1171 423 1840
1213 964 2003
964 1213 2003
2003 964 1213
1178 1163 2905
2905 1163 1178
1163 1178 2905
2172 477 1495
477 1495 2172
1495 477 2172
2084 976 1074
1074 976 2084
976 1074 2084
363 451 2161
451 363 2161
2161 363 451
949 1523 2455
1523 949 2455
2455 949 1523
361 191 231
191 231 361
231 191 361
1946 492 678
678 492 1946
492 678 1946
1867 2124 2703
2124 1867 2703
2703 1867 2124
832 87 222
222 87 832
87 222 832
1876 1691 2325
2325 1691 1876
1691 1876 2325
1473 34 2299
34 1473 2299
2299 34 1473
1581 572 2063
2063 572 1581
572 1581 2063
2924 349 2734
2734 349 2924
349 2734 2924
168 847 1940
1940 168 847
847 168 1940
1123 531 1649
1649 531 1123
531 1123 1649
2630 105 2791
2791 105 2630
105 2630 2791
2750 2105 2608
2105 2608 2750
2608 2105 2750
2040 217 532
217 532 2040
532 217 2040
535 2345 2961
2345 535 2961
2961 535 2345
458 1790 2670
1790 458 2670
2670 458 1790
2628 427 1773
1773 427 2628
427 1773 2628
1721 1746 1978
1978 1721 1746
1746 1721 1978
2383 1236 2931
2931 1236 2383
1236 2383 2931
341 245 2570
2570 245 341
245 341 2570
187 1782 2211
1782 187 2211
2211 187 1782
2207 2156 2748
2156 2207 2748
2748 2156 2207
811 188 2752
188 811 2752
2752 188 811
664 1522 1817
1522 664 1817
1817 664 1522
1499 91 1484
91 1484 1499
1484 91 1499
377 882 1374
1374 377 882
882 377 1374
1938 2065 2874
2874 1938 2065
2065 1938 2874
2028 1490 2645
1490 2028 2645
2645 1490 2028
370 660 1718
1718 370 660
660 370 1718
2857 1280 1653
1280 1653 2857
1653 1280 2857
2087 547 2122
547 2087 2122
2122 547 2087
2707 2302 2731
2731 2302 2707
2302 2707 2731
204 156 1555
1555 156 204
156 204 1555
2457 1185 2276
2276 1185 2457
1185 2276 2457
354 1139 2465
1139 354 2465
2465 354 1139
688 396 1895
396 688 1895
1895 396 688
943 1961 2993
2993 943 1961
1961 943 2993
1304 2045 2711
2711 1304 2045
2045 1304 2711
2761 189 309
189 309 2761
309 189 2761
328 324 2658
324 328 2658
2658 324 328
2069 2491 2876
2491 2069 2876
2876 2069 2491
1917 1013 1164
1164 1013 1917
1013 1164 1917
2617 248 1857
248 1857 2617
1857 248 2617
538 496 926
496 538 926
926 496 538
165 968 1297
1297 165 968
968 165 1297
513 1022 1609
1609 513 1022
1022 513 1609
934 592 2250
2250 592 934
592 934 2250
565 2103 2340
2340 565 2103
2103 565 2340
439 1114 2818
2818 439 1114
1114 439 2818
1800 317 1509
317 1509 1800
1509 317 1800
2886 1553 2838
2838 1553 2886
1553 2838 2886
2999 2313 2362
2313 2362 2999
2362 2313 2999
1394 505 1597
505 1394 1597
1597 505 1394
1757 462 834
462 834 1757
834 462 1757
521 794 1606
1606 521 794
794 521 1606
2022 1137 2294
1137 2022 2294
2294 1137 2022
579 2012 2635
2012 579 2635
2635 579 2012
230 629 1688
629 230 1688
1688 230 629
655 2118 2239
2239 655 2118
2118 655 2239
1880 27 445
445 27 1880
27 445 1880
69 912 1444
1444 69 912
912 69 1444
339 406 1671
406 339 1671
1671 339 406
2174 1383 1550
1550 1383 2174
1383 1550 2174
1525 581 1389
1389 581 1525
581 1389 1525
44 975 2537
975 44 2537
2537 44 975
1595 890 1909
890 1595 1909
1909 890 1595
2062 2072 2631
2631 2062 2072
2072 2062 2631
2466 31 225
31 225 2466
225 31 2466
1837 776 2960
776 1837 2960
2960 776 1837
429 359 1412
359 429 1412
1412 359 429
1770 711 1492
711 1492 1770
1492 711 1770
2990 14 2215
14 2215 2990
2215 14 2990
1991 375 1865
375 1865 1991
1865 375 1991
1104 116 118
118 116 1104
116 118 1104
2322 278 815
815 278 2322
278 815 2322
197 333 500
500 197 333
333 197 500
2983 1423 1476
1423 1476 2983
1476 1423 2983
163 1390 2024
2024 163 1390
1390 163 2024
1090 1360 1467
1467 1090 1360
1360 1090 1467
244 1386 1692
1692 244 1386
1386 244 1692
254 701 2145
701 254 2145
2145 254 701
1924 2202 2524
2202 1924 2524
2524 1924 2202
2610 1965 2075
2075 1965 2610
1965 2075 2610
1321 416 868
868 416 1321
416 868 1321
2946 693 819
693 819 2946
819 693 2946
2856 212 2943
212 2856 2943
2943 212 2856
2353 1542 1982
1542 1982 2353
1982 1542 2353
1311 2218 2344
2218 1311 2344
2344 1311 2218
2910 997 1017
1017 997 2910
997 1017 2910
2819 917 1727
1727 917 2819
917 1727 2819
298 174 2068
2068 174 298
174 298 2068
2912 957 1500
1500 957 2912
957 1500 2912
2717 135 1200
135 1200 2717
1200 135 2717
1194 316 484
484 316 1194
316 484 1194
1704 2025 2969
2969 1704 2025
2025 1704 2969
1034 447 1202
447 1034 1202
1202 447 1034
2352 653 2562
2562 653 2352
653 2352 2562
1577 1425 1665
1425 1577 1665
1665 1425 1577
74 764 2932
764 74 2932
2932 74 764
78 849 2586
849 78 2586
2586 78 849
1249 1571 2377
1571 1249 2377
2377 1249 1571
1870 2130 2453
2453 1870 2130
2130 1870 2453
898 93 755
93 755 898
755 93 898
800 939 1742
1742 800 939
939 800 1742
2077 1009 2357
1009 2077 2357
2357 1009 2077
2902 2 2356
2356 2 2902
2 2356 2902
1272 1948 2593
1948 1272 2593
2593 1272 1948
2535 2320 2796
2796 2320 2535
2320 2535 2796
2422 449 2070
449 2070 2422
2070 449 2422
1739 1047 2513
2513 1047 1739
1047 1739 2513
2483 859 2231
859 2231 2483
2231 859 2483
570 1062 1927
1062 570 1927
1927 570 1062
2784 929 1604
929 1604 2784
1604 929 2784
450 293 1395
293 450 1395
1395 293 450
2451 606 1238
606 1238 2451
1238 606 2451
1373 704 1977
1977 704 1373
704 1373 1977
2523 1299 1854
1854 1299 2523
1299 1854 2523
1748 623 724
724 623 1748
623 724 1748
632 1039 2244
1039 632 2244
2244 632 1039
1458 1242 2133
1242 1458 2133
2133 1242 1458
355 296 1969
296 355 1969
1969 296 355
577 1347 1468
1468 577 1347
1347 577 1468
2872 131 2728
131 2728 2872
2728 131 2872
1046 639 2166
639 1046 2166
2166 639 1046
1726 525 1641
1641 525 1726
525 1641 1726
1101 480 1005
480 1005 1101
1005 480 1101
1819 414 2044
2044 414 1819
414 1819 2044
2846 1110 2747
1110 2747 2846
2747 1110 2846
89 586 2860
586 89 2860
2860 89 586
2265 2242 2792
2242 2265 2792
2792 2242 2265
1863 1343 1588
1343 1588 1863
1588 1343 1863
1669 1159 1505
1159 1505 1669
1505 1159 1669
927 830 1234
830 927 1234
1234 830 927
2487 536 1214
536 1214 2487
1214 536 2487
1981 1060 2981
2981 1060 1981
1060 1981 2981
2165 608 680
608 680 2165
680 608 2165
2036 1010 1267
1010 1267 2036
1267 1010 2036
2398 1849 2017
2017 1849 2398
1849 2017 2398
5 350 1128
1128 5 350
350 5 1128
2769 1536 1728
1728 1536 2769
1536 1728 2769
2773 654 665
665 654 2773
654 665 2773
2657 240 2650
2650 240 2657
240 2650 2657
820 1891 2416
1891 820 2416
2416 820 1891
2758 199 1856
1856 199 2758
199 1856 2758
2697 1263 1632
1263 1632 2697
1632 1263 2697
1038 2252 2867
2252 1038 2867
2867 1038 2252
777 1510 2099
1510 777 2099
2099 777 1510
1590 137 1294
1294 137 1590
137 1294 1590
574 1561 2764
1561 574 2764
2764 574 1561
1658 1109 2865
1109 1658 2865
2865 1109 1658
2444 744 1222
1222 744 2444
744 1222 2444
1420 2104 2801
2801 1420 2104
2104 1420 2801
198 2002 2611
2611 198 2002
2002 198 2611
1451 1042 1844
1042 1451 1844
1844 1042 1451
1269 511 2888
511 1269 2888
2888 511 1269
2411 556 2515
2515 556 2411
556 2411 2515
1285 697 2540
697 1285 2540
2540 697 1285
607 526 687
526 607 687
687 526 607
948 49 707
707 49 948
49 707 948
1132 2482 2928
2928 1132 2482
2482 1132 2928
1486 876 1735
876 1486 1735
1735 876 1486
1044 624 2663
624 1044 2663
2663 624 1044
1651 1244 1291
1244 1291 1651
1291 1244 1651
999 1489 2306
2306 999 1489
1489 999 2306
2206 2768 2998
2998 2206 2768
2768 2206 2998
186 1210 2781
1210 186 2781
2781 186 1210
62 603 1512
1512 62 603
603 62 1512
1216 301 2942
2942 301 1216
301 1216 2942
2941 129 735
735 129 2941
129 735 2941
90 336 1449
1449 90 336
336 90 1449
2903 662 677
677 662 2903
662 677 2903
453 280 1599
280 453 1599
1599 280 453
2811 1903 1943
1943 1903 2811
1903 1943 2811
773 888 2881
888 773 2881
2881 773 888
1812 386 2439
386 1812 2439
2439 386 1812
1252 1732 1923
1732 1252 1923
1923 1252 1732
2094 218 551
218 551 2094
551 218 2094
1836 306 2033
306 1836 2033
2033 306 1836
120 257 1915
257 120 1915
1915 120 257
140 760 1161
1161 140 760
760 140 1161
1517 1621 2187
1621 1517 2187
2187 1517 1621
576 1352 1963
1352 576 1963
1963 576 1352
1953 213 1528
1528 213 1953
213 1528 1953
2882 951 2954
2954 951 2882
951 2882 2954
2350 1983 2588
2588 1983 2350
1983 2350 2588
1138 124 921
124 921 1138
921 124 1138
932 896 1939
1939 896 932
896 932 1939
1813 15 944
944 15 1813
15 944 1813
2307 686 1447
686 1447 2307
1447 686 2307
2066 810 1191
810 1191 2066
1191 810 2066
434 173 2679
2679 173 434
173 434 2679
401 180 504
504 180 401
180 401 504
954 318 2148
318 954 2148
2148 318 954
1173 1195 2834
2834 1173 1195
1195 1173 2834
647 1843 2897
1843 647 2897
2897 647 1843
848 476 2238
476 848 2238
2238 476 848
584 618 1102
618 584 1102
1102 584 618
1705 1088 1787
1088 1705 1787
1787 1088 1705
974 1853 2916
1853 974 2916
2916 974 1853
1980 51 2854
51 1980 2854
2854 51 1980
1759 417 666
417 666 1759
666 417 1759
378 30 2695
30 378 2695
2695 30 378
648 781 2418
781 648 2418
2418 648 781
1000 1685 2632
1685 1000 2632
2632 1000 1685
2064 1296 2008
2008 1296 2064
1296 2008 2064
2685 1292 2212
1292 2212 2685
2212 1292 2685
2278 909 1958
1958 909 2278
909 1958 2278
510 1243 1805
1805 510 1243
1243 510 1805
1929 1919 2241
2241 1919 1929
1919 1929 2241
2389 1059 2101
1059 2101 2389
2101 1059 2389
1246 1300 1835
1835 1246 1300
1300 1246 1835
2676 2452 2708
2452 2676 2708
2708 2452 2676
946 1986 2720
2720 946 1986
1986 946 2720
2421 111 2677
111 2421 2677
2677 111 2421
1533 1 892
892 1 1533
1 892 1533
2227 1515 2435
1515 2227 2435
2435 1515 2227
357 594 2230
2230 357 594
594 357 2230
410 827 2401
2401 410 827
827 410 2401
994 863 2600
863 994 2600
2600 863 994
844 11 916
916 11 844
11 844 916
1462 583 2300
2300 583 1462
583 1462 2300
2182 82 1133
1133 82 2182
82 1133 2182
1987 1268 2522
2522 1268 1987
1268 1987 2522
564 733 942
942 564 733
733 564 942
2978 475 2078
2078 475 2978
475 2078 2978
2473 2686 2863
2686 2473 2863
2863 2473 2686
2479 382 1218
1218 382 2479
382 1218 2479
1570 430 1135
1135 430 1570
430 1135 1570
2378 160 2390
160 2378 2390
2390 160 2378
2597 1068 1795
1795 1068 2597
1068 1795 2597
1890 1040 2185
2185 1040 1890
1040 1890 2185
1889 2263 2605
2605 1889 2263
2263 1889 2605
1715 855 1629
855 1629 1715
1629 855 1715
1912 220 2944
220 1912 2944
2944 220 1912
905 421 945
945 421 905
421 905 945
751 1270 1600
1600 751 1270
1270 751 1600
710 825 2568
2568 710 825
825 710 2568
1934 32 2348
2348 32 1934
32 1934 2348
1012 331 1364
331 1012 1364
1364 331 1012
699 1361 1493
1361 699 1493
1493 699 1361
1053 170 2476
170 1053 2476
2476 170 1053
875 1075 2541
2541 875 1075
1075 875 2541
1830 1592 2713
1592 1830 2713
2713 1592 1830
2329 344 979
979 344 2329
344 979 2329
670 835 2698
2698 670 835
835 670 2698
1707 588 2585
2585 588 1707
588 1707 2585
1845 314 1802
1802 314 1845
314 1802 1845
1602 1990 2204
1990 1602 2204
2204 1602 1990
256 689 1054
689 256 1054
1054 256 689
641 651 1776
1776 641 651
651 641 1776
2569 2696 2799
2696 2569 2799
2799 2569 2696
2364 1129 1217
1217 1129 2364
1129 1217 2364
1147 1247 2046
2046 1147 1247
1247 1147 2046
1419 347 1712
1712 347 1419
347 1419 1712
269 229 352
352 229 269
229 269 352
1456 2143 2986
2986 1456 2143
2143 1456 2986
122 1250 2442
2442 122 1250
1250 122 2442
1786 1108 2894
2894 1108 1786
1108 1786 2894
2561 2169 2940
2169 2561 2940
2940 2169 2561
1354 2338 2560
2338 1354 2560
2560 1354 2338
1365 166 860
166 860 1365
860 166 1365
906 80 2235
2235 80 906
80 906 2235
1608 533 1611
1611 533 1608
533 1608 1611
2073 636 889
636 889 2073
889 636 2073
2060 279 2463
279 2060 2463
2463 279 2060
53 2326 2366
2366 53 2326
2326 53 2366
167 768 1349
768 167 1349
1349 167 768
1084 1933 2286
1933 1084 2286
2286 1084 1933
466 33 2557
33 466 2557
2557 33 466
99 1503 2023
1503 99 2023
2023 99 1503
2050 2594 2704
2594 2050 2704
2704 2050 2594
955 1045 2331
1045 955 2331
2331 955 1045
971 1679 2621
1679 971 2621
2621 971 1679
2808 1807 2555
2555 1807 2808
1807 2555 2808
391 75 548
548 75 391
75 391 548
1547 1481 1794
1481 1547 1794
1794 1481 1547
1460 365 845
365 845 1460
845 365 1460
133 910 2694
910 133 2694
2694 133 910
18 725 1345
1345 18 725
725 18 1345
1066 1006 1737
1006 1066 1737
1737 1006 1066
1778 1078 1971
1971 1078 1778
1078 1778 1971
22 488 829
829 22 488
488 22 829
630 155 1180
155 630 1180
1180 155 630
1644 2229 2655
2229 1644 2655
2655 1644 2229
663 2318 2971
2971 663 2318
2318 663 2971
1730 283 923
283 923 1730
923 283 1730
2528 1615 2406
1615 2406 2528
2406 1615 2528
958 1962 2995
2995 958 1962
1962 958 2995
380 2096 2582
2582 380 2096
2096 380 2582
486 558 2226
558 486 2226
2226 486 558
2873 2005 2280
2005 2280 2873
2280 2005 2873
858 983 2806
983 858 2806
2806 858 983
1245 1119 2730
2730 1119 1245
1119 1245 2730
1483 1554 1922
1922 1483 1554
1554 1483 1922
1442 1170 2749
2749 1170 1442
1170 1442 2749
627 1003 1127
1003 627 1127
1127 627 1003
2623 2843 2957
2957 2623 2843
2843 2623 2957
2293 503 2132
503 2132 2293
2132 503 2293
495 109 2889
109 495 2889
2889 109 495
2359 63 1593
63 1593 2359
1593 63 2359
1356 2270 2489
2489 1356 2270
2270 1356 2489
2828 877 1313
877 1313 2828
1313 877 2828
1907 402 759
402 759 1907
759 402 1907
299 977 2723
977 299 2723
2723 299 977
2301 1125 1385
1125 1385 2301
1385 1125 2301
1441 274 813
274 813 1441
813 274 1441
2530 1846 1973
1973 1846 2530
1846 1973 2530
1799 441 512
512 441 1799
441 512 1799
1457 251 817
817 251 1457
251 817 1457
1341 842 2824
2824 842 1341
842 1341 2824
801 1918 2146
2146 801 1918
1918 801 2146
514 366 482
366 482 514
482 366 514
1994 59 1578
1578 59 1994
59 1578 1994
2900 153 2733
153 2733 2900
2733 153 2900
2178 1421 1765
1765 1421 2178
1421 1765 2178
1320 1531 2825
2825 1320 1531
1531 1320 2825
2979 1248 1733
1248 1733 2979
1733 1248 2979
207 2409 2915
2915 207 2409
2409 207 2915
1033 1097 2198
1097 1033 2198
2198 1033 1097
658 407 2780
2780 407 658
407 658 2780
1614 1809 1979
1979 1614 1809
1809 1614 1979
1638 1176 1796
1176 1638 1796
1796 1176 1638
2319 390 2691
2691 390 2319
390 2319 2691
176 2667 2751
2667 176 2751
2751 176 2667
2135 243 2814
2814 243 2135
243 2135 2814
2157 10 1681
10 1681 2157
1681 10 2157
1414 219 2727
219 1414 2727
2727 219 1414
2119 1646 2392
2392 1646 2119
1646 2119 2392
852 1146 2850
2850 852 1146
1146 852 2850
2462 2245 2785
2785 2245 2462
2245 2462 2785
2391 715 962
715 962 2391
962 715 2391
779 1279 2011
2011 779 1279
1279 779 2011
2209 353 2433
2433 353 2209
353 2209 2433
1228 1043 1307
1043 1228 1307
1307 1043 1228
2985 2682 2952
2952 2682 2985
2682 2952 2985
1831 1508 2829
1508 1831 2829
2829 1508 1831
2920 1251 1631
1251 1631 2920
1631 1251 2920
211 1828 2935
