2247 533 1007
533 1007 2247
1007 533 2247
549 765 1720
1720 549 765
765 549 1720
2693 616 2768
2768 616 2693
616 2693 2768
1091 186 1703
1703 186 1091
186 1091 1703
976 1020 2523
2523 976 1020
1020 976 2523
1358 1529 1847
1847 1358 1529
1529 1358 1847
1920 536 1219
536 1219 1920
1219 536 1920
629 2323 2922
2323 629 2922
2922 629 2323
163 799 2995
2995 163 799
799 163 2995
2719 1598 2921
2921 1598 2719
1598 2719 2921
721 366 2959
2959 366 721
366 721 2959
892 1083 2923
2923 892 1083
1083 892 2923
2956 397 1325
397 1325 2956
1325 397 2956
1511 544 2597
2597 544 1511
544 1511 2597
657 71 1974
71 657 1974
1974 71 657
1926 1527 2083
2083 1527 1926
1527 1926 2083
2415 286 2968
2968 286 2415
286 2415 2968
1205 876 1877
1877 876 1205
876 1205 1877
14 388 390
388 14 390
390 14 388
2431 920 1858
920 1858 2431
1858 920 2431
702 722 2148
722 702 2148
2148 702 722
2398 636 1218
1218 636 2398
636 1218 2398
2436 618 654
618 654 2436
654 618 2436
2909 1679 1935
1679 1935 2909
1935 1679 2909
2470 806 2824
2824 806 2470
806 2470 2824
105 236 368
236 105 368
368 105 236
1242 2281 2905
2281 1242 2905
2905 1242 2281
873 966 1523
1523 873 966
966 873 1523
1110 421 2464
421 1110 2464
2464 421 1110
2640 1618 2271
2271 1618 2640
1618 2271 2640
2650 1210 1572
1210 1572 2650
1572 1210 2650
2359 1098 1939
1939 1098 2359
1098 1939 2359
511 2202 2378
2378 511 2202
2202 511 2378
78 2590 2593
2593 78 2590
2590 78 2593
198 123 1221
123 198 1221
1221 123 198
2742 1211 1669
1211 1669 2742
1669 1211 2742
2165 232 2053
232 2053 2165
2053 232 2165
2067 1479 2844
1479 2067 2844
2844 1479 2067
1585 685 2766
2766 685 1585
685 1585 2766
640 2687 2872
2872 640 2687
2687 640 2872
2667 1261 2374
2374 1261 2667
1261 2374 2667
401 55 797
55 401 797
797 55 401
2044 228 1563
228 1563 2044
1563 228 2044
456 885 1370
885 456 1370
1370 456 885
1964 1931 2268
2268 1931 1964
1931 1964 2268
1480 243 741
243 741 1480
741 243 1480
602 1202 1314
1314 602 1202
1202 602 1314
2743 385 1745
385 1745 2743
1745 385 2743
2888 1284 1729
1729 1284 2888
1284 1729 2888
2813 2026 2408
2408 2026 2813
2026 2408 2813
2678 2074 2804
2074 2678 2804
2804 2074 2678
2081 311 1312
311 1312 2081
1312 311 2081
490 1153 2971
1153 490 2971
2971 490 1153
104 634 2752
2752 104 634
634 104 2752
117 40 1512
40 117 1512
1512 40 117
1002 2213 2277
2213 1002 2277
2277 1002 2213
515 532 2570
2570 515 532
532 515 2570
2654 1857 2426
2426 1857 2654
1857 2426 2654
2869 1418 2724
2724 1418 2869
1418 2724 2869
2454 1434 1717
1434 1717 2454
1717 1434 2454
2080 709 2011
2011 709 2080
709 2011 2080
1056 750 2335
750 1056 2335
2335 750 1056
2925 429 2645
429 2645 2925
2645 429 2925
2384 1149 2038
2038 1149 2384
1149 2038 2384
902 845 1394
1394 845 902
845 902 1394
1044 409 2931
2931 409 1044
409 1044 2931
297 1578 1594
1594 297 1578
1578 297 1594
1275 361 2979
2979 361 1275
361 1275 2979
827 227 1421
1421 227 827
227 827 1421
2130 1308 2814
1308 2130 2814
2814 1308 2130
1687 1049 2208
1049 1687 2208
2208 1049 1687
308 1713 2670
2670 308 1713
1713 308 2670
2309 877 2017
877 2017 2309
2017 877 2309
1970 993 2647
993 1970 2647
2647 993 1970
1137 862 1129
862 1129 1137
1129 862 1137
2322 159 2607
2607 159 2322
159 2322 2607
443 75 817
817 75 443
75 443 817
1981 2639 2882
2882 1981 2639
2639 1981 2882
2448 1894 2372
2372 1894 2448
1894 2372 2448
257 1808 2468
1808 257 2468
2468 257 1808
158 181 2153
2153 158 181
181 158 2153
725 886 2699
2699 725 886
886 725 2699
1599 1420 1616
1420 1599 1616
1616 1420 1599
2913 499 1289
1289 499 2913
499 1289 2913
299 321 1637
1637 299 321
321 299 1637
2515 82 1777
82 1777 2515
1777 82 2515
2444 2778 2903
2903 2444 2778
2778 2444 2903
1342 415 2180
415 1342 2180
2180 415 1342
2947 1922 2316
2316 1922 2947
1922 2316 2947
2563 1026 2793
1026 2563 2793
2793 1026 2563
1039 1095 1443
1095 1039 1443
1443 1039 1095
1346 264 2385
264 1346 2385
2385 264 1346
1090 948 1730
948 1090 1730
1730 948 1090
2791 1331 1902
1902 1331 2791
1331 1902 2791
835 464 1184
464 835 1184
1184 464 835
1471 1449 2863
2863 1449 1471
1449 1471 2863
1506 2642 2822
2822 1506 2642
2642 1506 2822
2928 2463 2517
2517 2463 2928
2463 2517 2928
882 858 1582
858 882 1582
1582 858 882
1452 1256 1605
1256 1452 1605
1605 1256 1452
1461 985 1133
985 1133 1461
1133 985 1461
2586 1918 2839
2839 1918 2586
1918 2586 2839
1783 1986 2140
1986 1783 2140
2140 1783 1986
1258 940 1874
1874 940 1258
940 1258 1874
1943 285 2987
285 1943 2987
2987 285 1943
2018 2427 2690
2690 2018 2427
2427 2018 2690
1640 440 682
682 440 1640
440 682 1640
357 196 2119
2119 196 357
196 357 2119
759 547 2894
547 759 2894
2894 547 759
1517 2362 2949
2362 1517 2949
2949 1517 2362
696 292 2420
292 696 2420
2420 292 696
1176 2221 2960
2221 1176 2960
2960 1176 2221
647 1280 2789
2789 647 1280
1280 647 2789
2985 854 2900
854 2900 2985
2900 854 2985
1103 394 1426
1426 394 1103
394 1103 1426
663 1229 1600
1229 663 1600
1600 663 1229
2796 1071 2537
1071 2537 2796
2537 1071 2796
2556 2110 2250
2110 2250 2556
2250 2110 2556
2280 1501 1672
1501 1672 2280
1672 1501 2280
197 380 1392
1392 197 380
380 197 1392
1307 703 1617
703 1307 1617
1617 703 1307
2500 148 2089
148 2089 2500
2089 148 2500
1675 442 2275
2275 442 1675
442 1675 2275
2168 777 2302
2302 777 2168
777 2168 2302
994 1226 2646
1226 994 2646
2646 994 1226
2594 1082 2508
1082 2508 2594
2508 1082 2594
550 458 620
620 458 550
458 550 620
1740 268 1650
1650 268 1740
268 1650 1740
475 1844 2632
2632 475 1844
1844 475 2632
681 775 1200
775 681 1200
1200 681 775
795 1846 2473
2473 795 1846
1846 795 2473
931 1881 2559
1881 931 2559
2559 931 1881
991 2100 2498
2100 991 2498
2498 991 2100
1553 984 2633
984 1553 2633
2633 984 1553
986 18 2945
2945 18 986
18 986 2945
1145 156 1297
1297 156 1145
156 1145 1297
106 439 1861
439 106 1861
1861 106 439
2170 675 1949
675 1949 2170
1949 675 2170
253 1291 2331
1291 253 2331
2331 253 1291
349 594 2630
2630 349 594
594 349 2630
863 128 724
128 724 863
724 128 863
423 801 861
861 423 801
801 423 861
2843 1213 1574
1574 1213 2843
1213 1574 2843
2356 1065 1387
1065 1387 2356
1387 1065 2356
364 559 671
671 364 559
559 364 671
514 290 2722
2722 290 514
290 514 2722
266 1048 1108
1048 266 1108
1108 266 1048
1156 609 2400
2400 609 1156
609 1156 2400
1241 1666 1821
1821 1241 1666
1666 1241 1821
200 1267 2932
2932 200 1267
1267 200 2932
1569 306 1232
306 1232 1569
1232 306 1569
2199 1316 2942
1316 2199 2942
2942 1316 2199
94 428 2093
2093 94 428
428 94 2093
2591 1047 1196
1047 1196 2591
1196 1047 2591
2861 1158 1880
1158 1880 2861
1880 1158 2861
2432 187 2076
187 2076 2432
2076 187 2432
881 79 1900
79 881 1900
1900 79 881
847 450 998
450 847 998
998 450 847
1198 1168 2823
2823 1168 1198
1168 1198 2823
541 977 1772
1772 541 977
977 541 1772
1244 422 1968
422 1244 1968
1968 422 1244
1755 1096 2176
2176 1096 1755
1096 1755 2176
2015 2344 2603
2344 2015 2603
2603 2015 2344
508 869 2846
869 508 2846
2846 508 869
2815 1526 1908
1526 1908 2815
1908 1526 2815
2142 2388 2545
2545 2142 2388
2388 2142 2545
2333 373 1403
1403 373 2333
373 1403 2333
2188 1288 2868
2868 1288 2188
1288 2188 2868
2587 1017 1329
1017 1329 2587
1329 1017 2587
2682 210 1562
210 1562 2682
1562 210 2682
591 1784 2613
1784 591 2613
2613 591 1784
2930 487 2838
2838 487 2930
487 2838 2930
2800 1121 1800
1800 1121 2800
1121 1800 2800
1303 2411 2840
2411 1303 2840
2840 1303 2411
803 1128 1785
1128 803 1785
1785 803 1128
2151 295 2496
295 2151 2496
2496 295 2151
615 772 2266
772 615 2266
2266 615 772
403 195 1050
1050 195 403
195 403 1050
352 1102 2007
2007 352 1102
1102 352 2007
1165 174 596
174 596 1165
596 174 1165
2625 705 1897
1897 705 2625
705 1897 2625
2050 224 1754
1754 224 2050
224 1754 2050
1878 1029 2422
2422 1029 1878
1029 1878 2422
917 1514 2715
2715 917 1514
1514 917 2715
2881 1309 2709
1309 2709 2881
2709 1309 2881
1929 2540 2634
2634 1929 2540
2540 1929 2634
491 720 906
720 491 906
906 491 720
138 2481 2495
2481 138 2495
2495 138 2481
2086 168 1089
168 1089 2086
1089 168 2086
1453 150 1357
1357 150 1453
150 1357 1453
880 846 2312
846 880 2312
2312 846 880
1938 1473 2288
2288 1473 1938
1473 1938 2288
589 698 1009
698 589 1009
1009 589 698
2332 28 1748
28 1748 2332
1748 28 2332
399 319 754
319 399 754
754 319 399
1265 691 2880
691 1265 2880
2880 691 1265
39 632 1462
1462 39 632
632 39 1462
1154 1451 1839
1451 1154 1839
1839 1154 1451
2226 1788 2394
1788 2226 2394
2394 1788 2226
837 1667 2825
2825 837 1667
1667 837 2825
1537 1333 2911
2911 1333 1537
1333 1537 2911
1159 467 1571
467 1159 1571
1571 467 1159
63 1632 2623
2623 63 1632
1632 63 2623
1732 1591 2483
1591 1732 2483
2483 1591 1732
813 418 1066
1066 418 813
418 813 1066
37 776 2139
2139 37 776
776 37 2139
1416 1614 2154
1614 1416 2154
2154 1416 1614
1499 1045 2283
2283 1045 1499
1045 1499 2283
962 764 2855
2855 764 962
764 962 2855
1674 1178 2045
1178 1674 2045
2045 1178 1674
1018 291 1978
1978 291 1018
291 1018 1978
1138 608 834
834 608 1138
608 834 1138
116 1609 2569
1609 116 2569
2569 116 1609
1231 1347 2684
1347 1231 2684
2684 1231 1347
773 1791 2627
1791 773 2627
2627 773 1791
1379 825 1148
1148 825 1379
825 1148 1379
404 2212 2714
2714 404 2212
2212 404 2714
2852 718 844
718 844 2852
844 718 2852
2055 1568 2994
1568 2055 2994
2994 1568 2055
958 578 1552
578 958 1552
1552 578 958
1774 118 2489
2489 118 1774
118 1774 2489
1323 407 2058
407 1323 2058
2058 407 1323
2002 670 926
926 670 2002
670 926 2002
1555 326 2502
326 1555 2502
2502 326 1555
1545 320 934
934 320 1545
320 934 1545
177 832 2665
832 177 2665
2665 177 832
2458 1085 2065
2065 1085 2458
1085 2065 2458
2991 1862 2004
1862 2004 2991
2004 1862 2991
216 726 1225
1225 216 726
726 216 1225
2741 520 1873
1873 520 2741
520 1873 2741
2237 182 1957
1957 182 2237
182 1957 2237
1290 543 2082
543 1290 2082
2082 543 1290
1698 1343 1460
1460 1343 1698
1343 1460 1698
134 489 2433
2433 134 489
489 134 2433
1971 884 2492
2492 884 1971
884 1971 2492
2030 21 1535
1535 21 2030
21 1535 2030
2106 1868 2713
1868 2106 2713
2713 1868 2106
365 2310 2450
2450 365 2310
2310 365 2450
1532 565 1612
565 1532 1612
1612 565 1532
436 2009 2599
2009 436 2599
2599 436 2009
2253 282 1836
1836 282 2253
282 1836 2253
593 853 1345
1345 593 853
853 593 1345
2382 141 2023
2023 141 2382
141 2023 2382
1573 1448 1919
1448 1573 1919
1919 1448 1573
2707 1478 2737
2737 1478 2707
1478 2707 2737
2282 339 921
921 339 2282
339 921 2282
1107 1350 2406
1350 1107 2406
2406 1107 1350
1383 1415 2101
1415 1383 2101
2101 1383 1415
1318 1097 2461
2461 1097 1318
1097 1318 2461
723 53 843
53 723 843
843 53 723
249 1814 2677
1814 249 2677
2677 249 1814
2246 628 1884
1884 628 2246
628 1884 2246
19 1867 2046
2046 19 1867
1867 19 2046
101 1450 2487
1450 101 2487
2487 101 1450
1395 445 1463
1463 445 1395
445 1395 1463
538 1139 2989
2989 538 1139
1139 538 2989
2952 1544 1969
1544 1969 2952
1969 1544 2952
2028 687 1409
687 1409 2028
1409 687 2028
1565 719 2948
2948 719 1565
719 1565 2948
2052 1377 2614
2614 1377 2052
1377 2052 2614
474 98 2207
98 474 2207
2207 98 474
1363 327 2811
2811 327 1363
327 1363 2811
1628 362 2313
362 1628 2313
2313 362 1628
2803 796 2196
796 2196 2803
2196 796 2803
575 2319 2944
2944 575 2319
2319 575 2944
278 1004 1973
1973 278 1004
1004 278 1973
470 660 2809
2809 470 660
660 470 2809
1378 1481 2626
2626 1378 1481
1481 1378 2626
2145 83 449
83 449 2145
449 83 2145
2166 1663 2048
1663 2048 2166
2048 1663 2166
2504 1827 2175
2175 1827 2504
1827 2175 2504
2953 897 1714
897 1714 2953
1714 897 2953
1003 1993 2529
2529 1003 1993
1993 1003 2529
27 1886 2637
1886 27 2637
2637 27 1886
830 1239 1743
1239 830 1743
1743 830 1239
1542 202 276
202 276 1542
276 202 1542
2679 1619 1655
1655 1619 2679
1619 1655 2679
1711 2558 2560
2560 1711 2558
2558 1711 2560
2447 70 1869
70 1869 2447
1869 70 2447
2265 1300 2983
1300 2265 2983
2983 1300 2265
1866 1589 2339
1589 1866 2339
2339 1589 1866
2978 246 2565
246 2565 2978
2565 246 2978
890 411 1927
411 890 1927
1927 411 890
89 1773 2478
2478 89 1773
1773 89 2478
630 353 1509
1509 353 630
353 630 1509
2102 52 1885
52 1885 2102
1885 52 2102
2657 42 678
42 678 2657
678 42 2657
2033 1809 2862
2862 1809 2033
1809 2033 2862
162 115 501
115 162 501
501 115 162
2159 1353 2103
2103 1353 2159
1353 2103 2159
999 1796 1959
1959 999 1796
1796 999 1959
557 1352 2764
1352 557 2764
2764 557 1352
2105 866 1195
866 1195 2105
1195 866 2105
694 217 642
642 217 694
217 642 694
954 1249 1262
1249 954 1262
1262 954 1249
983 1088 1676
1676 983 1088
1088 983 1676
2490 964 1094
964 1094 2490
1094 964 2490
2555 583 2318
2318 583 2555
583 2318 2555
859 2008 2223
2008 859 2223
2223 859 2008
2413 791 2098
2098 791 2413
791 2098 2413
770 151 1914
151 770 1914
1914 151 770
1566 1016 1727
1016 1566 1727
1727 1016 1566
2311 510 2829
2829 510 2311
510 2311 2829
2689 1627 1691
1691 1627 2689
1627 1691 2689
2000 99 2231
99 2000 2231
2231 99 2000
2193 1657 2718
1657 2193 2718
2718 1657 2193
2227 22 1590
1590 22 2227
22 1590 2227
1248 839 973
839 973 1248
973 839 1248
384 437 1444
1444 384 437
437 384 1444
2886 518 2095
518 2095 2886
2095 518 2886
68 2 1521
1521 2 68
2 68 1521
1954 1696 1843
1696 1843 1954
1843 1696 1954
2834 119 328
119 328 2834
328 119 2834
1382 2090 2712
2090 1382 2712
2712 1382 2090
448 334 375
375 334 448
334 375 448
1805 573 1739
573 1739 1805
1739 573 1805
2972 737 1998
1998 737 2972
737 1998 2972
300 586 1393
586 300 1393
1393 300 586
108 2421 2453
2421 108 2453
2453 108 2421
1302 112 2826
2826 112 1302
112 1302 2826
1882 957 2505
2505 957 1882
957 1882 2505
2484 912 2604
2604 912 2484
912 2484 2604
1010 1080 2509
1080 1010 2509
2509 1010 1080
1889 1601 2472
1601 1889 2472
2472 1601 1889
2747 662 2068
662 2068 2747
2068 662 2747
2938 1038 1497
1497 1038 2938
1038 1497 2938
229 878 1040
1040 229 878
878 229 1040
1670 466 2692
466 1670 2692
2692 466 1670
1441 941 1648
941 1441 1648
1648 941 1441
2962 211 2043
211 2043 2962
2043 211 2962
462 744 919
744 462 919
919 462 744
710 231 1741
231 710 1741
1741 231 710
1406 944 2552
944 1406 2552
2552 944 1406
1937 555 1941
555 1937 1941
1941 555 1937
1662 1586 2169
1586 1662 2169
2169 1586 1662
2688 435 930
435 930 2688
930 435 2688
121 1575 1851
1851 121 1575
1575 121 1851
9 1282 2133
2133 9 1282
1282 9 2133
2734 852 2108
852 2108 2734
2108 852 2734
2767 1608 2296
1608 2296 2767
2296 1608 2767
1665 2206 2343
2206 1665 2343
2343 1665 2206
820 114 416
114 416 820
416 114 820
2941 1272 1702
1702 1272 2941
1272 1702 2941
1710 590 1150
590 1150 1710
1150 590 1710
2748 574 2290
2290 574 2748
574 2290 2748
2525 1834 2870
2870 1834 2525
1834 2525 2870
1863 895 1254
1254 895 1863
895 1254 1863
41 883 1238
883 41 1238
1238 41 883
740 303 1787
1787 303 740
303 740 1787
2460 355 2214
2214 355 2460
355 2214 2460
2327 193 1842
193 1842 2327
1842 193 2327
1793 340 2940
340 1793 2940
2940 340 1793
706 273 1749
273 706 1749
1749 273 706
2276 535 905
535 905 2276
905 535 2276
2403 160 1786
160 1786 2403
1786 160 2403
2425 463 2236
2236 463 2425
463 2236 2425
1623 1397 2648
2648 1397 1623
1397 1623 2648
2241 1005 2899
1005 2241 2899
2899 1005 2241
2601 1484 2345
2345 1484 2601
1484 2345 2601
2662 1491 1989
1491 1989 2662
1989 1491 2662
1859 152 2361
2361 152 1859
152 1859 2361
774 960 1692
1692 774 960
960 774 1692
1113 332 1204
332 1113 1204
1204 332 1113
1141 1818 2879
1818 1141 2879
2879 1141 1818
2047 139 149
149 139 2047
139 149 2047
124 1099 2494
2494 124 1099
1099 124 2494
1533 840 1645
1645 840 1533
840 1533 1645
2138 674 943
674 943 2138
943 674 2138
1130 643 2284
643 1130 2284
2284 643 1130
2005 1233 2475
2475 1233 2005
1233 2005 2475
1983 296 402
402 296 1983
296 402 1983
1758 658 1541
658 1541 1758
1541 658 1758
1116 2267 2973
2973 1116 2267
2267 1116 2973
465 283 757
757 283 465
283 465 757
542 860 2163
2163 542 860
860 542 2163
1693 1536 2618
1536 1693 2618
2618 1536 1693
2061 1802 2792
1802 2061 2792
2792 1802 2061
1547 1580 1977
1580 1547 1977
1977 1547 1580
1180 2802 2816
2802 1180 2816
2816 1180 2802
2717 2325 2596
2325 2596 2717
2596 2325 2717
1034 280 1058
280 1034 1058
1058 280 1034
2297 690 2763
2763 690 2297
690 2297 2763
1952 1120 2720
2720 1120 1952
1120 1952 2720
1069 72 1304
1304 72 1069
72 1069 1304
185 95 792
95 185 792
792 95 185
201 1183 1465
1183 201 1465
1465 201 1183
2099 822 907
822 907 2099
907 822 2099
2307 695 2897
2897 695 2307
695 2307 2897
2451 562 2395
2395 562 2451
562 2395 2451
100 1240 2917
1240 100 2917
2917 100 1240
1470 425 2414
2414 425 1470
425 1470 2414
800 1539 1905
1539 800 1905
1905 800 1539
2376 2229 2799
2799 2229 2376
2229 2376 2799
2836 1014 2112
1014 2112 2836
2112 1014 2836
1865 787 1172
787 1172 1865
1172 787 1865
2750 808 2772
2772 808 2750
808 2750 2772
7 949 1503
949 7 1503
1503 7 949
2726 1062 2562
2562 1062 2726
1062 2562 2726
2961 2694 2735
2735 2694 2961
2694 2735 2961
1052 756 942
756 942 1052
942 756 1052
2410 2680 2749
2680 2410 2749
2749 2410 2680
1930 612 1389
1389 612 1930
612 1389 1930
457 1513 2635
1513 457 2635
2635 457 1513
1604 708 2357
708 1604 2357
2357 708 1604
2391 1778 2097
1778 2097 2391
2097 1778 2391
1177 215 1194
1194 215 1177
215 1177 1194
329 97 1502
1502 97 329
97 329 1502
2937 716 965
716 965 2937
965 716 2937
214 879 2896
2896 214 879
879 214 2896
947 64 2228
2228 64 947
64 947 2228
1000 1407 1635
1635 1000 1407
1407 1000 1635
2203 816 2935
816 2203 2935
2935 816 2203
1951 684 2929
2929 684 1951
684 1951 2929
1431 1119 1255
1119 1255 1431
1255 1119 1431
1643 668 1380
1380 668 1643
668 1380 1643
712 1206 1388
1206 712 1388
1388 712 1206
711 1425 2631
1425 711 2631
2631 711 1425
937 2025 2807
2025 937 2807
2807 937 2025
1051 372 987
372 987 1051
987 372 1051
176 424 526
424 176 526
526 176 424
995 378 2364
378 995 2364
2364 378 995
1063 2404 2663
2663 1063 2404
2404 1063 2663
314 406 1375
1375 314 406
406 314 1375
2355 1723 1849
1723 1849 2355
1849 1723 2355
784 57 2114
2114 57 784
57 784 2114
1654 262 2628
262 1654 2628
2628 262 1654
1520 1189 1760
1189 1520 1760
1760 1189 1520
1895 346 2963
2963 346 1895
346 1895 2963
633 1079 1510
1079 633 1510
1510 633 1079
848 2256 2969
2969 848 2256
2256 848 2969
2419 1015 1277
1277 1015 2419
1015 1277 2419
1901 169 1559
1559 169 1901
169 1559 1901
503 238 1531
238 503 1531
1531 238 503
1106 452 2317
452 1106 2317
2317 452 1106
2533 1046 1247
1046 1247 2533
1247 1046 2533
2249 1454 2393
2393 1454 2249
1454 2249 2393
1492 1115 1976
1115 1492 1976
1976 1115 1492
2260 967 2381
967 2260 2381
2381 967 2260
2522 1603 2184
2184 1603 2522
1603 2184 2522
599 2194 2263
2263 599 2194
2194 599 2263
426 337 2511
2511 337 426
337 426 2511
1330 2041 2762
2041 1330 2762
2762 1330 2041
2455 1294 1505
1505 1294 2455
1294 1505 2455
1433 222 2756
222 1433 2756
2756 222 1433
2441 1797 1997
1797 1997 2441
1997 1797 2441
1953 226 768
768 226 1953
226 768 1953
758 1131 1468
1131 758 1468
1468 758 1131
1175 1704 2499
2499 1175 1704
1704 1175 2499
815 1806 2157
2157 815 1806
1806 815 2157
1127 191 790
191 790 1127
790 191 1127
2134 1086 1763
1086 1763 2134
1763 1086 2134
2926 1879 2564
1879 2564 2926
2564 1879 2926
1337 623 1508
623 1337 1508
1508 623 1337
1279 975 1864
1864 975 1279
975 1279 1864
1750 951 2240
951 1750 2240
2240 951 1750
2895 1408 2566
2566 1408 2895
1408 2566 2895
1708 1336 1412
1336 1412 1708
1412 1336 1708
595 733 1160
1160 595 733
733 595 1160
2784 190 1892
1892 190 2784
190 1892 2784
35 1122 1681
1681 35 1122
1122 35 1681
600 11 2329
11 600 2329
2329 11 600
1757 220 2671
220 1757 2671
2671 220 1757
1322 1061 1276
1276 1061 1322
1061 1276 1322
1980 1923 2174
1923 1980 2174
2174 1923 1980
73 1438 2248
2248 73 1438
1438 73 2248
2034 2039 2943
2943 2034 2039
2039 2034 2943
2122 1583 2661
1583 2122 2661
2661 1583 2122
1087 294 814
294 814 1087
814 294 1087
2588 48 223
48 223 2588
223 48 2588
849 666 2443
2443 666 849
666 849 2443
1960 1104 2915
1104 1960 2915
2915 1104 1960
2832 93 2673
93 2673 2832
2673 93 2832
153 260 2723
2723 153 260
260 153 2723
1507 935 1483
1483 935 1507
935 1483 1507
1385 809 1169
809 1169 1385
1169 809 1385
133 261 2452
261 133 2452
2452 133 261
2701 2617 2777
2777 2617 2701
2617 2701 2777
2924 1624 1776
1776 1624 2924
1624 1776 2924
2539 1057 1934
1934 1057 2539
1057 1934 2539
2619 1422 2676
1422 2619 2676
2676 1422 2619
1534 298 2641
298 1534 2641
2641 298 1534
2330 1991 2012
2012 1991 2330
1991 2012 2330
732 1186 2386
1186 732 2386
2386 732 1186
2091 924 1209
924 1209 2091
1209 924 2091
10 1593 2299
2299 10 1593
1593 10 2299
992 1414 2054
1414 992 2054
2054 992 1414
2674 1642 2131
2131 1642 2674
1642 2131 2674
2032 766 2705
766 2032 2705
2705 766 2032
2745 8 111
111 8 2745
8 111 2745
667 479 1269
1269 479 667
479 667 1269
587 1518 2716
1518 587 2716
2716 587 1518
1728 913 2079
913 1728 2079
2079 913 1728
356 570 2997
2997 356 570
570 356 2997
194 522 677
677 194 522
522 194 677
454 485 2286
2286 454 485
485 454 2286
2069 1305 1334
1334 1305 2069
1305 1334 2069
304 1283 2294
1283 304 2294
2294 304 1283
1310 486 2885
2885 486 1310
486 1310 2885
2036 656 1564
1564 656 2036
656 1564 2036
1092 1230 2392
2392 1092 1230
1230 1092 2392
2754 359 2725
359 2725 2754
2725 359 2754
1812 1581 2320
1581 1812 2320
2320 1581 1812
1344 455 1476
1476 455 1344
455 1344 1476
2782 1660 2279
2279 1660 2782
1660 2279 2782
1875 307 908
908 307 1875
307 908 1875
2600 335 778
778 335 2600
335 778 2600
12 871 1671
1671 12 871
871 12 1671
2278 1807 2827
1807 2278 2827
2827 1807 2278
1338 2016 2595
2595 1338 2016
2016 1338 2595
805 1224 2849
1224 805 2849
2849 805 1224
2691 67 271
271 67 2691
67 271 2691
1734 1268 1700
1268 1700 1734
1700 1268 1734
2200 1171 2434
1171 2200 2434
2434 1171 2200
2773 45 1077
45 1077 2773
1077 45 2773
1101 208 2887
208 1101 2887
2887 208 1101
183 32 1597
1597 32 183
32 183 1597
1281 730 2338
730 1281 2338
2338 730 1281
241 2582 2683
2683 241 2582
2582 241 2683
1354 1295 2269
2269 1295 1354
1295 1354 2269
2577 1705 2179
1705 2179 2577
2179 1705 2577
1893 20 1123
20 1123 1893
1123 20 1893
577 580 1837
1837 577 580
580 577 1837
651 864 938
938 651 864
864 651 938
891 2708 2902
2708 891 2902
2902 891 2708
566 61 767
61 566 767
767 61 566
1445 263 324
324 263 1445
263 324 1445
1972 1381 2776
1381 1972 2776
2776 1381 1972
2783 715 2820
2820 715 2783
715 2783 2820
1070 17 434
434 17 1070
17 434 1070
3000 739 2700
739 2700 3000
2700 739 3000
553 80 1078
1078 80 553
80 553 1078
2062 347 1613
1613 347 2062
347 1613 2062
2958 250 2535
250 2535 2958
2535 250 2958
127 502 2197
2197 127 502
502 127 2197
804 507 1853
1853 507 804
507 804 1853
2655 625 2124
625 2124 2655
2124 625 2655
1925 1117 2060
2060 1117 1925
1117 1925 2060
2449 1852 2337
2337 1852 2449
1852 2337 2449
2908 1638 2501
2501 1638 2908
1638 2501 2908
2790 1214 2029
2029 1214 2790
1214 2029 2790
648 707 1694
1694 648 707
707 648 1694
1621 2239 2856
2856 1621 2239
2239 1621 2856
1245 1298 1365
1298 1245 1365
1365 1245 1298
1008 1455 2243
2243 1008 1455
1455 1008 2243
157 2006 2996
2006 157 2996
2996 157 2006
1404 1292 2992
2992 1292 1404
1292 1404 2992
974 233 2120
233 974 2120
2120 233 974
1780 110 284
284 110 1780
110 284 1780
610 1649 2907
1649 610 2907
2907 610 1649
956 146 1611
146 956 1611
1611 146 956
301 2901 2967
2967 301 2901
2901 301 2967
179 646 2544
2544 179 646
646 179 2544
2446 383 959
959 383 2446
383 959 2446
769 1641 2435
2435 769 1641
1641 769 2435
807 30 2428
30 807 2428
2428 30 807
789 1477 1831
1831 789 1477
1477 789 1831
1315 950 1567
1567 950 1315
950 1315 1567
2606 478 1595
478 1595 2606
1595 478 2606
655 387 1543
387 655 1543
1543 387 655
1164 147 1735
1735 147 1164
147 1164 1735
1364 810 1789
1789 810 1364
810 1364 1789
2605 1634 2575
1634 2575 2605
2575 1634 2605
2541 6 1651
1651 6 2541
6 1651 2541
1756 91 916
916 91 1756
91 916 1756
697 459 1253
1253 459 697
459 697 1253
2548 700 875
700 875 2548
875 700 2548
333 26 1522
1522 26 333
26 333 1522
1906 1376 2402
2402 1376 1906
1376 1906 2402
831 1715 2970
1715 831 2970
2970 831 1715
259 344 2986
2986 259 344
344 259 2986
1883 1341 1689
1689 1341 1883
1341 1689 1883
2584 235 1234
1234 235 2584
235 1234 2584
1798 29 614
614 29 1798
29 614 1798
2817 901 2889
2889 901 2817
901 2817 2889
1368 2162 2457
2162 1368 2457
2457 1368 2162
512 1332 2321
2321 512 1332
1332 512 2321
1181 2554 2681
2554 1181 2681
2681 1181 2554
1840 1084 1246
1084 1246 1840
1246 1084 1840
588 47 2314
47 588 2314
2314 47 588
309 254 2698
2698 254 309
254 309 2698
598 136 743
136 598 743
743 136 598
1551 1112 1538
1538 1112 1551
1112 1538 1551
1313 369 471
369 471 1313
471 369 1313
2893 704 2328
704 2328 2893
2328 704 2893
771 1699 2113
1699 771 2113
2113 771 1699
3 1201 2568
2568 3 1201
1201 3 2568
1606 1525 2845
2845 1525 1606
1525 1606 2845
412 2303 2810
2303 412 2810
2810 412 2303
2467 1891 2204
1891 2204 2467
2204 1891 2467
2904 519 1396
1396 519 2904
519 1396 2904
1187 611 2786
2786 611 1187
611 1187 2786
1958 2486 2988
2988 1958 2486
2486 1958 2988
46 568 2104
2104 46 568
568 46 2104
1191 343 1560
1560 343 1191
343 1191 1560
2873 393 2078
2078 393 2873
393 2078 2873
613 833 1182
1182 613 833
833 613 1182
603 946 2423
2423 603 946
946 603 2423
779 982 2021
982 779 2021
2021 779 982
1274 23 1940
23 1274 1940
1940 23 1274
607 331 1114
331 607 1114
1114 331 607
2740 644 785
785 644 2740
644 785 2740
2583 649 2520
649 2520 2583
2520 649 2583
143 1435 1570
1570 143 1435
1435 143 1570
2192 2161 2871
2161 2192 2871
2871 2161 2192
1731 1803 2262
2262 1731 1803
1803 1731 2262
1199 38 2659
2659 38 1199
38 1199 2659
256 1 2906
1 256 2906
2906 1 256
2205 252 289
252 289 2205
289 252 2205
556 16 1493
1493 16 556
16 556 1493
592 1285 2289
2289 592 1285
1285 592 2289
358 922 1140
1140 358 922
922 358 1140
932 506 548
548 506 932
506 548 932
374 431 2574
431 374 2574
2574 374 431
2367 826 1596
1596 826 2367
826 1596 2367
857 597 1147
1147 597 857
597 857 1147
1683 419 1488
1488 419 1683
419 1488 1683
1328 395 2424
2424 395 1328
395 1328 2424
1498 664 1742
664 1498 1742
1742 664 1498
2853 504 1428
1428 504 2853
504 1428 2853
170 140 2201
2201 140 170
140 170 2201
1319 1074 1712
1712 1074 1319
1074 1319 1712
1850 1161 2167
1161 1850 2167
2167 1161 1850
2485 738 1405
1405 738 2485
738 1405 2485
1587 396 1524
1524 396 1587
396 1524 1587
2775 734 918
734 918 2775
918 734 2775
2324 1135 1795
1795 1135 2324
1135 1795 2324
1326 899 2215
899 1326 2215
2215 899 1326
2534 2173 2920
2173 2534 2920
2920 2173 2534
2222 184 641
641 184 2222
184 641 2222
2998 316 2702
2702 316 2998
316 2702 2998
1932 2624 2731
2731 1932 2624
2624 1932 2731
529 1059 1419
1419 529 1059
1059 529 1419
1870 1888 2728
1888 1870 2728
2728 1870 1888
2933 126 1163
1163 126 2933
126 1163 2933
410 1109 1646
1109 410 1646
1646 410 1109
2738 713 1372
1372 713 2738
713 1372 2738
2927 2186 2751
2186 2751 2927
2751 2186 2927
2488 1820 2585
2585 1820 2488
1820 2488 2585
1838 963 1489
1489 963 1838
963 1489 1838
2675 2547 2914
2547 2675 2914
2914 2547 2675
2152 2178 2315
2178 2152 2315
2315 2152 2178
497 86 505
505 86 497
86 497 505
270 1236 2387
2387 270 1236
1236 270 2387
2024 212 627
212 627 2024
627 212 2024
2549 287 1947
287 1947 2549
1947 287 2549
2837 856 1722
856 1722 2837
1722 856 2837
1985 1402 2010
1402 1985 2010
2010 1402 1985
2666 870 2252
870 2252 2666
2252 870 2666
605 258 1134
1134 258 605
258 605 1134
2482 1588 2507
2507 1588 2482
1588 2482 2507
2035 1093 2150
1093 2035 2150
2150 1093 2035
980 782 968
968 782 980
782 968 980
2346 351 2912
2912 351 2346
351 2346 2912
1081 50 1962
1962 50 1081
50 1081 1962
473 752 887
752 473 887
887 473 752
680 371 2272
2272 371 680
371 680 2272
1686 1105 1823
1823 1105 1686
1105 1686 1823
2371 2073 2828
2073 2371 2828
2828 2073 2371
1769 325 2077
2077 325 1769
325 1769 2077
537 269 2757
269 537 2757
2757 269 537
988 1424 2072
1424 988 2072
2072 988 1424
1752 781 1751
781 1751 1752
1751 781 1752
1647 898 1410
898 1410 1647
1410 898 1647
2301 2437 2656
2437 2301 2656
2656 2301 2437
1076 386 2066
386 1076 2066
2066 386 1076
2304 1474 2244
2244 1474 2304
1474 2244 2304
34 572 701
572 34 701
701 34 572
2019 1854 2261
2261 1854 2019
1854 2019 2261
1955 245 2191
245 1955 2191
2191 245 1955
2981 310 322
322 310 2981
310 322 2981
1982 1427 2579
2579 1427 1982
1427 1982 2579
2730 1490 2753
2753 1490 2730
1490 2730 2753
488 49 2040
49 488 2040
2040 49 488
2643 336 659
659 336 2643
336 659 2643
165 731 961
731 165 961
961 165 731
585 1540 2755
1540 585 2755
2755 585 1540
2696 1907 2910
2910 1907 2696
1907 2696 2910
1896 2127 2383
2127 1896 2383
2383 1896 2127
1917 239 1456
239 1456 1917
1456 239 1917
763 530 1126
1126 530 763
530 763 1126
2438 2059 2234
2234 2059 2438
2059 2234 2438
2851 1001 2744
1001 2744 2851
2744 1001 2851
1546 762 1327
762 1327 1546
1327 762 1546
482 1610 2936
2936 482 1610
1610 482 2936
1724 652 945
652 945 1724
945 652 1724
1975 1673 2519
2519 1673 1975
1673 1975 2519
2412 2123 2353
2353 2123 2412
2123 2353 2412
1832 528 2638
528 1832 2638
2638 528 1832
1006 2514 2819
2819 1006 2514
2514 1006 2819
1299 1746 2536
2536 1299 1746
1746 1299 2536
2615 376 2528
2528 376 2615
376 2528 2615
1146 567 2063
567 1146 2063
2063 567 1146
1830 1860 2812
2812 1830 1860
1860 1830 2812
1530 400 1775
400 1530 1775
1775 400 1530
2512 2233 2706
2233 2512 2706
2706 2233 2512
2890 483 1961
1961 483 2890
483 1961 2890
288 829 1762
829 288 1762
1762 288 829
786 204 2070
2070 204 786
204 786 2070
688 2369 2798
2798 688 2369
2369 688 2798
2919 207 2551
207 2551 2919
2551 207 2919
727 1243 2177
2177 727 1243
1243 727 2177
788 979 2474
2474 788 979
979 788 2474
1193 925 2125
925 1193 2125
2125 925 1193
2326 1321 1636
1321 1636 2326
1636 1321 2326
1817 1349 2209
2209 1349 1817
1349 1817 2209
509 631 1190
1190 509 631
631 509 1190
2003 427 2146
2146 427 2003
427 2003 2146
686 714 2598
714 686 2598
2598 686 714
293 1633 2760
2760 293 1633
1633 293 2760
2892 1286 2135
1286 2135 2892
2135 1286 2892
2542 1753 2347
1753 2347 2542
2347 1753 2542
2652 1579 2352
2352 1579 2652
1579 2352 2652
929 1737 2217
2217 929 1737
1737 929 2217
2609 2334 2580
2580 2334 2609
2334 2580 2609
1391 1417 2416
1417 1391 2416
2416 1391 1417
2649 624 1946
1946 624 2649
624 1946 2649
1828 173 2351
2351 173 1828
173 1828 2351
1144 1495 2143
2143 1144 1495
1495 1144 2143
903 524 1965
1965 524 903
524 903 1965
1359 1558 2137
2137 1359 1558
1558 1359 2137
2891 1659 2348
1659 2348 2891
2348 1659 2891
33 381 1685
1685 33 381
381 33 1685
1557 2445 2883
2445 1557 2883
2883 1557 2445
2291 247 2224
2224 247 2291
247 2224 2291
617 531 1369
1369 531 617
531 617 1369
868 164 2375
2375 164 868
164 868 2375
2966 272 1664
272 1664 2966
1664 272 2966
354 1912 2860
1912 354 2860
2860 354 1912
2230 453 735
453 735 2230
735 453 2230
1021 1174 1208
1208 1021 1174
1174 1021 1208
749 125 1684
125 749 1684
1684 125 749
2149 1436 2466
2466 1436 2149
1436 2149 2466
836 2653 2797
2653 836 2797
2797 836 2653
1871 1293 2459
2459 1293 1871
1293 1871 2459
2129 31 460
31 460 2129
460 31 2129
1996 517 2561
517 1996 2561
2561 517 1996
1257 85 2758
2758 85 1257
85 1257 2758
564 1835 2729
2729 564 1835
1835 564 2729
2703 811 1697
1697 811 2703
811 1697 2703
2216 689 2527
689 2216 2527
2527 689 2216
539 237 1235
237 539 1235
1235 237 539
1252 392 498
498 392 1252
392 498 1252
2765 312 981
981 312 2765
312 981 2765
1022 206 240
240 206 1022
206 240 1022
1060 205 414
205 414 1060
414 205 1060
2115 391 576
576 391 2115
391 576 2115
2669 2405 2530
2530 2405 2669
2405 2530 2669
1482 1055 1366
1366 1055 1482
1055 1366 1482
2225 1701 2833
2833 1701 2225
1701 2225 2833
447 798 2117
2117 447 798
798 447 2117
398 1264 2287
2287 398 1264
1264 398 2287
2298 1152 2621
2621 1152 2298
1152 2298 2621
1371 492 900
900 492 1371
492 900 1371
161 81 1652
1652 81 161
81 161 1652
910 1466 2056
2056 910 1466
1466 910 2056
2292 650 1311
650 1311 2292
1311 650 2292
1423 477 2305
477 1423 2305
2305 477 1423
199 606 2020
606 199 2020
2020 199 606
2795 1584 2612
1584 2612 2795
2612 1584 2795
2121 178 1447
178 1447 2121
1447 178 2121
1207 1668 1963
1668 1207 1963
1963 1207 1668
1792 248 534
534 248 1792
248 534 1792
1173 382 746
382 746 1173
746 382 1173
638 4 1725
1725 4 638
4 638 1725
2358 142 2219
142 2219 2358
2219 142 2358
36 1631 2340
1631 36 2340
2340 36 1631
1032 516 1944
1944 516 1032
516 1032 1944
90 1125 1222
1125 90 1222
1222 90 1125
25 927 1437
927 25 1437
1437 25 927
1653 1124 1485
1124 1485 1653
1485 1124 1653
679 1185 2493
2493 679 1185
1185 679 2493
1658 2608 2884
2608 1658 2884
2884 1658 2608
2759 341 753
753 341 2759
341 753 2759
523 484 2957
2957 484 523
484 523 2957
2787 915 2211
915 2211 2787
2211 915 2787
1516 997 2733
2733 997 1516
997 1516 2733
2697 2185 2976
2976 2185 2697
2185 2697 2976
2867 626 1296
1296 626 2867
626 1296 2867
2350 579 2532
2532 579 2350
579 2350 2532
188 1549 2363
1549 188 2363
2363 188 1549
2001 120 2990
120 2001 2990
2990 120 2001
1677 56 2858
56 1677 2858
2858 56 1677
171 1577 1819
1577 171 1819
1819 171 1577
1142 1439 2974
2974 1142 1439
1439 1142 2974
2876 255 2578
255 2578 2876
2578 255 2876
2306 2156 2354
2156 2306 2354
2354 2156 2306
540 560 970
560 540 970
970 540 560
1250 417 665
665 417 1250
417 665 1250
180 742 1458
1458 180 742
742 180 1458
1515 1625 2462
2462 1515 1625
1625 1515 2462
2859 1825 2164
2164 1825 2859
1825 2164 2859
189 279 673
279 189 673
673 189 279
2171 971 2365
971 2171 2365
2365 971 2171
377 1028 2955
1028 377 2955
2955 377 1028
2875 430 933
430 933 2875
933 430 2875
823 281 1486
281 823 1486
1486 281 823
2771 989 2629
2629 989 2771
989 2629 2771
2538 1782 1815
1782 1815 2538
1815 1782 2538
1188 1766 2746
1766 1188 2746
2746 1188 1766
1237 729 2732
2732 729 1237
729 1237 2732
54 230 2918
230 54 2918
2918 54 230
996 1472 2946
2946 996 1472
1472 996 2946
990 446 1278
446 990 1278
1278 446 990
1841 59 1306
59 1306 1841
1306 59 1841
546 345 525
345 525 546
525 345 546
1487 561 2576
561 1487 2576
2576 561 1487
209 2440 2524
2440 209 2524
2524 209 2440
821 1374 1744
1744 821 1374
1374 821 1744
1118 1339 2477
1339 1118 2477
2477 1118 1339
1826 2259 2842
2259 1826 2842
2842 1826 2259
2258 87 2769
2769 87 2258
87 2258 2769
645 274 2128
2128 274 645
274 645 2128
1360 203 1629
1629 203 1360
203 1360 1629
2014 850 1810
850 1810 2014
1810 850 2014
1736 1027 2013
2013 1027 1736
1027 1736 2013
1924 1765 2866
2866 1765 1924
1765 1924 2866
2401 1217 1429
1217 1429 2401
1429 1217 2401
2658 1592 2830
2830 1592 2658
1592 2658 2830
1324 581 1228
581 1228 1324
1228 581 1324
2704 1554 2232
2232 1554 2704
1554 2232 2704
1151 909 1157
1157 909 1151
909 1151 1157
755 889 2037
2037 755 889
889 755 2037
2136 969 1626
969 1626 2136
1626 969 2136
2516 552 2801
552 2516 2801
2801 552 2516
1936 582 1263
1263 582 1936
582 1263 1936
302 277 1909
1909 277 302
277 302 1909
783 955 1747
1747 783 955
955 783 1747
2543 242 2553
2553 242 2543
242 2543 2553
1644 2255 2418
2255 1644 2418
2418 1644 2255
84 2042 2075
2075 84 2042
2042 84 2075
569 1068 2581
2581 569 1068
1068 569 2581
571 1656 2510
1656 571 2510
2510 571 1656
928 1386 1442
1386 928 1442
1442 928 1386
315 1829 2195
1829 315 2195
2195 315 1829
2806 77 267
77 267 2806
267 77 2806
2198 2644 2668
2644 2198 2668
2668 2198 2644
122 1904 2651
2651 122 1904
1904 122 2651
2611 2864 2878
2878 2611 2864
2864 2611 2878
669 1706 1948
1948 669 1706
1706 669 1948
330 1270 1813
1813 330 1270
1270 330 1813
894 130 1550
130 894 1550
1550 130 894
2841 1398 2429
2429 1398 2841
1398 2429 2841
717 736 1761
736 717 1761
1761 717 736
1811 1260 1990
1260 1811 1990
1990 1260 1811
1500 1432 1622
1432 1500 1622
1622 1432 1500
2526 480 1287
480 1287 2526
1287 480 2526
444 1556 1910
1910 444 1556
1556 444 1910
1942 601 1273
601 1273 1942
1273 601 1942
745 15 1561
15 745 1561
1561 15 745
1457 1042 1903
1042 1457 1903
1903 1042 1457
1856 1348 1469
1348 1469 1856
1469 1348 1856
1824 1023 2770
1023 1824 2770
2770 1023 1824
2027 867 1816
867 1816 2027
1816 867 2027
2064 939 2235
939 2064 2235
2235 939 2064
545 379 2848
379 545 2848
2848 379 545
1054 1166 1921
1921 1054 1166
1166 1054 1921
2531 1317 1440
1317 1440 2531
1440 1317 2531
2245 661 2439
2439 661 2245
661 2245 2439
1067 69 1898
1898 69 1067
69 1067 1898
2572 2264 2788
2264 2572 2788
2788 2264 2572
1872 780 2360
2360 780 1872
780 1872 2360
62 2132 2636
2132 62 2636
2636 62 2132
2407 2465 2497
2497 2407 2465
2465 2407 2497
350 1259 2370
1259 350 2370
2370 350 1259
1411 1690 1916
1690 1411 1916
1916 1411 1690
44 2397 2550
2397 44 2550
2550 44 2397
2727 914 1661
1661 914 2727
914 1661 2727
683 1041 2144
2144 683 1041
1041 683 2144
2210 1216 2373
2373 1216 2210
1216 2210 2373
2898 66 1848
66 1848 2898
1848 66 2898
234 551 2155
551 234 2155
2155 234 551
132 1212 1459
1459 132 1212
1212 132 1459
2616 1024 1136
1024 1136 2616
1136 1024 2616
1979 1446 2780
1446 1979 2780
2780 1446 1979
1064 476 2022
476 1064 2022
2022 476 1064
554 113 904
113 554 904
904 113 554
1053 1759 2818
2818 1053 1759
1759 1053 2818
953 1167 2602
2602 953 1167
1167 953 2602
51 2592 2711
2711 51 2592
2592 51 2711
1475 317 2368
2368 317 1475
317 1475 2368
1519 2218 2980
2218 1519 2980
2980 1519 2218
1132 494 2147
2147 494 1132
494 1132 2147
2557 1227 2506
1227 2506 2557
2506 1227 2557
2092 911 1035
911 1035 2092
1035 911 2092
1351 1170 1768
1170 1351 1768
1768 1170 1351
2964 1496 1528
1528 1496 2964
1496 1528 2964
1695 13 1845
1845 13 1695
13 1695 1845
1356 370 1384
1384 370 1356
370 1356 1384
2491 802 1266
1266 802 2491
802 1266 2491
1794 438 1215
1215 438 1794
438 1215 1794
2739 672 1251
1251 672 2739
672 1251 2739
2141 225 1072
1072 225 2141
225 1072 2141
2342 323 2031
2031 323 2342
323 2031 2342
1271 521 2071
521 1271 2071
2071 521 1271
1682 1504 2695
2695 1504 1682
1504 1682 2695
2710 2182 2779
2182 2710 2779
2779 2182 2710
1301 2469 2805
2469 1301 2805
2805 1301 2469
1607 175 2377
2377 175 1607
175 1607 2377
2380 24 2808
24 2380 2808
2808 24 2380
65 527 639
527 65 639
639 65 527
2518 828 1680
828 1680 2518
1680 828 2518
2118 2085 2857
2857 2085 2118
2085 2118 2857
621 1999 2257
1999 621 2257
2257 621 1999
109 1203 1995
1203 109 1995
1995 109 1203
1430 893 978
978 893 1430
893 978 1430
2620 1335 2685
2685 1335 2620
1335 2620 2685
1013 699 2087
2087 699 1013
699 1013 2087
635 413 1950
413 635 1950
1950 413 635
1966 1801 2999
2999 1801 1966
1801 1966 2999
728 1367 2270
1367 728 2270
2270 728 1367
1143 1012 2126
2126 1012 1143
1012 1143 2126
2854 2672 2835
2835 2672 2854
2672 2835 2854
144 1630 2396
1630 144 2396
2396 144 1630
2238 408 1399
1399 408 2238
408 1399 2238
155 874 1933
1933 155 874
874 155 1933
305 1994 2107
2107 305 1994
1994 305 2107
1361 872 1855
1855 872 1361
872 1361 1855
495 1390 2513
2513 495 1390
1390 495 2513
2456 1033 2158
2158 1033 2456
1033 2158 2456
2950 145 1716
1716 145 2950
145 1716 2950
1967 513 2430
513 1967 2430
2430 513 1967
888 1197 2300
2300 888 1197
1197 888 2300
558 2088 2939
2088 558 2939
2939 558 2088
693 76 1718
1718 76 693
76 693 1718
2160 500 2877
500 2160 2877
2877 500 2160
1992 2476 2664
2476 1992 2664
2664 1992 2476
2084 96 2057
96 2057 2084
2057 96 2084
2349 389 1721
389 1721 2349
1721 389 2349
747 1100 2503
1100 747 2503
2503 747 1100
1767 1733 2781
1733 1767 2781
2781 1733 1767
838 338 1719
338 838 1719
1719 338 838
1688 1355 2295
1355 1688 2295
2295 1355 1688
2785 972 1340
972 1340 2785
1340 972 2785
1899 2736 2774
2774 1899 2736
2736 1899 2774
74 1639 2254
2254 74 1639
1639 74 2254
1162 1770 2975
2975 1162 1770
1770 1162 2975
1073 1790 2379
1790 1073 2379
2379 1073 1790
2567 1362 2951
1362 2567 2951
2951 1362 2567
748 619 896
896 619 748
619 748 896
103 405 2874
2874 103 405
405 103 2874
2366 2183 2916
2183 2366 2916
2916 2183 2366
1804 1031 1111
1111 1031 1804
1031 1111 1804
481 129 923
923 129 481
129 481 923
433 167 622
622 167 433
167 433 622
751 192 218
192 218 751
218 192 751
1822 2220 2285
2220 1822 2285
2285 1822 2220
794 131 1011
1011 131 794
131 794 1011
1956 154 1220
154 1220 1956
1220 154 1956
1464 842 2172
2172 842 1464
842 1464 2172
2610 1179 2094
2094 1179 2610
1179 2094 2610
244 1576 2546
2546 244 1576
1576 244 2546
2982 1678 1707
1678 1707 2982
1707 1678 2982
637 92 2181
2181 92 637
92 637 2181
166 604 2390
604 166 2390
2390 166 604
2308 1037 2847
1037 2308 2847
2847 1037 2308
2109 692 1984
1984 692 2109
692 1984 2109
363 1738 2389
1738 363 2389
2389 363 1738
2417 1615 2274
1615 2274 2417
2274 1615 2417
1799 819 2187
2187 819 1799
819 1799 2187
