10575 26902 27390
26902 10575 27390
27390 10575 26902
80 12361 29386
12361 80 29386
29386 80 12361
10227 11935 18049
11935 10227 18049
18049 10227 11935
2554 6920 18249
18249 2554 6920
6920 2554 18249
23493 16683 28824
28824 16683 23493
16683 23493 28824
21300 8651 15525
15525 8651 21300
8651 15525 21300
10843 6323 10149
10149 6323 10843
6323 10149 10843
12636 7406 15867
7406 12636 15867
15867 7406 12636
20844 1982 5799
5799 1982 20844
1982 5799 20844
13717 13908 26598
13908 13717 26598
26598 13717 13908
28867 1589 26568
26568 1589 28867
1589 26568 28867
15153 10476 11293
10476 11293 15153
11293 10476 15153
7630 22969 27319
27319 7630 22969
22969 7630 27319
10223 19142 27348
19142 10223 27348
27348 10223 19142
20430 20175 25139
20175 20430 25139
25139 20175 20430
20587 3116 18755
3116 18755 20587
18755 3116 20587
1116 19522 28751
19522 1116 28751
28751 1116 19522
6832 6800 18207
6800 6832 18207
18207 6800 6832
8724 1802 27497
27497 1802 8724
1802 8724 27497
5501 3305 8243
8243 3305 5501
3305 5501 8243
24520 638 5375
638 5375 24520
5375 638 24520
21144 14006 29863
14006 21144 29863
29863 14006 21144
20853 19778 29751
19778 20853 29751
29751 19778 20853
10360 5559 6564
5559 6564 10360
6564 5559 10360
19389 18293 23502
23502 18293 19389
18293 19389 23502
14090 12456 25555
25555 12456 14090
12456 14090 25555
12593 9718 11145
11145 9718 12593
9718 11145 12593
12430 8427 23627
23627 8427 12430
8427 12430 23627
14042 19143 24429
19143 14042 24429
24429 14042 19143
9958 3172 16356
3172 9958 16356
16356 3172 9958
23511 11310 20036
20036 11310 23511
11310 20036 23511
10537 12392 14764
14764 10537 12392
12392 10537 14764
13755 15260 16722
16722 13755 15260
15260 13755 16722
26376 471 18037
471 18037 26376
18037 471 26376
2406 1343 1637
1343 1637 2406
1637 1343 2406
26578 14276 28637
28637 14276 26578
14276 26578 28637
8811 15257 26825
26825 8811 15257
15257 8811 26825
7169 15094 21493
15094 7169 21493
21493 7169 15094
3233 744 25537
25537 744 3233
744 3233 25537
24417 6037 16448
16448 6037 24417
6037 16448 24417
7605 6525 7056
6525 7056 7605
7056 6525 7605
26995 96 18605
18605 96 26995
96 18605 26995
15286 3652 19087
19087 3652 15286
3652 15286 19087
23488 29 9673
29 9673 23488
9673 29 23488
887 21069 25953
25953 887 21069
21069 887 25953
23271 12310 26078
12310 23271 26078
26078 12310 23271
6682 1216 11999
11999 1216 6682
1216 6682 11999
21728 9610 28632
9610 21728 28632
28632 9610 21728
19206 7335 18490
7335 18490 19206
18490 7335 19206
26582 8011 29525
29525 8011 26582
8011 26582 29525
7576 21066 22393
22393 7576 21066
21066 7576 22393
20687 4105 21095
4105 20687 21095
21095 4105 20687
16177 15970 19060
15970 16177 19060
19060 15970 16177
1495 9271 19183
9271 1495 19183
19183 1495 9271
28141 7394 18802
7394 18802 28141
18802 7394 28141
3304 17502 19009
17502 3304 19009
19009 3304 17502
28628 24335 26977
26977 24335 28628
24335 26977 28628
69 13916 27271
27271 69 13916
13916 69 27271
13881 3361 15428
3361 13881 15428
15428 3361 13881
10421 5305 16826
16826 5305 10421
5305 10421 16826
10417 28153 28764
28764 10417 28153
28153 10417 28764
9513 2030 26171
26171 2030 9513
2030 9513 26171
4257 13505 18362
13505 4257 18362
18362 4257 13505
29615 13496 23174
23174 13496 29615
13496 23174 29615
19342 16273 17468
17468 16273 19342
16273 17468 19342
19812 2798 6651
2798 6651 19812
6651 2798 19812
19491 5983 29354
29354 5983 19491
5983 19491 29354
24557 961 26480
961 24557 26480
26480 961 24557
7193 180 29436
180 7193 29436
29436 180 7193
563 3390 11501
11501 563 3390
3390 563 11501
16971 18706 24627
18706 16971 24627
24627 16971 18706
3889 17282 28277
17282 3889 28277
28277 3889 17282
27338 12248 24247
24247 12248 27338
12248 24247 27338
7313 11035 29654
11035 7313 29654
29654 7313 11035
12893 20466 24556
20466 12893 24556
24556 12893 20466
17706 27933 27939
27933 17706 27939
27939 17706 27933
9742 13325 22692
13325 9742 22692
22692 9742 13325
18000 4311 17948
4311 17948 18000
17948 4311 18000
18405 9854 24589
24589 9854 18405
9854 18405 24589
22625 3990 7409
7409 3990 22625
3990 7409 22625
14799 6959 8649
8649 6959 14799
6959 8649 14799
24244 3636 18358
18358 3636 24244
3636 18358 24244
28874 10352 28853
10352 28853 28874
28853 10352 28874
24730 2105 24037
24037 2105 24730
2105 24037 24730
4999 2806 6175
2806 4999 6175
6175 2806 4999
27532 4990 8525
4990 8525 27532
8525 4990 27532
21827 3277 13329
13329 3277 21827
3277 13329 21827
842 1049 2145
1049 842 2145
2145 842 1049
18079 4972 28072
28072 4972 18079
4972 18079 28072
20501 22984 27052
22984 20501 27052
27052 20501 22984
10171 4234 17226
4234 10171 17226
17226 4234 10171
28551 9441 10717
9441 10717 28551
10717 9441 28551
21020 5420 14858
14858 5420 21020
5420 14858 21020
13631 15129 21551
15129 13631 21551
21551 13631 15129
23230 9248 11974
9248 11974 23230
11974 9248 23230
25752 20234 25591
25591 20234 25752
20234 25591 25752
10656 17348 23506
17348 10656 23506
23506 10656 17348
28169 19016 20420
20420 19016 28169
19016 20420 28169
7294 16630 23461
16630 7294 23461
23461 7294 16630
3543 5183 8813
8813 3543 5183
5183 3543 8813
4492 5360 19492
19492 4492 5360
5360 4492 19492
2825 2874 5777
2874 2825 5777
5777 2825 2874
17100 23367 25256
23367 17100 25256
25256 17100 23367
7878 8942 27004
8942 7878 27004
27004 7878 8942
5605 13482 24961
24961 5605 13482
13482 5605 24961
19494 6135 8579
6135 8579 19494
8579 6135 19494
28280 27352 27885
27885 27352 28280
27352 27885 28280
11530 16301 17349
16301 11530 17349
17349 11530 16301
14409 9420 17606
9420 14409 17606
17606 9420 14409
28901 6664 14400
6664 14400 28901
14400 6664 28901
10626 19442 19985
19985 10626 19442
19442 10626 19985
3153 64 15078
64 3153 15078
15078 64 3153
10705 31 25523
31 10705 25523
25523 31 10705
26441 8797 21422
21422 8797 26441
8797 21422 26441
29944 7151 14460
14460 7151 29944
7151 14460 29944
13813 14754 16647
16647 13813 14754
14754 13813 16647
9279 13690 15314
13690 9279 15314
15314 9279 13690
17554 14437 24447
14437 17554 24447
24447 14437 17554
1931 15266 24195
24195 1931 15266
15266 1931 24195
6506 15642 27034
27034 6506 15642
15642 6506 27034
21569 7969 9807
7969 9807 21569
9807 7969 21569
2999 6104 24544
24544 2999 6104
6104 2999 24544
2755 3954 7560
7560 2755 3954
3954 2755 7560
19209 15148 24668
15148 19209 24668
24668 15148 19209
4890 14934 23574
14934 4890 23574
23574 4890 14934
7494 17680 18680
17680 7494 18680
18680 7494 17680
7837 17781 24114
24114 7837 17781
17781 7837 24114
10948 7912 11173
7912 10948 11173
11173 7912 10948
21778 9750 22299
22299 9750 21778
9750 21778 22299
1060 22065 23535
23535 1060 22065
22065 1060 23535
3356 27002 28848
27002 3356 28848
28848 3356 27002
2872 7181 23673
23673 2872 7181
7181 2872 23673
14099 7653 19982
7653 14099 19982
19982 7653 14099
27666 3841 16736
3841 16736 27666
16736 3841 27666
3175 4940 9501
9501 3175 4940
4940 3175 9501
26787 10563 14810
10563 14810 26787
14810 10563 26787
25073 8450 20960
20960 8450 25073
8450 20960 25073
20583 17741 24595
17741 20583 24595
24595 17741 20583
11347 2972 14322
14322 2972 11347
2972 11347 14322
6732 18285 29562
18285 6732 29562
29562 6732 18285
5618 6206 26976
26976 5618 6206
6206 5618 26976
18190 24122 27083
24122 18190 27083
27083 18190 24122
14599 7393 18012
18012 7393 14599
7393 14599 18012
15052 6777 29331
6777 15052 29331
29331 6777 15052
5551 17841 26175
17841 5551 26175
26175 5551 17841
15435 11951 19692
19692 11951 15435
11951 15435 19692
9438 9028 23816
23816 9028 9438
9028 9438 23816
22262 16546 24933
24933 16546 22262
16546 22262 24933
10847 1244 13515
1244 10847 13515
13515 1244 10847
20271 5582 28955
5582 20271 28955
28955 5582 20271
10078 25656 29344
29344 10078 25656
25656 10078 29344
22170 1930 8064
8064 1930 22170
1930 8064 22170
28480 14329 29848
14329 28480 29848
29848 14329 28480
1526 26218 29999
29999 1526 26218
26218 1526 29999
19085 5761 16709
16709 5761 19085
5761 16709 19085
29516 548 17170
17170 548 29516
548 17170 29516
22760 5048 26987
5048 22760 26987
26987 5048 22760
13524 5758 7658
5758 7658 13524
7658 5758 13524
14811 4919 18791
18791 4919 14811
4919 14811 18791
23984 12779 26334
12779 23984 26334
26334 12779 23984
20806 9955 26162
9955 20806 26162
26162 9955 20806
199 1193 20128
20128 199 1193
1193 199 20128
26513 7735 11052
11052 7735 26513
7735 11052 26513
6891 5353 28521
5353 6891 28521
28521 5353 6891
28732 8809 19863
19863 8809 28732
8809 19863 28732
28657 27 22949
22949 27 28657
27 22949 28657
1786 12657 19309
19309 1786 12657
12657 1786 19309
29381 6975 23603
6975 23603 29381
23603 6975 29381
11901 10388 17774
10388 11901 17774
17774 10388 11901
28010 22380 26443
26443 22380 28010
22380 26443 28010
2440 12080 22548
22548 2440 12080
12080 2440 22548
11283 4668 14733
4668 11283 14733
14733 4668 11283
28309 15364 21917
21917 15364 28309
15364 21917 28309
1305 7759 8109
8109 1305 7759
7759 1305 8109
13565 15916 23196
15916 13565 23196
23196 13565 15916
21801 494 10527
494 10527 21801
10527 494 21801
29880 4563 23738
23738 4563 29880
4563 23738 29880
29571 157 4139
4139 157 29571
157 4139 29571
28693 15320 15921
15320 15921 28693
15921 15320 28693
19244 9998 13775
9998 13775 19244
13775 9998 19244
11247 4642 20942
4642 11247 20942
20942 4642 11247
19433 25211 28144
25211 19433 28144
28144 19433 25211
42 2493 20810
2493 42 20810
20810 42 2493
23744 8444 17212
17212 8444 23744
8444 17212 23744
10022 972 19000
972 10022 19000
19000 972 10022
12073 16295 16926
16926 12073 16295
16295 12073 16926
17380 13493 14814
13493 14814 17380
14814 13493 17380
29809 10087 11020
10087 11020 29809
11020 10087 29809
2818 13279 18768
18768 2818 13279
13279 2818 18768
17395 4757 23713
4757 17395 23713
23713 4757 17395
9383 11523 17259
17259 9383 11523
11523 9383 17259
10141 10905 21944
21944 10141 10905
10905 10141 21944
22838 10505 19974
10505 19974 22838
19974 10505 22838
28190 27826 27993
27826 27993 28190
27993 27826 28190
29358 4677 28111
4677 28111 29358
28111 4677 29358
24246 7345 24911
7345 24246 24911
24911 7345 24246
25105 16952 20890
16952 20890 25105
20890 16952 25105
25001 14457 23275
23275 14457 25001
14457 23275 25001
9427 13025 29780
13025 9427 29780
29780 9427 13025
14202 10051 20320
20320 10051 14202
10051 14202 20320
836 2548 26894
26894 836 2548
2548 836 26894
25923 1893 16846
1893 16846 25923
16846 1893 25923
15401 202 3088
202 3088 15401
3088 202 15401
25143 1411 21471
1411 21471 25143
21471 1411 25143
23666 1695 16380
16380 1695 23666
1695 16380 23666
10559 1753 28332
1753 10559 28332
28332 1753 10559
6519 8738 15568
15568 6519 8738
8738 6519 15568
11633 17095 17367
17095 11633 17367
17367 11633 17095
11404 3862 20199
20199 3862 11404
3862 11404 20199
5440 13872 26280
13872 5440 26280
26280 5440 13872
26915 15199 25540
25540 15199 26915
15199 25540 26915
18497 10981 15908
15908 10981 18497
10981 15908 18497
5929 14823 23862
23862 5929 14823
14823 5929 23862
9459 8100 8571
8100 8571 9459
8571 8100 9459
24775 19743 19983
19983 19743 24775
19743 19983 24775
27437 6684 22405
22405 6684 27437
6684 22405 27437
9765 2248 18810
2248 9765 18810
18810 2248 9765
7668 6401 29621
29621 6401 7668
6401 7668 29621
15728 5144 16997
5144 15728 16997
16997 5144 15728
10968 26212 27756
26212 10968 27756
27756 10968 26212
3759 10706 16964
10706 3759 16964
16964 3759 10706
9235 11275 13579
11275 9235 13579
13579 9235 11275
8920 5132 18262
18262 5132 8920
5132 8920 18262
2253 16043 21273
16043 2253 21273
21273 2253 16043
8274 2987 12929
12929 2987 8274
2987 8274 12929
26855 26771 29762
29762 26771 26855
26771 26855 29762
15057 3880 7673
7673 3880 15057
3880 7673 15057
24622 1736 23226
1736 23226 24622
23226 1736 24622
18326 6902 27496
6902 18326 27496
27496 6902 18326
891 16968 25184
25184 891 16968
16968 891 25184
19354 12000 15026
12000 15026 19354
15026 12000 19354
26058 12190 22037
12190 22037 26058
22037 12190 26058
10806 7551 9800
7551 9800 10806
9800 7551 10806
7168 5859 17530
17530 5859 7168
5859 7168 17530
16462 20099 28575
28575 16462 20099
20099 16462 28575
20646 24393 25162
24393 20646 25162
25162 20646 24393
9505 12144 15310
12144 9505 15310
15310 9505 12144
1750 63 20659
63 1750 20659
20659 63 1750
25491 3688 29157
3688 25491 29157
29157 3688 25491
24928 27351 27613
27613 24928 27351
27351 24928 27613
8158 20428 23152
23152 8158 20428
20428 8158 23152
16391 12158 27935
27935 12158 16391
12158 16391 27935
26000 4571 15171
4571 15171 26000
15171 4571 26000
5421 13727 18893
18893 5421 13727
13727 5421 18893
3782 4512 28435
4512 3782 28435
28435 3782 4512
19423 1556 18962
1556 18962 19423
18962 1556 19423
2036 1598 22190
1598 2036 22190
22190 1598 2036
1611 1208 24795
24795 1208 1611
1208 1611 24795
13467 3426 9095
3426 9095 13467
9095 3426 13467
1807 9283 26016
26016 1807 9283
9283 1807 26016
3563 1644 12128
12128 1644 3563
1644 3563 12128
4939 4340 27391
4340 4939 27391
27391 4340 4939
10852 10834 24102
10834 10852 24102
24102 10834 10852
9602 8485 15165
15165 8485 9602
8485 9602 15165
21859 4155 22084
4155 21859 22084
22084 4155 21859
13542 12126 22643
22643 12126 13542
12126 13542 22643
29060 8414 22613
22613 8414 29060
8414 22613 29060
27681 4014 7666
7666 4014 27681
4014 7666 27681
10475 18345 28574
28574 10475 18345
18345 10475 28574
13924 1734 3948
1734 3948 13924
3948 1734 13924
4802 3302 13839
3302 4802 13839
13839 3302 4802
2158 249 20067
249 2158 20067
20067 249 2158
25440 21261 24942
24942 21261 25440
21261 24942 25440
5343 11139 13115
13115 5343 11139
11139 5343 13115
15049 7030 22159
7030 15049 22159
22159 7030 15049
9396 880 29136
880 9396 29136
29136 880 9396
22310 12907 21985
21985 12907 22310
12907 21985 22310
4192 7391 15595
15595 4192 7391
7391 4192 15595
14724 13815 28979
13815 14724 28979
28979 13815 14724
11542 4127 5049
5049 4127 11542
4127 5049 11542
18276 20864 21000
21000 18276 20864
20864 18276 21000
21968 4469 22255
22255 4469 21968
4469 21968 22255
7432 28589 29328
28589 7432 29328
29328 7432 28589
12461 1871 20537
1871 12461 20537
20537 1871 12461
13879 3292 4788
4788 3292 13879
3292 4788 13879
21028 9173 18140
9173 18140 21028
18140 9173 21028
5572 3107 5527
5527 3107 5572
3107 5527 5572
11218 11734 15625
11734 11218 15625
15625 11218 11734
27322 17547 18649
18649 17547 27322
17547 18649 27322
29374 4790 26649
26649 4790 29374
4790 26649 29374
7141 19785 23448
19785 7141 23448
23448 7141 19785
27990 5456 6697
6697 5456 27990
5456 6697 27990
5970 17413 24055
24055 5970 17413
17413 5970 24055
626 467 14841
14841 467 626
467 626 14841
4764 9957 25837
25837 4764 9957
9957 4764 25837
7221 13433 20958
13433 7221 20958
20958 7221 13433
7966 12447 22602
12447 7966 22602
22602 7966 12447
13233 8596 24683
8596 13233 24683
24683 8596 13233
13460 24170 27809
27809 13460 24170
24170 13460 27809
12809 5724 27062
5724 12809 27062
27062 5724 12809
18787 4639 17266
17266 4639 18787
4639 17266 18787
7774 895 21518
21518 895 7774
895 7774 21518
14309 13666 29935
13666 14309 29935
29935 13666 14309
14748 2697 28390
28390 2697 14748
2697 14748 28390
5010 2345 14226
14226 2345 5010
2345 5010 14226
17301 1872 4577
4577 1872 17301
1872 4577 17301
29954 7792 28321
28321 7792 29954
7792 28321 29954
9619 15220 25352
25352 9619 15220
15220 9619 25352
13567 26648 28687
28687 13567 26648
26648 13567 28687
19953 1554 11361
1554 11361 19953
11361 1554 19953
28478 7707 27896
27896 7707 28478
7707 27896 28478
26082 11703 16091
11703 16091 26082
16091 11703 26082
27344 12648 24311
12648 24311 27344
24311 12648 27344
18342 16935 26793
16935 18342 26793
26793 16935 18342
18701 9567 12439
12439 9567 18701
9567 12439 18701
21352 14077 22761
22761 14077 21352
14077 21352 22761
17798 21703 29853
21703 17798 29853
29853 17798 21703
17609 13321 17593
13321 17593 17609
17593 13321 17609
5942 11231 14199
11231 5942 14199
14199 5942 11231
27626 2060 15859
15859 2060 27626
2060 15859 27626
705 8796 11796
11796 705 8796
8796 705 11796
28859 11251 24078
24078 11251 28859
11251 24078 28859
25164 87 21516
21516 87 25164
87 21516 25164
1372 9143 11146
11146 1372 9143
9143 1372 11146
18750 11256 22615
11256 18750 22615
22615 11256 18750
7840 22427 25911
22427 7840 25911
25911 7840 22427
7120 12304 14470
12304 7120 14470
14470 7120 12304
16961 1322 9543
9543 1322 16961
1322 9543 16961
21331 474 23017
23017 474 21331
474 21331 23017
14066 5597 7595
7595 5597 14066
5597 7595 14066
27655 11537 18199
11537 18199 27655
18199 11537 27655
15382 4377 5851
4377 5851 15382
5851 4377 15382
4623 3703 23508
3703 4623 23508
23508 3703 4623
8328 643 29564
643 8328 29564
29564 643 8328
18465 7870 10748
10748 7870 18465
7870 10748 18465
19029 20326 24578
20326 19029 24578
24578 19029 20326
24452 10091 16746
10091 16746 24452
16746 10091 24452
11684 18535 25720
25720 11684 18535
18535 11684 25720
7270 24661 27385
24661 7270 27385
27385 7270 24661
2791 4049 16332
4049 2791 16332
16332 2791 4049
26576 18721 23953
23953 18721 26576
18721 23953 26576
7508 186 8484
8484 186 7508
186 7508 8484
17184 211 24226
211 17184 24226
24226 211 17184
7588 3186 26768
26768 3186 7588
3186 7588 26768
23356 8884 8928
8928 8884 23356
8884 8928 23356
21769 1089 4988
4988 1089 21769
1089 4988 21769
22574 23191 24938
23191 22574 24938
24938 22574 23191
913 14176 28703
28703 913 14176
14176 913 28703
15541 1398 28330
1398 15541 28330
28330 1398 15541
5957 2918 7978
7978 2918 5957
2918 5957 7978
11655 18348 29395
29395 11655 18348
18348 11655 29395
3997 26579 28085
28085 3997 26579
26579 3997 28085
1442 4909 16914
16914 1442 4909
4909 1442 16914
4564 8375 9655
8375 4564 9655
9655 4564 8375
14027 10240 26400
26400 10240 14027
10240 14027 26400
28565 16490 20289
16490 20289 28565
20289 16490 28565
28504 8378 17467
8378 17467 28504
17467 8378 28504
28074 10431 26635
10431 26635 28074
26635 10431 28074
10361 8610 11160
8610 10361 11160
11160 8610 10361
1517 382 29429
29429 382 1517
382 1517 29429
8653 13458 17912
13458 8653 17912
17912 8653 13458
20891 5842 11809
11809 5842 20891
5842 11809 20891
16921 16577 28591
28591 16577 16921
16577 16921 28591
28064 337 5272
5272 337 28064
337 5272 28064
7375 10049 17864
17864 7375 10049
10049 7375 17864
21052 10711 27143
10711 21052 27143
27143 10711 21052
6230 23594 26972
23594 6230 26972
26972 6230 23594
3910 5547 9236
9236 3910 5547
5547 3910 9236
10974 9917 28050
28050 9917 10974
9917 10974 28050
12219 14338 27654
27654 12219 14338
14338 12219 27654
13593 3907 11257
3907 11257 13593
11257 3907 13593
5664 1942 13374
1942 5664 13374
13374 1942 5664
11564 15534 16651
15534 11564 16651
16651 11564 15534
11644 1584 10456
1584 10456 11644
10456 1584 11644
22133 1025 20287
20287 1025 22133
1025 20287 22133
16056 23676 28051
28051 16056 23676
23676 16056 28051
25784 7246 14534
7246 14534 25784
14534 7246 25784
27856 7806 24509
24509 7806 27856
7806 24509 27856
1897 4810 22364
4810 1897 22364
22364 1897 4810
29409 11627 28827
28827 11627 29409
11627 28827 29409
9039 12019 28959
12019 9039 28959
28959 9039 12019
22967 9226 18047
18047 9226 22967
9226 18047 22967
22442 10752 24331
24331 10752 22442
10752 22442 24331
19239 6073 18634
6073 18634 19239
18634 6073 19239
3334 11626 20691
20691 3334 11626
11626 3334 20691
16383 6813 19051
6813 16383 19051
19051 6813 16383
6865 2844 7323
7323 2844 6865
2844 6865 7323
28934 10202 28198
10202 28198 28934
28198 10202 28934
5047 12681 25895
12681 5047 25895
25895 5047 12681
18510 17016 27854
17016 18510 27854
27854 17016 18510
25035 544 27726
27726 544 25035
544 25035 27726
12109 6799 7108
7108 6799 12109
6799 7108 12109
15582 11863 29217
29217 11863 15582
11863 15582 29217
16025 8222 10579
10579 8222 16025
8222 10579 16025
18518 28664 29965
28664 18518 29965
29965 18518 28664
1936 10132 27702
27702 1936 10132
10132 1936 27702
13333 4635 18712
18712 4635 13333
4635 13333 18712
26296 10340 11452
11452 10340 26296
10340 11452 26296
10349 7777 13163
13163 7777 10349
7777 10349 13163
2992 4943 5616
5616 2992 4943
4943 2992 5616
10694 3378 5924
5924 3378 10694
3378 5924 10694
6727 12811 28344
12811 6727 28344
28344 6727 12811
25052 11079 22563
22563 11079 25052
11079 22563 25052
5850 998 27835
998 5850 27835
27835 998 5850
4811 14115 18455
14115 4811 18455
18455 4811 14115
12679 8521 14543
8521 12679 14543
14543 8521 12679
7242 17697 26284
26284 7242 17697
17697 7242 26284
6580 1700 3899
3899 1700 6580
1700 3899 6580
14215 4329 29496
29496 4329 14215
4329 14215 29496
23908 25683 28360
28360 23908 25683
25683 23908 28360
21867 604 4861
4861 604 21867
604 4861 21867
22535 2736 16913
2736 16913 22535
16913 2736 22535
11485 3618 14237
3618 11485 14237
14237 3618 11485
15930 22466 24891
24891 15930 22466
22466 15930 24891
27242 9252 11184
9252 11184 27242
11184 9252 27242
6220 9307 14132
9307 6220 14132
14132 6220 9307
14182 18274 27075
27075 14182 18274
18274 14182 27075
1987 6971 28452
28452 1987 6971
6971 1987 28452
7525 1649 22028
22028 1649 7525
1649 7525 22028
2899 5490 18507
5490 2899 18507
18507 2899 5490
11686 9660 27340
27340 9660 11686
9660 11686 27340
15522 9601 24204
9601 15522 24204
24204 9601 15522
21089 18421 25687
18421 21089 25687
25687 18421 21089
24639 3570 21283
21283 3570 24639
3570 21283 24639
17307 7836 21641
7836 17307 21641
21641 7836 17307
4454 12516 15213
15213 4454 12516
12516 4454 15213
26539 13759 16940
16940 13759 26539
13759 16940 26539
17669 17418 27539
17418 17669 27539
27539 17418 17669
2025 3519 27988
3519 2025 27988
27988 2025 3519
17112 15864 20407
15864 17112 20407
20407 15864 17112
12147 10464 14532
10464 12147 14532
14532 10464 12147
14869 6035 13387
6035 13387 14869
13387 6035 14869
18204 21903 25037
25037 18204 21903
21903 18204 25037
13457 13620 28334
28334 13457 13620
13620 13457 28334
2514 3580 21684
3580 2514 21684
21684 2514 3580
4644 9935 25260
25260 4644 9935
9935 4644 25260
8332 15009 17917
17917 8332 15009
15009 8332 17917
19340 14802 24451
14802 19340 24451
24451 14802 19340
10125 8180 16280
8180 10125 16280
16280 8180 10125
7435 23767 28749
23767 7435 28749
28749 7435 23767
27215 11868 11899
11868 11899 27215
11899 11868 27215
6475 14266 29753
29753 6475 14266
14266 6475 29753
28239 9124 9667
9667 9124 28239
9124 9667 28239
13571 4510 25351
25351 4510 13571
4510 13571 25351
5247 2735 16958
16958 2735 5247
2735 5247 16958
17216 18621 22538
22538 17216 18621
18621 17216 22538
12527 13436 24470
13436 12527 24470
24470 12527 13436
4523 11232 24858
11232 4523 24858
24858 4523 11232
23255 8661 23667
8661 23255 23667
23667 8661 23255
4566 5950 15356
5950 4566 15356
15356 4566 5950
13147 1050 6640
6640 1050 13147
1050 6640 13147
4101 22066 23914
22066 4101 23914
23914 4101 22066
2184 869 12505
869 2184 12505
12505 869 2184
27387 14041 22370
22370 14041 27387
14041 22370 27387
23913 11092 12502
11092 12502 23913
12502 11092 23913
27251 3084 3802
3084 3802 27251
3802 3084 27251
11171 9263 23635
9263 11171 23635
23635 9263 11171
8637 5100 28459
28459 5100 8637
5100 8637 28459
22408 1658 3204
3204 1658 22408
1658 3204 22408
29713 691 26912
26912 691 29713
691 26912 29713
1012 21994 27547
27547 1012 21994
21994 1012 27547
3070 5464 25808
25808 3070 5464
5464 3070 25808
8608 12692 25447
12692 8608 25447
25447 8608 12692
28472 8502 28772
8502 28472 28772
28772 8502 28472
10882 3663 10864
10864 3663 10882
3663 10864 10882
8859 12872 21873
21873 8859 12872
12872 8859 21873
1900 3262 4819
3262 1900 4819
4819 1900 3262
24163 11676 17438
11676 17438 24163
17438 11676 24163
17618 15678 23197
23197 15678 17618
15678 17618 23197
27033 2597 13096
2597 13096 27033
13096 2597 27033
9657 27289 28527
28527 9657 27289
27289 9657 28527
21137 6313 24297
24297 6313 21137
6313 21137 24297
7627 2662 14459
2662 7627 14459
14459 2662 7627
25054 18642 18853
18642 18853 25054
18853 18642 25054
28182 935 3970
935 3970 28182
3970 935 28182
1590 13314 16697
13314 1590 16697
16697 1590 13314
12884 6766 20688
20688 6766 12884
6766 12884 20688
24884 355 27210
27210 355 24884
355 24884 27210
8563 7430 19499
7430 8563 19499
19499 7430 8563
29551 10284 27844
27844 10284 29551
10284 27844 29551
2032 1067 20308
20308 1067 2032
1067 2032 20308
28967 6498 25313
25313 6498 28967
6498 25313 28967
20902 3040 5026
5026 3040 20902
3040 5026 20902
17430 7741 28228
28228 7741 17430
7741 17430 28228
28797 21954 26387
21954 26387 28797
26387 21954 28797
20961 2048 27334
2048 20961 27334
27334 2048 20961
9488 24848 26137
24848 9488 26137
26137 9488 24848
5783 10529 20490
10529 5783 20490
20490 5783 10529
2923 11168 11853
11168 2923 11853
11853 2923 11168
27860 1547 22231
22231 1547 27860
1547 22231 27860
22163 3103 24872
3103 22163 24872
24872 3103 22163
18785 1186 15135
1186 15135 18785
15135 1186 18785
10009 10642 11752
11752 10009 10642
10642 10009 11752
22256 4705 13919
4705 13919 22256
13919 4705 22256
9484 1770 8126
1770 8126 9484
8126 1770 9484
16662 6867 15073
6867 15073 16662
15073 6867 16662
830 892 4073
892 830 4073
4073 830 892
6453 14421 24698
14421 6453 24698
24698 6453 14421
21125 10237 13056
10237 13056 21125
13056 10237 21125
26477 1616 5143
5143 1616 26477
1616 5143 26477
78 8667 26504
26504 78 8667
8667 78 26504
11067 8093 15962
15962 8093 11067
8093 11067 15962
6456 23408 25359
23408 6456 25359
25359 6456 23408
9113 23450 29147
29147 9113 23450
23450 9113 29147
16206 16240 21948
21948 16206 16240
16240 16206 21948
27906 1946 20777
20777 1946 27906
1946 20777 27906
5753 10546 24685
24685 5753 10546
10546 5753 24685
19359 12305 18912
12305 18912 19359
18912 12305 19359
22052 12206 17657
12206 17657 22052
17657 12206 22052
15183 3400 7751
3400 7751 15183
7751 3400 15183
19126 26297 29847
29847 19126 26297
26297 19126 29847
29768 4144 27586
4144 27586 29768
27586 4144 29768
7416 15021 29321
29321 7416 15021
15021 7416 29321
14420 13975 19490
13975 14420 19490
19490 13975 14420
15982 9154 28381
28381 9154 15982
9154 15982 28381
24493 19349 29115
19349 24493 29115
29115 19349 24493
17647 6367 24723
24723 6367 17647
6367 17647 24723
14722 16930 23523
23523 14722 16930
16930 14722 23523
13416 4955 23572
4955 13416 23572
23572 4955 13416
23431 13258 22918
13258 22918 23431
22918 13258 23431
25327 5481 28938
5481 25327 28938
28938 5481 25327
8940 21213 26637
26637 8940 21213
21213 8940 26637
5725 25172 29192
25172 5725 29192
29192 5725 25172
28248 22026 24260
22026 24260 28248
24260 22026 28248
23101 7218 21474
7218 21474 23101
21474 7218 23101
15926 19454 26952
19454 15926 26952
26952 15926 19454
15339 26899 29624
29624 15339 26899
26899 15339 29624
17147 26517 26984
26517 17147 26984
26984 17147 26517
26563 2692 7180
7180 2692 26563
2692 7180 26563
3255 11652 24623
24623 3255 11652
11652 3255 24623
14925 5431 28101
5431 14925 28101
28101 5431 14925
20650 18619 26216
26216 18619 20650
18619 20650 26216
1226 10635 12183
10635 1226 12183
12183 1226 10635
18579 833 22572
22572 833 18579
833 18579 22572
10829 5709 9134
5709 9134 10829
9134 5709 10829
19017 463 8046
463 8046 19017
8046 463 19017
5241 475 25961
25961 475 5241
475 5241 25961
17065 5007 14267
14267 5007 17065
5007 14267 17065
22802 4501 20671
4501 20671 22802
20671 4501 22802
14991 4173 24073
4173 14991 24073
24073 4173 14991
10455 2856 12070
12070 2856 10455
2856 10455 12070
22339 17762 28778
17762 22339 28778
28778 17762 22339
15627 4063 8743
8743 4063 15627
4063 8743 15627
15632 16022 26514
26514 15632 16022
16022 15632 26514
17068 1407 23358
1407 17068 23358
23358 1407 17068
1282 11262 29992
11262 1282 29992
29992 1282 11262
24000 6555 6628
6628 6555 24000
6555 6628 24000
5274 12294 20867
12294 5274 20867
20867 5274 12294
11128 24538 25870
24538 11128 25870
25870 11128 24538
25594 5717 11101
5717 11101 25594
11101 5717 25594
21828 13778 26632
13778 21828 26632
26632 13778 21828
29118 3873 5315
3873 5315 29118
5315 3873 29118
25887 16168 23861
16168 23861 25887
23861 16168 25887
3273 8335 20620
8335 3273 20620
20620 3273 8335
25728 21946 29084
29084 21946 25728
21946 25728 29084
11278 20435 26369
20435 11278 26369
26369 11278 20435
9685 1252 12623
12623 1252 9685
1252 9685 12623
12162 15167 19129
19129 12162 15167
15167 12162 19129
18208 16094 21669
16094 18208 21669
21669 16094 18208
10811 6773 12233
6773 10811 12233
12233 6773 10811
5234 7241 7876
7876 5234 7241
7241 5234 7876
8612 857 2602
857 2602 8612
2602 857 8612
6119 15759 18714
15759 6119 18714
18714 6119 15759
19611 5117 23896
23896 5117 19611
5117 19611 23896
15294 4156 23044
23044 4156 15294
4156 15294 23044
1830 9013 25478
9013 1830 25478
25478 1830 9013
24827 11486 17523
17523 11486 24827
11486 17523 24827
19702 15698 22941
15698 19702 22941
22941 15698 19702
26518 1819 6730
6730 1819 26518
1819 6730 26518
19907 5588 24904
24904 5588 19907
5588 19907 24904
26802 19361 23538
23538 19361 26802
19361 23538 26802
23504 11468 24024
11468 23504 24024
24024 11468 23504
17260 9012 11265
11265 9012 17260
9012 11265 17260
20213 17267 29195
17267 20213 29195
29195 17267 20213
15894 18713 26235
18713 15894 26235
26235 15894 18713
5881 19646 26379
26379 5881 19646
19646 5881 26379
3412 9287 19797
9287 3412 19797
19797 3412 9287
10999 4678 28107
4678 10999 28107
28107 4678 10999
15422 10895 12377
10895 12377 15422
12377 10895 15422
19765 15966 29539
29539 15966 19765
15966 19765 29539
25402 5300 22246
5300 22246 25402
22246 5300 25402
18145 16611 18255
16611 18145 18255
18255 16611 18145
24852 267 23420
23420 267 24852
267 23420 24852
19867 9982 18748
9982 18748 19867
18748 9982 19867
29408 9336 25922
9336 25922 29408
25922 9336 29408
16842 8434 18908
18908 8434 16842
8434 16842 18908
9944 12471 21067
21067 9944 12471
12471 9944 21067
5150 7843 10601
7843 5150 10601
10601 5150 7843
13251 19057 20842
19057 13251 20842
20842 13251 19057
18533 380 18143
18143 380 18533
380 18143 18533
5626 15461 28722
15461 5626 28722
28722 5626 15461
5818 17023 17507
17507 5818 17023
17023 5818 17507
1004 12464 14367
12464 1004 14367
14367 1004 12464
17149 7316 22049
22049 7316 17149
7316 17149 22049
4719 5646 19650
5646 4719 19650
19650 4719 5646
5123 12746 28174
12746 5123 28174
28174 5123 12746
10001 4241 12022
4241 10001 12022
12022 4241 10001
15336 3891 9000
3891 9000 15336
9000 3891 15336
23314 17527 18696
17527 18696 23314
18696 17527 23314
3771 13601 15354
13601 3771 15354
15354 3771 13601
13953 6739 14198
14198 6739 13953
6739 13953 14198
15054 8760 18477
18477 8760 15054
8760 15054 18477
20429 12209 23805
12209 20429 23805
23805 12209 20429
395 12131 19506
12131 395 19506
19506 395 12131
23685 15007 18887
15007 18887 23685
18887 15007 23685
5174 16582 24536
16582 5174 24536
24536 5174 16582
10293 635 24250
635 10293 24250
24250 635 10293
20553 15798 16772
15798 16772 20553
16772 15798 20553
11379 14310 26252
26252 11379 14310
14310 11379 26252
22505 6719 10637
6719 10637 22505
10637 6719 22505
25544 12026 24478
24478 12026 25544
12026 24478 25544
12710 7338 25747
25747 7338 12710
7338 12710 25747
26403 18183 21022
18183 21022 26403
21022 18183 26403
22994 6394 22046
6394 22046 22994
22046 6394 22994
12690 4318 5072
5072 4318 12690
4318 5072 12690
15722 7119 12763
12763 7119 15722
7119 12763 15722
8729 21221 23657
23657 8729 21221
21221 8729 23657
11607 12777 19178
19178 11607 12777
12777 11607 19178
16947 14250 26135
26135 14250 16947
14250 16947 26135
18110 5426 15615
5426 15615 18110
15615 5426 18110
1843 13418 19436
13418 1843 19436
19436 1843 13418
10867 9704 21359
21359 9704 10867
9704 10867 21359
12256 23122 24599
23122 12256 24599
24599 12256 23122
14436 25276 26088
26088 14436 25276
25276 14436 26088
3446 6629 25600
25600 3446 6629
6629 3446 25600
12557 3384 8290
8290 3384 12557
3384 8290 12557
14005 2362 4210
4210 2362 14005
2362 4210 14005
27682 6214 10246
10246 6214 27682
6214 10246 27682
10510 2914 22347
22347 2914 10510
2914 10510 22347
27732 2926 20194
20194 2926 27732
2926 20194 27732
22680 14584 19316
14584 19316 22680
19316 14584 22680
17321 6213 27451
6213 17321 27451
27451 6213 17321
14608 215 12825
12825 215 14608
215 12825 14608
16483 9254 10735
9254 10735 16483
10735 9254 16483
6770 14012 26194
14012 6770 26194
26194 6770 14012
22982 18635 23104
23104 18635 22982
18635 22982 23104
18294 12932 16868
12932 16868 18294
16868 12932 18294
22326 10362 23898
10362 22326 23898
23898 10362 22326
28204 11917 27060
27060 11917 28204
11917 27060 28204
24875 15366 26957
15366 24875 26957
26957 15366 24875
16732 4579 18631
18631 4579 16732
4579 16732 18631
516 12537 25798
25798 516 12537
12537 516 25798
509 4307 17102
17102 509 4307
4307 509 17102
7438 15208 21303
15208 7438 21303
21303 7438 15208
12711 24735 26542
26542 12711 24735
24735 12711 26542
7800 7780 26027
26027 7780 7800
7780 7800 26027
139 2637 11938
11938 139 2637
2637 139 11938
27341 1878 23155
1878 23155 27341
23155 1878 27341
9183 2003 18566
2003 9183 18566
18566 2003 9183
5834 1550 22814
1550 5834 22814
22814 1550 5834
6942 12642 15753
12642 6942 15753
15753 6942 12642
15637 2645 5273
5273 2645 15637
2645 5273 15637
3575 6074 16965
6074 3575 16965
16965 3575 6074
13456 9767 10156
9767 10156 13456
10156 9767 13456
289 19148 22236
22236 289 19148
19148 289 22236
21192 25611 29050
25611 21192 29050
29050 21192 25611
1881 4176 24985
4176 1881 24985
24985 1881 4176
18813 5060 25851
25851 5060 18813
5060 18813 25851
16246 4818 27071
27071 4818 16246
4818 16246 27071
13787 16023 25267
16023 13787 25267
25267 13787 16023
25268 19318 28789
19318 25268 28789
28789 19318 25268
10183 12395 18107
18107 10183 12395
12395 10183 18107
14756 3776 17775
17775 3776 14756
3776 14756 17775
25780 1138 5413
1138 5413 25780
5413 1138 25780
8713 2656 18315
18315 2656 8713
2656 8713 18315
431 8268 25390
8268 431 25390
25390 431 8268
15114 3517 24395
24395 3517 15114
3517 15114 24395
2176 7133 15670
15670 2176 7133
7133 2176 15670
21393 25304 27374
25304 21393 27374
27374 21393 25304
17698 15559 24074
24074 15559 17698
15559 17698 24074
812 11066 17097
11066 812 17097
17097 812 11066
18762 19826 21434
21434 18762 19826
19826 18762 21434
4456 29542 29617
29617 4456 29542
29542 4456 29617
19089 18070 28736
28736 18070 19089
18070 19089 28736
29472 21779 24965
24965 21779 29472
21779 24965 29472
25279 1422 21433
1422 21433 25279
21433 1422 25279
8411 7785 10238
10238 7785 8411
7785 8411 10238
18842 5919 22946
5919 18842 22946
22946 5919 18842
5740 23449 26610
23449 5740 26610
26610 5740 23449
17503 15067 27931
27931 15067 17503
15067 17503 27931
19796 3409 8070
8070 3409 19796
3409 8070 19796
16578 8321 24962
24962 8321 16578
8321 16578 24962
5622 16000 18149
18149 5622 16000
16000 5622 18149
27673 7190 17106
7190 17106 27673
17106 7190 27673
3271 15667 28384
28384 3271 15667
15667 3271 28384
25398 17189 17440
17440 17189 25398
17189 17440 25398
24721 18284 29365
18284 24721 29365
29365 18284 24721
4655 32 27339
32 4655 27339
27339 32 4655
5277 9927 19443
19443 5277 9927
9927 5277 19443
18357 1378 13991
1378 13991 18357
13991 1378 18357
20742 26133 28744
28744 20742 26133
26133 20742 28744
18115 3460 18253
18253 3460 18115
3460 18115 18253
14004 2604 21810
2604 14004 21810
21810 2604 14004
16813 12725 12994
12725 12994 16813
12994 12725 16813
9098 22202 28035
28035 9098 22202
22202 9098 28035
19933 6641 14588
6641 14588 19933
14588 6641 19933
24630 4977 5006
4977 5006 24630
5006 4977 24630
1858 9479 12402
12402 1858 9479
9479 1858 12402
24119 4734 20301
4734 20301 24119
20301 4734 24119
21533 19238 28951
28951 19238 21533
19238 21533 28951
11216 20147 26415
26415 11216 20147
20147 11216 26415
21058 25055 29016
25055 21058 29016
29016 21058 25055
19355 27168 27583
27168 19355 27583
27583 19355 27168
13742 3931 14480
14480 3931 13742
3931 13742 14480
18774 15202 25536
25536 15202 18774
15202 18774 25536
6786 584 22856
22856 584 6786
584 6786 22856
9521 5330 12871
5330 9521 12871
12871 5330 9521
24100 1332 24995
24995 1332 24100
1332 24100 24995
6469 18173 18410
18173 6469 18410
18410 6469 18173
8640 1438 13551
13551 1438 8640
1438 8640 13551
14207 9850 27934
9850 14207 27934
27934 9850 14207
12721 2590 22674
2590 12721 22674
22674 2590 12721
8968 3509 23034
3509 8968 23034
23034 3509 8968
9877 5488 10168
5488 9877 10168
10168 5488 9877
22455 16049 22454
22454 16049 22455
16049 22454 22455
22591 5280 16876
16876 5280 22591
5280 16876 22591
20596 2617 12822
2617 12822 20596
12822 2617 20596
17934 7964 10439
7964 10439 17934
10439 7964 17934
8374 4030 21246
21246 4030 8374
4030 8374 21246
4418 5239 21798
21798 4418 5239
5239 4418 21798
10839 17459 26836
17459 10839 26836
26836 10839 17459
29697 28724 29299
29299 28724 29697
28724 29299 29697
6635 20588 23375
20588 6635 23375
23375 6635 20588
15058 4327 6246
4327 6246 15058
6246 4327 15058
8602 6970 27620
6970 8602 27620
27620 6970 8602
17695 19940 21362
21362 17695 19940
19940 17695 21362
14292 21591 21934
21934 14292 21591
21591 14292 21934
13392 19387 24552
24552 13392 19387
19387 13392 24552
29772 9455 22382
9455 22382 29772
22382 9455 29772
24851 2652 6749
2652 6749 24851
6749 2652 24851
9041 19113 21595
21595 9041 19113
19113 9041 21595
25466 12499 19686
12499 19686 25466
19686 12499 25466
13863 5760 11012
11012 5760 13863
5760 11012 13863
27574 4698 26165
4698 26165 27574
26165 4698 27574
23472 11712 27818
27818 11712 23472
11712 23472 27818
4429 28385 29022
28385 4429 29022
29022 4429 28385
196 10008 21750
10008 196 21750
21750 196 10008
7184 864 7094
864 7094 7184
7094 864 7184
19134 7271 10846
7271 10846 19134
10846 7271 19134
8146 8090 14666
8090 8146 14666
14666 8090 8146
23091 900 17196
900 17196 23091
17196 900 23091
19703 20846 27430
20846 19703 27430
27430 19703 20846
5391 15564 21298
15564 5391 21298
21298 5391 15564
15770 172 24141
24141 172 15770
172 15770 24141
545 18475 19062
19062 545 18475
18475 545 19062
22218 2097 14956
2097 14956 22218
14956 2097 22218
955 2129 17988
2129 955 17988
17988 955 2129
10746 2233 21519
2233 10746 21519
21519 2233 10746
21403 1449 13305
1449 13305 21403
13305 1449 21403
25465 13728 25119
13728 25119 25465
25119 13728 25465
6177 14832 21078
21078 6177 14832
14832 6177 21078
14710 5189 17455
17455 5189 14710
5189 14710 17455
15224 21245 22892
22892 15224 21245
21245 15224 22892
24394 12923 14573
12923 14573 24394
14573 12923 24394
24951 5214 23070
23070 5214 24951
5214 23070 24951
3191 9934 24912
24912 3191 9934
9934 3191 24912
19732 10292 15835
15835 10292 19732
10292 15835 19732
4576 4633 18074
4633 4576 18074
18074 4576 4633
26616 7031 14546
14546 7031 26616
7031 14546 26616
11873 17987 22140
17987 11873 22140
22140 11873 17987
6198 5765 21908
21908 5765 6198
5765 6198 21908
10434 3683 14506
14506 3683 10434
3683 10434 14506
25046 6308 9469
6308 9469 25046
9469 6308 25046
25050 2461 15385
2461 15385 25050
15385 2461 25050
13278 9833 23274
9833 13278 23274
23274 9833 13278
13007 1976 13356
1976 13007 13356
13356 1976 13007
27531 18437 19804
19804 18437 27531
18437 19804 27531
8211 12945 27288
12945 8211 27288
27288 8211 12945
17178 10145 17557
17557 10145 17178
10145 17178 17557
22395 9088 19590
9088 19590 22395
19590 9088 22395
16223 1140 27817
1140 16223 27817
27817 1140 16223
11562 220 5285
5285 220 11562
220 5285 11562
21292 609 29682
29682 609 21292
609 21292 29682
12485 14800 16441
14800 12485 16441
16441 12485 14800
11324 18354 18427
18427 11324 18354
18354 11324 18427
26890 2870 14274
14274 2870 26890
2870 14274 26890
4275 3010 5386
5386 3010 4275
3010 4275 5386
4506 227 23235
227 4506 23235
23235 227 4506
19569 7650 11187
11187 7650 19569
7650 11187 19569
188 9552 17965
9552 188 17965
17965 188 9552
1115 3447 19978
19978 1115 3447
3447 1115 19978
11453 20626 22129
20626 11453 22129
22129 11453 20626
20542 5029 28750
28750 5029 20542
5029 20542 28750
229 511 25062
25062 229 511
511 229 25062
23058 14184 25652
25652 14184 23058
14184 23058 25652
15499 5046 28583
28583 5046 15499
5046 15499 28583
18230 13789 27699
13789 18230 27699
27699 13789 18230
26048 12565 28756
28756 12565 26048
12565 26048 28756
9693 7614 8441
7614 8441 9693
8441 7614 9693
6161 2335 27505
27505 2335 6161
2335 6161 27505
8405 8838 12435
12435 8405 8838
8838 8405 12435
5109 7178 28222
28222 5109 7178
7178 5109 28222
19695 7304 7804
7304 7804 19695
7804 7304 19695
6864 8730 20892
20892 6864 8730
8730 6864 20892
16646 23054 24344
24344 16646 23054
23054 16646 24344
14507 18983 21922
18983 14507 21922
21922 14507 18983
26737 8510 21943
8510 21943 26737
21943 8510 26737
9325 1431 19156
1431 9325 19156
19156 1431 9325
13267 11745 14737
14737 11745 13267
11745 13267 14737
