278 79 169
79 169 278
169 79 278
276 256 293
293 256 276
256 276 293
230 94 131
94 131 230
131 94 230
180 23 51
51 23 180
23 51 180
1 20 105
20 1 105
105 1 20
203 50 135
135 50 203
50 135 203
212 31 207
207 31 212
31 207 212
260 68 214
214 68 260
68 214 260
4 40 122
122 4 40
40 4 122
175 118 235
118 175 235
235 118 175
277 104 273
104 273 277
273 104 277
38 123 178
178 38 123
123 38 178
156 52 233
233 52 156
52 156 233
288 19 283
19 283 288
283 19 288
183 9 54
54 9 183
9 54 183
80 18 247
247 18 80
18 80 247
220 36 242
242 36 220
36 220 242
218 12 240
12 218 240
240 12 218
149 109 126
109 126 149
126 109 149
173 13 63
13 63 173
63 13 173
8 27 133
133 8 27
27 8 133
239 86 252
252 86 239
86 239 252
110 57 211
211 57 110
57 110 211
237 7 102
102 7 237
7 102 237
194 232 274
232 194 274
274 194 232
161 71 209
71 161 209
209 71 161
116 47 82
82 47 116
47 82 116
147 103 223
223 103 147
103 147 223
238 222 263
222 238 263
263 222 238
243 248 285
285 243 248
248 243 285
3 90 120
90 3 120
120 3 90
181 89 138
89 138 181
138 89 181
182 24 197
197 24 182
24 182 197
33 11 166
11 33 166
166 11 33
74 85 266
266 74 85
85 74 266
88 10 81
10 81 88
81 10 88
249 101 264
101 249 264
264 101 249
179 76 125
76 125 179
125 76 179
236 87 255
87 236 255
255 87 236
195 16 67
16 67 195
67 16 195
114 37 177
177 37 114
37 114 177
14 28 254
254 14 28
28 14 254
225 72 127
72 127 225
127 72 225
115 128 159
159 115 128
128 115 159
73 22 295
295 22 73
22 73 295
167 58 121
121 58 167
58 121 167
231 70 271
70 231 271
271 70 231
32 41 284
41 32 284
284 32 41
210 83 119
119 83 210
83 119 210
297 168 184
168 184 297
184 168 297
245 111 229
111 229 245
229 111 245
139 100 186
100 139 186
186 100 139
282 48 190
48 190 282
190 48 282
64 93 174
174 64 93
93 64 174
261 53 290
290 53 261
53 261 290
206 49 227
49 206 227
227 49 206
153 202 204
204 153 202
202 153 204
250 132 205
132 205 250
205 132 250
152 92 281
92 152 281
281 92 152
141 213 299
213 141 299
299 141 213
34 163 280
280 34 163
163 34 280
112 158 224
158 112 224
224 112 158
140 42 270
270 42 140
42 140 270
269 29 44
44 29 269
29 44 269
208 107 160
107 160 208
160 107 208
217 244 265
244 217 265
265 217 244
113 5 117
117 5 113
5 113 117
154 59 137
59 137 154
137 59 154
97 30 124
30 97 124
124 30 97
65 26 130
130 26 65
26 65 130
98 17 171
17 98 171
171 17 98
6 155 251
155 6 251
251 6 155
146 75 165
75 146 165
165 75 146
148 66 296
296 66 148
66 148 296
291 21 55
21 55 291
55 21 291
193 91 151
91 151 193
151 91 193
272 39 289
39 272 289
289 39 272
200 199 216
216 199 200
199 200 216
46 198 268
268 46 198
198 46 268
275 60 189
189 60 275
60 189 275
77 96 106
106 77 96
96 77 106
267 99 134
99 134 267
134 99 267
234 170 259
259 170 234
170 234 259
142 43 164
164 43 142
43 142 164
78 62 246
246 62 78
62 78 246
192 25 292
292 25 192
25 192 292
35 15 69
69 15 35
15 35 69
84 196 201
196 84 201
201 84 196
45 61 219
61 45 219
219 45 61
150 95 298
95 150 298
298 95 150
56 136 257
257 56 136
136 56 257
226 185 294
185 226 294
294 185 226
176 157 279
157 176 279
279 157 176
191 221 253
253 191 221
221 191 253
215 187 287
187 215 287
287 187 215
228 108 286
286 108 228
108 228 286
172 162 241
162 172 241
241 162 172
2 129 258
258 2 129
129 2 258
300 144 188
144 188 300
188 144 300
262 143 145
145 143 262
143 145 262
