12876 11828 14411
14411 11828 12876
11828 12876 14411
19119 4953 25263
4953 19119 25263
25263 4953 19119
24790 17965 23903
17965 23903 24790
23903 17965 24790
12317 10500 12719
12719 10500 12317
10500 12317 12719
14178 3726 18393
3726 14178 18393
18393 3726 14178
16888 20081 24385
20081 16888 24385
24385 16888 20081
16652 7541 11382
7541 11382 16652
11382 7541 16652
3543 878 7708
878 3543 7708
7708 878 3543
11023 11783 28854
28854 11023 11783
11783 11023 28854
2026 1994 19842
1994 2026 19842
19842 1994 2026
24488 2288 27768
27768 2288 24488
2288 24488 27768
16429 12704 15246
15246 12704 16429
12704 15246 16429
14762 8988 28950
8988 14762 28950
28950 8988 14762
9981 27973 29562
27973 9981 29562
29562 9981 27973
25249 15755 26470
26470 15755 25249
15755 25249 26470
2239 6663 21684
6663 2239 21684
21684 2239 6663
19671 9262 12066
9262 12066 19671
12066 9262 19671
23460 15233 15800
15233 15800 23460
15800 15233 23460
1371 5098 18033
5098 1371 18033
18033 1371 5098
25405 3705 26919
26919 3705 25405
3705 25405 26919
24278 12574 23776
12574 23776 24278
23776 12574 24278
292 15255 15638
15255 292 15638
15638 292 15255
21998 11069 16305
16305 11069 21998
11069 16305 21998
19445 4181 21307
4181 19445 21307
21307 4181 19445
22355 3628 22837
3628 22355 22837
22837 3628 22355
20744 1684 3024
1684 3024 20744
3024 1684 20744
8640 25889 28099
28099 8640 25889
25889 8640 28099
25447 9970 20749
9970 20749 25447
20749 9970 25447
17167 2982 5811
5811 2982 17167
2982 5811 17167
291 13542 18807
13542 291 18807
18807 291 13542
8295 18138 19912
19912 8295 18138
18138 8295 19912
3563 25402 28650
28650 3563 25402
25402 3563 28650
25704 414 20683
20683 414 25704
414 20683 25704
10257 1328 29340
29340 1328 10257
1328 10257 29340
23970 21883 21890
21890 21883 23970
21883 21890 23970
20589 9589 11847
11847 9589 20589
9589 11847 20589
14184 6910 21905
21905 6910 14184
6910 14184 21905
1645 23058 26783
26783 1645 23058
23058 1645 26783
1449 1717 29065
1717 1449 29065
29065 1449 1717
19239 1182 15218
15218 1182 19239
1182 15218 19239
8414 4606 27906
27906 4606 8414
4606 8414 27906
19552 3349 13621
13621 3349 19552
3349 13621 19552
1897 10942 28212
10942 1897 28212
28212 1897 10942
11455 16492 26621
26621 11455 16492
16492 11455 26621
8995 18742 25497
25497 8995 18742
18742 8995 25497
7184 9302 21832
9302 7184 21832
21832 7184 9302
18755 2371 29167
2371 18755 29167
29167 2371 18755
1625 4148 10079
10079 1625 4148
4148 1625 10079
17803 1929 23921
23921 1929 17803
1929 17803 23921
23149 4891 23758
23758 4891 23149
4891 23149 23758
18769 17078 19117
17078 18769 19117
19117 17078 18769
4740 17335 17994
17335 4740 17994
17994 4740 17335
18889 10404 23924
23924 10404 18889
10404 18889 23924
774 3818 12754
3818 774 12754
12754 774 3818
1810 8643 18887
18887 1810 8643
8643 1810 18887
7509 14757 15137
14757 7509 15137
15137 7509 14757
28211 7000 23436
23436 7000 28211
7000 23436 28211
5851 2130 23693
23693 2130 5851
2130 5851 23693
6932 5616 20771
20771 5616 6932
5616 6932 20771
25310 20181 22301
20181 22301 25310
22301 20181 25310
22379 9065 19660
9065 19660 22379
19660 9065 22379
22442 914 20896
20896 914 22442
914 20896 22442
16187 1775 3223
1775 3223 16187
3223 1775 16187
1827 7586 18289
7586 1827 18289
18289 1827 7586
20850 12625 22362
22362 12625 20850
12625 20850 22362
21329 527 8184
527 8184 21329
8184 527 21329
8752 7379 25747
25747 7379 8752
7379 8752 25747
15221 319 7273
319 7273 15221
7273 319 15221
15788 1200 10666
1200 10666 15788
10666 1200 15788
27060 734 12626
12626 734 27060
734 12626 27060
16686 9790 11559
11559 9790 16686
9790 11559 16686
27916 16280 25876
25876 16280 27916
16280 25876 27916
20253 5170 11378
11378 5170 20253
5170 11378 20253
11897 580 11386
11386 580 11897
580 11386 11897
23141 12266 22853
22853 12266 23141
12266 22853 23141
4407 8542 25584
25584 4407 8542
8542 4407 25584
25936 18204 23559
23559 18204 25936
18204 23559 25936
26289 13068 24549
24549 13068 26289
13068 24549 26289
7825 16512 23766
23766 7825 16512
16512 7825 23766
3383 10680 11968
11968 3383 10680
10680 3383 11968
2018 20973 21224
21224 2018 20973
20973 2018 21224
5427 15155 18064
15155 5427 18064
18064 5427 15155
14412 3136 24177
3136 14412 24177
24177 3136 14412
12880 10776 17320
17320 10776 12880
10776 12880 17320
12214 25111 26776
25111 12214 26776
26776 12214 25111
24720 6265 20332
20332 6265 24720
6265 20332 24720
11202 5074 22407
22407 5074 11202
5074 11202 22407
18419 14988 17038
17038 14988 18419
14988 17038 18419
29877 11009 19874
19874 11009 29877
11009 19874 29877
10167 7148 9230
9230 7148 10167
7148 9230 10167
20590 7129 27464
27464 7129 20590
7129 20590 27464
24267 11756 14794
11756 14794 24267
14794 11756 24267
3409 6311 9716
6311 3409 9716
9716 3409 6311
18149 7461 7719
7461 7719 18149
7719 7461 18149
22097 5287 7054
7054 5287 22097
5287 7054 22097
9444 4964 23550
4964 9444 23550
23550 4964 9444
8783 4942 24492
4942 8783 24492
24492 4942 8783
19661 8926 10388
8926 10388 19661
10388 8926 19661
26970 685 21735
21735 685 26970
685 21735 26970
11709 2045 13730
13730 2045 11709
2045 11709 13730
17163 23714 29664
23714 17163 29664
29664 17163 23714
21488 13908 28955
13908 21488 28955
28955 13908 21488
10835 14702 23335
23335 10835 14702
14702 10835 23335
28209 3642 20008
20008 3642 28209
3642 20008 28209
26457 22507 29152
22507 26457 29152
29152 22507 26457
3908 20649 26940
26940 3908 20649
20649 3908 26940
21908 7097 24042
24042 7097 21908
7097 21908 24042
13584 5119 9822
9822 5119 13584
5119 9822 13584
8779 9489 25711
9489 8779 25711
25711 8779 9489
25172 1995 7149
7149 1995 25172
1995 7149 25172
21687 4699 27641
4699 21687 27641
27641 4699 21687
3395 14465 22104
14465 3395 22104
22104 3395 14465
12560 3652 9338
3652 9338 12560
9338 3652 12560
3335 8377 10686
10686 3335 8377
8377 3335 10686
29928 11313 29726
11313 29726 29928
29726 11313 29928
17152 10169 27583
10169 17152 27583
27583 10169 17152
9324 16806 29969
16806 9324 29969
29969 9324 16806
5356 14196 23209
14196 5356 23209
23209 5356 14196
19140 21054 29813
29813 19140 21054
21054 19140 29813
16676 24305 28779
24305 16676 28779
28779 16676 24305
10945 19381 22551
19381 10945 22551
22551 10945 19381
29839 10823 13105
10823 13105 29839
13105 10823 29839
14123 4743 26833
4743 14123 26833
26833 4743 14123
18832 8039 21113
21113 8039 18832
8039 18832 21113
21804 7906 8676
8676 7906 21804
7906 8676 21804
27891 4505 15940
15940 4505 27891
4505 15940 27891
27314 25639 26357
25639 26357 27314
26357 25639 27314
17400 10575 29622
29622 10575 17400
10575 17400 29622
7500 7140 27860
27860 7140 7500
7140 7500 27860
15750 13079 17560
17560 13079 15750
13079 15750 17560
5636 11769 17647
11769 5636 17647
17647 5636 11769
7123 21256 26948
21256 7123 26948
26948 7123 21256
15552 19388 27467
27467 15552 19388
19388 15552 27467
13794 6579 21704
21704 6579 13794
6579 13794 21704
14301 21777 24240
21777 14301 24240
24240 14301 21777
8755 415 14043
415 8755 14043
14043 415 8755
7695 4307 28148
4307 7695 28148
28148 4307 7695
29018 5219 15963
15963 5219 29018
5219 15963 29018
1469 17292 29917
17292 1469 29917
29917 1469 17292
26681 3121 15926
15926 3121 26681
3121 15926 26681
3725 26913 27476
27476 3725 26913
26913 3725 27476
29589 6428 8548
8548 6428 29589
6428 8548 29589
23572 5006 27615
27615 5006 23572
5006 23572 27615
6477 6993 10530
6993 6477 10530
10530 6477 6993
295 384 2528
2528 295 384
384 295 2528
24007 23290 29717
23290 24007 29717
29717 23290 24007
12833 12185 22773
12185 12833 22773
22773 12185 12833
5042 5487 13309
13309 5042 5487
5487 5042 13309
8059 1312 26000
1312 8059 26000
26000 1312 8059
27985 6144 12861
6144 12861 27985
12861 6144 27985
14122 15270 16507
16507 14122 15270
15270 14122 16507
24213 4333 23205
23205 4333 24213
4333 23205 24213
3817 18859 27433
27433 3817 18859
18859 3817 27433
4893 5475 19347
5475 4893 19347
19347 4893 5475
4780 20715 21140
21140 4780 20715
20715 4780 21140
11988 582 18043
18043 582 11988
582 11988 18043
10905 8258 10012
10012 8258 10905
8258 10012 10905
23630 23300 25859
23300 23630 25859
25859 23300 23630
22445 13484 16803
16803 13484 22445
13484 16803 22445
15025 4118 20608
4118 15025 20608
20608 4118 15025
16866 9982 24160
9982 16866 24160
24160 9982 16866
7256 10022 19610
19610 7256 10022
10022 7256 19610
6846 9512 25440
9512 6846 25440
25440 6846 9512
8270 7053 22943
7053 8270 22943
22943 7053 8270
17221 2332 16611
16611 2332 17221
2332 16611 17221
8024 11948 18616
18616 8024 11948
11948 8024 18616
15521 22788 23134
22788 15521 23134
23134 15521 22788
16991 7609 8549
8549 7609 16991
7609 8549 16991
3498 2246 14482
14482 2246 3498
2246 3498 14482
17477 21345 27149
21345 17477 27149
27149 17477 21345
6118 17203 29291
17203 6118 29291
29291 6118 17203
25043 4299 17594
4299 17594 25043
17594 4299 25043
16637 16871 23360
16871 16637 23360
23360 16637 16871
27758 10344 24303
24303 10344 27758
10344 24303 27758
7627 4543 9422
4543 7627 9422
9422 4543 7627
3967 17424 17952
17952 3967 17424
17424 3967 17952
26912 8686 24913
24913 8686 26912
8686 24913 26912
26930 25266 29016
25266 26930 29016
29016 25266 26930
10616 13762 28667
13762 10616 28667
28667 10616 13762
2742 19915 25718
19915 2742 25718
25718 2742 19915
308 704 7990
704 308 7990
7990 308 704
29082 10583 18722
10583 18722 29082
18722 10583 29082
8053 27113 29305
29305 8053 27113
27113 8053 29305
2315 8565 18869
8565 2315 18869
18869 2315 8565
3952 16514 24855
16514 3952 24855
24855 3952 16514
9859 184 11774
11774 184 9859
184 9859 11774
8096 11057 24621
11057 8096 24621
24621 8096 11057
6538 20598 29675
20598 6538 29675
29675 6538 20598
15889 7245 16190
7245 15889 16190
16190 7245 15889
4302 12992 23079
12992 4302 23079
23079 4302 12992
2218 2294 17055
17055 2218 2294
2294 2218 17055
16197 7738 25568
25568 7738 16197
7738 16197 25568
23762 11256 11582
11256 11582 23762
11582 11256 23762
7532 7426 9171
9171 7426 7532
7426 7532 9171
9060 2040 10920
2040 9060 10920
10920 2040 9060
15710 1383 4725
1383 4725 15710
4725 1383 15710
5543 13840 29096
13840 5543 29096
29096 5543 13840
21547 520 14869
14869 520 21547
520 14869 21547
28063 9250 26385
26385 9250 28063
9250 26385 28063
23855 4842 16800
16800 4842 23855
4842 16800 23855
20584 7152 18554
18554 7152 20584
7152 18554 20584
10654 2013 23136
2013 10654 23136
23136 2013 10654
28021 8224 15244
8224 15244 28021
15244 8224 28021
11879 2017 11693
2017 11693 11879
11693 2017 11879
11005 2202 12258
2202 11005 12258
12258 2202 11005
1402 9299 19429
9299 1402 19429
19429 1402 9299
23593 2534 13243
13243 2534 23593
2534 13243 23593
17591 8222 18379
8222 17591 18379
18379 8222 17591
25884 7705 19922
7705 19922 25884
19922 7705 25884
26556 6515 24595
24595 6515 26556
6515 24595 26556
7732 14607 20345
20345 7732 14607
14607 7732 20345
26007 10567 23177
23177 10567 26007
10567 23177 26007
2777 6697 12603
12603 2777 6697
6697 2777 12603
15627 11573 15437
15437 11573 15627
11573 15437 15627
9154 19488 29568
19488 9154 29568
29568 9154 19488
4584 25050 25652
25050 4584 25652
25652 4584 25050
24684 14768 29963
29963 14768 24684
14768 24684 29963
2298 23091 25619
23091 2298 25619
25619 2298 23091
25133 107 26926
107 25133 26926
26926 107 25133
24723 5067 25867
25867 5067 24723
5067 24723 25867
1143 16080 21433
16080 1143 21433
21433 1143 16080
23558 9825 18309
9825 18309 23558
18309 9825 23558
26844 720 27035
720 26844 27035
27035 720 26844
16370 14943 27236
14943 16370 27236
27236 14943 16370
17869 3224 4309
3224 4309 17869
4309 3224 17869
19808 179 12617
179 12617 19808
12617 179 19808
8328 10951 11974
11974 8328 10951
10951 8328 11974
7568 400 21817
400 7568 21817
21817 400 7568
14823 5959 13710
13710 5959 14823
5959 13710 14823
10901 6570 29656
29656 6570 10901
6570 10901 29656
21524 3371 10472
3371 10472 21524
10472 3371 21524
15642 5485 15351
15351 5485 15642
5485 15351 15642
4251 1830 10627
10627 1830 4251
1830 4251 10627
28234 11411 23640
11411 23640 28234
23640 11411 28234
1586 494 21606
494 1586 21606
21606 494 1586
282 16061 27461
27461 282 16061
16061 282 27461
7253 7188 11590
7188 7253 11590
11590 7188 7253
6966 4597 27478
4597 6966 27478
27478 4597 6966
12340 16316 24642
24642 12340 16316
16316 12340 24642
14782 6160 20790
6160 14782 20790
20790 6160 14782
10944 9869 24679
24679 9869 10944
9869 10944 24679
21341 7350 13996
13996 7350 21341
7350 13996 21341
3047 23116 26650
26650 3047 23116
23116 3047 26650
2086 780 4223
780 2086 4223
4223 780 2086
9493 10915 24004
24004 9493 10915
10915 9493 24004
15924 5290 19072
5290 15924 19072
19072 5290 15924
12117 867 14493
867 12117 14493
14493 867 12117
27106 18295 29494
29494 18295 27106
18295 27106 29494
14958 604 22877
604 14958 22877
22877 604 14958
24397 16870 26145
16870 24397 26145
26145 16870 24397
20684 1861 15871
1861 15871 20684
15871 1861 20684
19498 9686 19452
19452 9686 19498
9686 19452 19498
971 3742 9573
9573 971 3742
3742 971 9573
8095 2322 3935
2322 3935 8095
3935 2322 8095
17914 3356 22183
22183 3356 17914
3356 17914 22183
532 7828 11478
11478 532 7828
7828 532 11478
13020 22711 28575
22711 13020 28575
28575 13020 22711
14124 1506 10618
10618 1506 14124
1506 10618 14124
16929 168 6976
6976 168 16929
168 6976 16929
20412 17372 28010
28010 17372 20412
17372 20412 28010
9774 12514 28127
28127 9774 12514
12514 9774 28127
4197 5462 7257
5462 4197 7257
7257 4197 5462
27128 14476 29216
14476 27128 29216
29216 14476 27128
5353 5204 7893
5204 5353 7893
7893 5204 5353
9473 7199 19463
19463 7199 9473
7199 9473 19463
20061 1286 19327
1286 19327 20061
19327 1286 20061
19013 12969 23444
23444 12969 19013
12969 19013 23444
1240 2507 15339
2507 1240 15339
15339 1240 2507
9875 7315 9043
7315 9043 9875
9043 7315 9875
19469 1623 8802
1623 8802 19469
8802 1623 19469
16426 6140 28418
28418 6140 16426
6140 16426 28418
27471 7159 22620
22620 7159 27471
7159 22620 27471
21943 7846 25163
7846 21943 25163
25163 7846 21943
18910 17548 24977
17548 18910 24977
24977 17548 18910
7106 8394 24872
24872 7106 8394
8394 7106 24872
13810 8156 14181
14181 8156 13810
8156 13810 14181
22067 12964 28914
12964 22067 28914
28914 12964 22067
25874 19835 29837
29837 19835 25874
19835 25874 29837
8415 7605 25793
7605 8415 25793
25793 7605 8415
19080 6514 25121
25121 6514 19080
6514 19080 25121
11980 25309 27624
27624 11980 25309
25309 11980 27624
23349 15661 26413
26413 15661 23349
15661 23349 26413
21048 6851 24325
24325 6851 21048
6851 21048 24325
15673 4077 5806
4077 5806 15673
5806 4077 15673
17929 10638 17067
17067 10638 17929
10638 17067 17929
16989 3989 8517
3989 8517 16989
8517 3989 16989
27140 9472 11134
9472 11134 27140
11134 9472 27140
2474 9885 22872
9885 2474 22872
22872 2474 9885
17132 15059 17234
15059 17132 17234
17234 15059 17132
6508 16722 19223
16722 6508 19223
19223 6508 16722
11159 15717 29885
15717 11159 29885
29885 11159 15717
25953 14499 18518
18518 14499 25953
14499 18518 25953
21959 8378 17602
8378 17602 21959
17602 8378 21959
20844 2442 26758
2442 20844 26758
26758 2442 20844
1381 15486 25735
25735 1381 15486
15486 1381 25735
22466 5755 23656
23656 5755 22466
5755 22466 23656
26939 1199 17050
1199 17050 26939
17050 1199 26939
19618 1980 6551
1980 6551 19618
6551 1980 19618
15712 7983 14662
7983 14662 15712
14662 7983 15712
22905 4772 17194
17194 4772 22905
4772 17194 22905
11104 4377 13648
13648 4377 11104
4377 11104 13648
8230 9036 12742
12742 8230 9036
9036 8230 12742
18639 19263 29714
19263 18639 29714
29714 18639 19263
28744 12257 21926
12257 21926 28744
21926 12257 28744
8600 17143 29210
29210 8600 17143
17143 8600 29210
23142 6582 29653
6582 23142 29653
29653 6582 23142
26772 2425 12495
12495 2425 26772
2425 12495 26772
23437 13306 14367
14367 13306 23437
13306 14367 23437
13027 27445 27556
27445 13027 27556
27556 13027 27445
28221 2715 11185
2715 11185 28221
11185 2715 28221
21895 724 12227
12227 724 21895
724 12227 21895
17968 23266 27050
23266 17968 27050
27050 17968 23266
25443 1353 5819
1353 5819 25443
5819 1353 25443
12851 1305 16531
16531 1305 12851
1305 12851 16531
7588 23005 26078
26078 7588 23005
23005 7588 26078
9289 22663 25492
22663 9289 25492
25492 9289 22663
4581 3724 29531
3724 4581 29531
29531 3724 4581
23146 773 9120
9120 773 23146
773 9120 23146
24731 20555 27059
20555 24731 27059
27059 20555 24731
27408 3032 23227
23227 3032 27408
3032 23227 27408
11196 8335 20342
20342 8335 11196
8335 11196 20342
17277 24525 24638
24638 17277 24525
24525 17277 24638
26831 9954 12420
12420 9954 26831
9954 12420 26831
23060 1725 13360
1725 13360 23060
13360 1725 23060
13932 12860 22095
22095 12860 13932
12860 13932 22095
2278 3774 20470
3774 2278 20470
20470 2278 3774
5629 23047 23276
23276 5629 23047
23047 5629 23276
29759 10407 29335
29335 10407 29759
10407 29335 29759
5796 15794 21767
21767 5796 15794
15794 5796 21767
21282 16539 24056
24056 16539 21282
16539 21282 24056
5741 6996 9385
6996 5741 9385
9385 5741 6996
1208 16719 20751
16719 1208 20751
20751 1208 16719
6604 3043 7991
7991 3043 6604
3043 6604 7991
9280 6800 12797
6800 9280 12797
12797 6800 9280
2386 7185 20949
7185 2386 20949
20949 2386 7185
3101 19386 25730
19386 3101 25730
25730 3101 19386
3418 3780 26508
26508 3418 3780
3780 3418 26508
2672 21958 26107
26107 2672 21958
21958 2672 26107
14547 6933 23402
6933 14547 23402
23402 6933 14547
11084 12380 17917
12380 11084 17917
17917 11084 12380
10421 6109 23896
6109 10421 23896
23896 6109 10421
10193 14981 22755
22755 10193 14981
14981 10193 22755
5323 16673 23620
16673 5323 23620
23620 5323 16673
1127 17672 24675
17672 1127 24675
24675 1127 17672
21213 15115 24522
15115 21213 24522
24522 15115 21213
29075 4182 19626
19626 4182 29075
4182 19626 29075
27848 16713 29816
16713 27848 29816
29816 16713 27848
20947 3435 21412
3435 20947 21412
21412 3435 20947
2888 24898 28556
24898 2888 28556
28556 2888 24898
4503 10138 16626
10138 4503 16626
16626 4503 10138
25526 9363 17894
9363 17894 25526
17894 9363 25526
9732 485 16792
16792 485 9732
485 9732 16792
28278 12607 14905
14905 12607 28278
12607 14905 28278
1766 19161 24965
19161 1766 24965
24965 1766 19161
5991 8700 10063
10063 5991 8700
8700 5991 10063
18048 6646 9281
9281 6646 18048
6646 9281 18048
5918 17380 19132
19132 5918 17380
17380 5918 19132
22103 1582 14651
14651 1582 22103
1582 14651 22103
4198 25321 25522
25522 4198 25321
25321 4198 25522
5152 7400 10417
10417 5152 7400
7400 5152 10417
9367 10369 13577
10369 9367 13577
13577 9367 10369
18306 9861 24019
24019 9861 18306
9861 18306 24019
21115 7743 24219
7743 21115 24219
24219 7743 21115
24918 16548 23799
23799 16548 24918
16548 23799 24918
21459 14174 27575
27575 14174 21459
14174 21459 27575
12917 4950 21694
4950 12917 21694
21694 4950 12917
27843 4297 20293
20293 4297 27843
4297 20293 27843
20429 27005 29958
29958 20429 27005
27005 20429 29958
7930 16018 19863
19863 7930 16018
16018 7930 19863
7972 25183 26959
25183 7972 26959
26959 7972 25183
18735 11103 25548
25548 11103 18735
11103 18735 25548
28276 22241 26736
26736 22241 28276
22241 26736 28276
7699 2116 11012
11012 2116 7699
2116 7699 11012
19668 25722 25930
25930 19668 25722
25722 19668 25930
6818 25908 27308
27308 6818 25908
25908 6818 27308
8172 11496 23157
23157 8172 11496
11496 8172 23157
16211 9710 27142
9710 16211 27142
27142 9710 16211
13570 25297 28142
28142 13570 25297
25297 13570 28142
14232 8568 9010
8568 9010 14232
9010 8568 14232
8757 5841 24432
5841 8757 24432
24432 5841 8757
20621 18126 20573
18126 20573 20621
20573 18126 20621
7196 13001 15182
13001 7196 15182
15182 7196 13001
25318 3120 6762
6762 3120 25318
3120 6762 25318
7417 3163 9804
9804 3163 7417
3163 7417 9804
12382 3050 18480
18480 3050 12382
3050 12382 18480
29287 19675 29699
29699 19675 29287
19675 29287 29699
26994 3107 3360
3107 3360 26994
3360 3107 26994
1222 19098 24347
19098 1222 24347
24347 1222 19098
1063 23161 29580
29580 1063 23161
23161 1063 29580
24912 3866 10986
10986 3866 24912
3866 10986 24912
27493 16556 29041
16556 27493 29041
29041 16556 27493
3317 9400 14508
14508 3317 9400
9400 3317 14508
1186 15444 28673
28673 1186 15444
15444 1186 28673
29794 24853 27204
27204 24853 29794
24853 27204 29794
3112 1055 2714
1055 2714 3112
2714 1055 3112
5476 10403 18203
18203 5476 10403
10403 5476 18203
25040 14635 17363
14635 17363 25040
17363 14635 25040
7723 8142 26161
26161 7723 8142
8142 7723 26161
19278 20031 20644
20644 19278 20031
20031 19278 20644
5521 8479 9655
8479 5521 9655
9655 5521 8479
24662 4210 6592
6592 4210 24662
4210 6592 24662
7021 3532 23644
3532 7021 23644
23644 3532 7021
10385 2521 21169
21169 2521 10385
2521 10385 21169
18351 2115 22068
2115 18351 22068
22068 2115 18351
24604 4453 28294
4453 24604 28294
28294 4453 24604
4458 5363 16175
16175 4458 5363
5363 4458 16175
15845 11302 16464
11302 15845 16464
16464 11302 15845
3221 21450 21821
21450 3221 21821
21821 3221 21450
4303 1883 9037
9037 1883 4303
1883 4303 9037
4794 4700 27678
4700 4794 27678
27678 4700 4794
8612 6417 11985
11985 6417 8612
6417 8612 11985
6867 21348 24865
21348 6867 24865
24865 6867 21348
1851 2700 28176
2700 1851 28176
28176 1851 2700
12706 20779 26113
26113 12706 20779
20779 12706 26113
29252 17567 19314
17567 19314 29252
19314 17567 29252
26157 8021 29406
8021 26157 29406
29406 8021 26157
3458 4119 5745
5745 3458 4119
4119 3458 5745
5573 24332 29215
24332 5573 29215
29215 5573 24332
6766 19751 24721
24721 6766 19751
19751 6766 24721
22259 7960 22342
22342 7960 22259
7960 22259 22342
28879 15310 23520
23520 15310 28879
15310 23520 28879
8279 13126 22954
22954 8279 13126
13126 8279 22954
8423 5313 16167
5313 8423 16167
16167 5313 8423
20888 12174 29278
29278 12174 20888
12174 20888 29278
2226 6317 13038
6317 2226 13038
13038 2226 6317
5970 16581 20563
20563 5970 16581
16581 5970 20563
25028 16376 23684
23684 16376 25028
16376 23684 25028
5043 9888 28981
9888 5043 28981
28981 5043 9888
14585 24650 24883
24883 14585 24650
24650 14585 24883
18615 546 25815
25815 546 18615
546 18615 25815
1008 5139 19019
5139 1008 19019
19019 1008 5139
25389 5881 19343
19343 5881 25389
5881 19343 25389
23284 6255 17265
6255 17265 23284
17265 6255 23284
29295 23061 29968
23061 29295 29968
29968 23061 29295
2980 8386 18290
18290 2980 8386
8386 2980 18290
18276 7748 9950
7748 9950 18276
9950 7748 18276
16295 23698 23728
23728 16295 23698
23698 16295 23728
20167 7494 15833
7494 15833 20167
15833 7494 20167
5690 7474 25695
25695 5690 7474
7474 5690 25695
21936 121 7443
121 7443 21936
7443 121 21936
27563 4360 9378
4360 9378 27563
9378 4360 27563
14389 11947 19669
11947 14389 19669
19669 11947 14389
29109 10218 18174
10218 18174 29109
18174 10218 29109
18878 2102 24689
2102 18878 24689
24689 2102 18878
7785 16889 21118
16889 7785 21118
21118 7785 16889
11139 7431 29807
7431 11139 29807
29807 7431 11139
9581 3549 7328
3549 7328 9581
7328 3549 9581
1972 5940 7058
5940 1972 7058
7058 1972 5940
6143 26488 26896
26488 6143 26896
26896 6143 26488
20895 7958 9837
7958 9837 20895
9837 7958 20895
4517 1122 10438
1122 4517 10438
10438 1122 4517
12868 15720 20123
20123 12868 15720
15720 12868 20123
7801 2308 12804
12804 2308 7801
2308 7801 12804
22959 20593 25533
25533 20593 22959
20593 22959 25533
20476 14295 20358
14295 20358 20476
20358 14295 20476
8983 5734 27550
27550 5734 8983
5734 8983 27550
23072 15506 26643
15506 23072 26643
26643 15506 23072
5191 4145 10187
4145 5191 10187
10187 4145 5191
21265 20791 29142
20791 21265 29142
29142 20791 21265
29384 24542 26312
26312 24542 29384
24542 26312 29384
21969 3299 4908
4908 3299 21969
3299 4908 21969
7150 20581 23944
23944 7150 20581
20581 7150 23944
21156 8444 18701
8444 18701 21156
18701 8444 21156
17459 5980 21759
5980 17459 21759
21759 5980 17459
29597 13709 13924
13709 13924 29597
13924 13709 29597
11655 9871 22963
9871 11655 22963
22963 9871 11655
25036 18334 20968
18334 20968 25036
20968 18334 25036
11135 6122 13514
13514 6122 11135
6122 11135 13514
25397 5300 27270
5300 25397 27270
27270 5300 25397
17588 5114 8559
5114 8559 17588
8559 5114 17588
29037 1636 28420
1636 28420 29037
28420 1636 29037
29020 7113 22267
7113 22267 29020
22267 7113 29020
4462 2364 20397
2364 4462 20397
20397 2364 4462
24302 8862 26630
26630 8862 24302
8862 24302 26630
27383 13791 17848
17848 13791 27383
13791 17848 27383
1119 19292 21949
21949 1119 19292
19292 1119 21949
14566 23119 26234
26234 14566 23119
23119 14566 26234
8666 17373 20210
20210 8666 17373
17373 8666 20210
29012 8198 24089
24089 8198 29012
8198 24089 29012
28364 26922 29981
26922 28364 29981
29981 26922 28364
987 16221 24331
24331 987 16221
16221 987 24331
2610 2342 19382
2342 2610 19382
19382 2342 2610
11500 999 4550
4550 999 11500
999 4550 11500
27903 22408 26765
26765 22408 27903
22408 26765 27903
21907 18617 22336
18617 21907 22336
22336 18617 21907
18260 4623 12732
12732 4623 18260
4623 12732 18260
20444 5656 15060
15060 5656 20444
5656 15060 20444
23965 23647 24507
23647 23965 24507
24507 23647 23965
12553 10521 20854
20854 10521 12553
10521 12553 20854
16034 15815 19146
19146 15815 16034
15815 16034 19146
4202 5249 23447
5249 4202 23447
23447 4202 5249
18411 16456 27594
27594 16456 18411
16456 18411 27594
2812 3067 27182
3067 2812 27182
27182 2812 3067
22540 3440 20240
20240 3440 22540
3440 20240 22540
1761 8111 18784
8111 1761 18784
18784 1761 8111
20977 7962 20243
7962 20243 20977
20243 7962 20977
4530 12883 25853
12883 4530 25853
25853 4530 12883
10237 11013 25570
11013 10237 25570
25570 10237 11013
9908 8654 20932
20932 8654 9908
8654 9908 20932
2588 947 24065
947 2588 24065
24065 947 2588
19899 334 7831
7831 334 19899
334 7831 19899
17064 8570 21347
8570 17064 21347
21347 8570 17064
16742 13723 26971
26971 13723 16742
13723 16742 26971
8451 1593 19685
1593 8451 19685
19685 1593 8451
16461 1584 3408
1584 3408 16461
3408 1584 16461
19814 19891 21109
19891 19814 21109
21109 19814 19891
18578 18069 24277
24277 18069 18578
18069 18578 24277
5848 3167 7487
3167 5848 7487
7487 3167 5848
4242 4444 23032
23032 4242 4444
4444 4242 23032
9755 9215 19854
19854 9215 9755
9215 9755 19854
20180 11815 25332
11815 20180 25332
25332 11815 20180
17816 1395 20815
20815 1395 17816
1395 17816 20815
5699 7142 27438
27438 5699 7142
7142 5699 27438
8614 23657 24100
24100 8614 23657
23657 8614 24100
4906 17104 20933
17104 4906 20933
20933 4906 17104
11415 2702 8453
8453 2702 11415
2702 8453 11415
5830 18166 27070
27070 5830 18166
18166 5830 27070
22966 13245 18793
13245 18793 22966
18793 13245 22966
5389 19230 22604
22604 5389 19230
19230 5389 22604
3059 22729 24156
22729 3059 24156
24156 3059 22729
15608 9492 12030
9492 12030 15608
12030 9492 15608
12190 11512 13727
11512 12190 13727
13727 11512 12190
3193 5644 19057
19057 3193 5644
5644 3193 19057
10833 16360 24422
16360 10833 24422
24422 10833 16360
14437 6608 12928
12928 6608 14437
6608 12928 14437
11502 4072 8981
4072 8981 11502
8981 4072 11502
15465 20921 27291
27291 15465 20921
20921 15465 27291
13425 9330 13201
9330 13201 13425
13201 9330 13425
18936 2885 19494
2885 18936 19494
19494 2885 18936
26056 755 21388
21388 755 26056
755 21388 26056
3695 2668 7114
7114 2668 3695
2668 3695 7114
3815 1236 23618
1236 3815 23618
23618 1236 3815
27200 9202 16355
9202 16355 27200
16355 9202 27200
10701 8774 9059
8774 9059 10701
9059 8774 10701
21971 7557 21697
21697 7557 21971
7557 21697 21971
22 27706 29762
29762 22 27706
27706 22 29762
7591 13211 14749
14749 7591 13211
13211 7591 14749
4087 2875 3146
3146 2875 4087
2875 3146 4087
847 15993 17958
15993 847 17958
17958 847 15993
6648 11426 16629
11426 6648 16629
16629 6648 11426
21168 1526 15989
15989 1526 21168
1526 15989 21168
5632 18228 25784
18228 5632 25784
25784 5632 18228
23453 12921 22587
12921 22587 23453
22587 12921 23453
5123 4658 21823
21823 4658 5123
4658 5123 21823
28745 2791 12057
12057 2791 28745
2791 12057 28745
25696 3641 12083
12083 3641 25696
3641 12083 25696
28774 10864 13624
13624 10864 28774
10864 13624 28774
10531 763 25545
763 10531 25545
25545 763 10531
12462 343 19532
19532 343 12462
343 12462 19532
22020 8636 18188
8636 18188 22020
18188 8636 22020
11290 20280 27368
20280 11290 27368
27368 11290 20280
20981 9358 10737
9358 10737 20981
10737 9358 20981
21672 8664 25891
8664 21672 25891
25891 8664 21672
29709 8935 24827
24827 8935 29709
8935 24827 29709
4837 3003 18909
18909 3003 4837
3003 4837 18909
21825 25351 28226
25351 21825 28226
28226 21825 25351
20024 19476 26383
26383 19476 20024
19476 20024 26383
25661 12775 18753
12775 18753 25661
18753 12775 25661
15562 6167 22091
6167 15562 22091
22091 6167 15562
6321 3510 19954
3510 6321 19954
19954 3510 6321
28163 11575 15617
11575 15617 28163
15617 11575 28163
25167 19648 22157
19648 22157 25167
22157 19648 25167
13814 18443 18727
18727 13814 18443
18443 13814 18727
23089 16620 24340
16620 23089 24340
24340 16620 23089
29091 4529 4989
4529 4989 29091
4989 4529 29091
8837 18880 25592
25592 8837 18880
18880 8837 25592
1818 3123 14890
3123 1818 14890
14890 1818 3123
22274 3699 4128
3699 4128 22274
4128 3699 22274
9423 18405 22386
18405 9423 22386
22386 9423 18405
9656 8421 20745
20745 8421 9656
8421 9656 20745
993 3734 25991
25991 993 3734
3734 993 25991
16572 3597 4760
3597 4760 16572
4760 3597 16572
4442 17918 24419
24419 4442 17918
17918 4442 24419
27374 3133 24087
24087 3133 27374
3133 24087 27374
26698 7637 28757
28757 7637 26698
7637 26698 28757
3782 14555 15460
15460 3782 14555
14555 3782 15460
16985 15542 24767
15542 16985 24767
24767 15542 16985
16269 9106 26012
26012 9106 16269
9106 16269 26012
14495 9787 12974
9787 12974 14495
12974 9787 14495
5256 22899 27121
22899 5256 27121
27121 5256 22899
14000 3934 5856
5856 3934 14000
3934 5856 14000
27048 5194 24677
5194 24677 27048
24677 5194 27048
28370 11050 19088
11050 19088 28370
19088 11050 28370
25330 6365 9887
9887 6365 25330
6365 9887 25330
22397 2787 5164
2787 5164 22397
5164 2787 22397
12489 17460 25818
17460 12489 25818
25818 12489 17460
27833 12587 16371
12587 16371 27833
16371 12587 27833
17513 897 7659
897 7659 17513
7659 897 17513
25350 26717 27180
27180 25350 26717
26717 25350 27180
5843 6138 17056
17056 5843 6138
6138 5843 17056
8121 1877 26995
26995 1877 8121
1877 8121 26995
25890 5503 6615
5503 6615 25890
6615 5503 25890
22057 18390 22398
18390 22057 22398
22398 18390 22057
20379 3282 19584
19584 3282 20379
3282 19584 20379
18767 6568 11630
6568 11630 18767
11630 6568 18767
1759 9515 21734
21734 1759 9515
9515 1759 21734
7117 15538 23230
15538 7117 23230
23230 7117 15538
15551 12502 22108
22108 12502 15551
12502 15551 22108
14452 3208 27492
27492 3208 14452
3208 14452 27492
16322 9729 13438
13438 9729 16322
9729 13438 16322
16002 15143 25549
15143 16002 25549
25549 15143 16002
19325 20283 20642
20283 19325 20642
20642 19325 20283
16916 2123 4977
4977 2123 16916
2123 4977 16916
20700 9181 20574
9181 20574 20700
20574 9181 20700
8820 24333 25762
25762 8820 24333
24333 8820 25762
13783 12458 24571
12458 13783 24571
24571 12458 13783
16108 6367 15046
15046 6367 16108
6367 15046 16108
16616 6276 25834
25834 6276 16616
6276 16616 25834
7551 3172 17844
17844 3172 7551
3172 7551 17844
28527 19416 22006
22006 19416 28527
19416 22006 28527
26124 13871 28842
13871 26124 28842
28842 13871 26124
29828 11545 18354
11545 18354 29828
18354 11545 29828
17307 10728 29793
29793 10728 17307
10728 17307 29793
15392 1332 12260
1332 12260 15392
12260 1332 15392
23306 15704 26590
15704 23306 26590
26590 15704 23306
175 15418 20365
15418 175 20365
20365 175 15418
29731 7617 7780
7617 7780 29731
7780 7617 29731
1735 15388 19039
15388 1735 19039
19039 1735 15388
7327 15613 28863
15613 7327 28863
28863 7327 15613
24232 7916 12645
7916 12645 24232
12645 7916 24232
28377 13241 29405
29405 13241 28377
13241 28377 29405
26043 20655 29481
29481 20655 26043
20655 26043 29481
27195 20713 29483
29483 20713 27195
20713 27195 29483
9800 2914 25320
2914 9800 25320
25320 2914 9800
19348 4599 12953
12953 4599 19348
4599 12953 19348
19824 117 27009
27009 117 19824
117 19824 27009
9220 566 22596
22596 566 9220
566 9220 22596
2851 7427 25789
7427 2851 25789
25789 2851 7427
13452 21965 28550
21965 13452 28550
28550 13452 21965
860 18972 21538
21538 860 18972
18972 860 21538
16509 16248 18525
16248 16509 18525
18525 16248 16509
15126 24665 26033
26033 15126 24665
24665 15126 26033
17651 15786 18638
15786 17651 18638
18638 15786 17651
7331 8715 14031
14031 7331 8715
8715 7331 14031
9641 9141 12265
9141 9641 12265
12265 9141 9641
29929 8253 29053
29053 8253 29929
8253 29053 29929
29546 5800 19212
19212 5800 29546
5800 19212 29546
21047 13824 26906
13824 21047 26906
26906 13824 21047
9033 18814 19260
19260 9033 18814
18814 9033 19260
29106 7073 26791
26791 7073 29106
7073 26791 29106
21157 5751 28235
5751 21157 28235
28235 5751 21157
17971 5913 15620
15620 5913 17971
5913 15620 17971
5876 17827 24447
24447 5876 17827
17827 5876 24447
22132 9421 21535
9421 21535 22132
21535 9421 22132
15887 3365 14803
14803 3365 15887
3365 14803 15887
25556 24625 29199
24625 25556 29199
29199 24625 25556
29974 23590 29537
23590 29537 29974
29537 23590 29974
23130 4402 4716
4716 4402 23130
4402 4716 23130
27404 3620 3632
3620 3632 27404
3632 3620 27404
6234 23542 29008
23542 6234 29008
29008 6234 23542
13041 13283 28382
28382 13041 13283
13283 13041 28382
26646 7085 26179
26179 7085 26646
7085 26179 26646
3511 9032 23595
23595 3511 9032
9032 3511 23595
8587 6257 18408
6257 8587 18408
18408 6257 8587
1968 1509 4124
1509 1968 4124
4124 1509 1968
23065 3506 3636
3636 3506 23065
3506 3636 23065
16323 19632 23567
19632 16323 23567
23567 16323 19632
15564 20285 26205
20285 15564 26205
26205 15564 20285
15910 25714 29205
29205 15910 25714
25714 15910 29205
10144 4709 27021
27021 4709 10144
4709 10144 27021
17346 22354 27858
22354 17346 27858
27858 17346 22354
18953 1515 18757
18757 1515 18953
1515 18757 18953
1366 8464 16240
16240 1366 8464
8464 1366 16240
22792 2183 25186
2183 22792 25186
25186 2183 22792
17750 21510 27449
27449 17750 21510
21510 17750 27449
18477 15861 22155
22155 15861 18477
15861 18477 22155
27056 7145 28132
7145 27056 28132
28132 7145 27056
25694 1439 9924
9924 1439 25694
1439 9924 25694
12541 9827 24276
24276 9827 12541
9827 12541 24276
21297 4579 9609
9609 4579 21297
4579 9609 21297
25400 20959 25224
25224 20959 25400
20959 25224 25400
16819 22406 27363
22406 16819 27363
27363 16819 22406
15606 9347 28018
9347 15606 28018
28018 9347 15606
8017 13236 24899
24899 8017 13236
13236 8017 24899
16645 9757 19211
9757 16645 19211
19211 9757 16645
1510 9228 10185
10185 1510 9228
9228 1510 10185
7539 4240 13257
4240 7539 13257
13257 4240 7539
8056 15892 16981
15892 8056 16981
16981 8056 15892
16071 9998 13176
13176 9998 16071
9998 13176 16071
1541 9592 24316
24316 1541 9592
9592 1541 24316
12202 399 3248
3248 399 12202
399 3248 12202
1711 5761 14742
14742 1711 5761
5761 1711 14742
14326 11014 17969
11014 14326 17969
17969 11014 14326
13954 16420 19109
16420 13954 19109
19109 13954 16420
7635 7912 22836
7912 7635 22836
22836 7635 7912
20418 13682 18076
18076 13682 20418
13682 18076 20418
7010 6806 26972
26972 6806 7010
6806 7010 26972
4603 11209 17811
17811 4603 11209
11209 4603 17811
5412 10601 21906
10601 5412 21906
21906 5412 10601
8336 7213 23473
23473 7213 8336
7213 8336 23473
18917 23377 27533
23377 18917 27533
27533 18917 23377
2370 2970 9978
2970 2370 9978
9978 2370 2970
19615 19315 29304
19315 19615 29304
29304 19315 19615
10788 1646 17042
17042 1646 10788
1646 10788 17042
26074 20208 23978
20208 23978 26074
23978 20208 26074
16058 3481 11280
11280 3481 16058
3481 11280 16058
26374 11547 22614
22614 11547 26374
11547 22614 26374
7367 3733 11651
3733 7367 11651
11651 3733 7367
23231 21025 23598
23598 21025 23231
21025 23231 23598
15641 9166 21681
9166 15641 21681
21681 9166 15641
26824 10923 25217
25217 10923 26824
10923 25217 26824
21813 9902 27069
9902 21813 27069
27069 9902 21813
24983 12538 13127
13127 12538 24983
12538 13127 24983
2198 4260 24077
24077 2198 4260
4260 2198 24077
8773 2233 10746
2233 8773 10746
10746 2233 8773
26528 33 10241
33 10241 26528
10241 33 26528
24126 5220 16362
5220 16362 24126
16362 5220 24126
1453 1034 4291
1034 1453 4291
4291 1034 1453
7526 17824 28150
28150 7526 17824
17824 7526 28150
14370 3093 19797
3093 14370 19797
19797 3093 14370
10036 109 4331
109 4331 10036
4331 109 10036
625 17543 21981
21981 625 17543
17543 625 21981
226 4215 28787
4215 226 28787
28787 226 4215
6521 44 2927
2927 44 6521
44 2927 6521
29432 441 26835
26835 441 29432
441 26835 29432
25270 611 1546
611 1546 25270
1546 611 25270
11809 1895 26638
1895 11809 26638
26638 1895 11809
14900 10225 21634
10225 14900 21634
21634 10225 14900
23636 1906 2906
1906 2906 23636
2906 1906 23636
9621 1836 26820
26820 1836 9621
1836 9621 26820
25844 7318 18760
18760 7318 25844
7318 18760 25844
10176 31 17230
17230 31 10176
31 10176 17230
27079 11250 27876
27876 11250 27079
11250 27079 27876
14419 3931 22494
3931 14419 22494
22494 3931 14419
9929 14099 23443
14099 9929 23443
23443 9929 14099
15162 3210 12125
3210 12125 15162
12125 3210 15162
14433 21755 23748
23748 14433 21755
21755 14433 23748
15084 483 17220
483 15084 17220
17220 483 15084
62 9402 16188
9402 62 16188
16188 62 9402
17857 9296 17880
9296 17857 17880
17880 9296 17857
24080 10743 24690
24690 10743 24080
10743 24080 24690
7449 11657 17947
17947 7449 11657
11657 7449 17947
15048 19980 23895
19980 15048 23895
23895 15048 19980
16791 6685 21772
21772 6685 16791
6685 16791 21772
10550 14329 23429
14329 10550 23429
23429 10550 14329
21160 17615 26676
17615 21160 26676
26676 17615 21160
18823 8844 24685
8844 18823 24685
24685 8844 18823
2734 2180 17896
2180 2734 17896
17896 2180 2734
4545 9648 15695
9648 4545 15695
15695 4545 9648
17280 5048 25516
25516 5048 17280
5048 17280 25516
21783 22900 28277
22900 21783 28277
28277 21783 22900
24606 8091 14523
8091 14523 24606
14523 8091 24606
8656 11458 28198
11458 8656 28198
28198 8656 11458
18196 25451 27347
27347 18196 25451
25451 18196 27347
661 9505 22652
9505 661 22652
22652 661 9505
21780 27814 28058
27814 21780 28058
28058 21780 27814
850 10904 13546
13546 850 10904
10904 850 13546
23467 25589 29325
29325 23467 25589
25589 23467 29325
19999 14361 24660
24660 14361 19999
14361 19999 24660
12222 4464 5076
4464 5076 12222
5076 4464 12222
14683 18347 25907
18347 14683 25907
25907 14683 18347
4273 6614 13538
6614 4273 13538
13538 4273 6614
25609 16841 17613
16841 17613 25609
17613 16841 25609
3602 6553 28824
28824 3602 6553
6553 3602 28824
19169 9313 15714
9313 15714 19169
15714 9313 19169
27854 17747 18947
18947 17747 27854
17747 18947 27854
20787 13251 26592
26592 13251 20787
13251 20787 26592
16562 868 9798
9798 868 16562
868 9798 16562
22835 11650 15050
11650 15050 22835
15050 11650 22835
27155 10073 13853
13853 10073 27155
10073 13853 27155
9269 15051 21731
15051 9269 21731
21731 9269 15051
20720 6149 10401
10401 6149 20720
6149 10401 20720
24577 14394 21288
14394 21288 24577
21288 14394 24577
2801 7731 10435
7731 2801 10435
10435 2801 7731
25640 19585 24845
19585 24845 25640
24845 19585 25640
20619 3009 7277
3009 7277 20619
7277 3009 20619
20072 19141 28749
28749 19141 20072
19141 20072 28749
24137 10277 16599
10277 16599 24137
16599 10277 24137
24079 9074 18352
9074 18352 24079
18352 9074 24079
20667 9832 27014
27014 9832 20667
9832 20667 27014
19861 1213 21420
21420 1213 19861
1213 19861 21420
11689 6833 9926
9926 6833 11689
6833 9926 11689
17490 9966 22580
9966 17490 22580
22580 9966 17490
597 3021 17111
17111 597 3021
3021 597 17111
24365 14423 20304
20304 14423 24365
14423 20304 24365
23918 3379 11095
11095 3379 23918
3379 11095 23918
8106 15623 25977
15623 8106 25977
25977 8106 15623
3966 5232 19558
19558 3966 5232
5232 3966 19558
20924 21563 28792
28792 20924 21563
21563 20924 28792
3086 8627 14724
8627 3086 14724
14724 3086 8627
7175 13444 28621
28621 7175 13444
13444 7175 28621
13338 940 5228
5228 940 13338
940 5228 13338
29244 15602 20224
20224 15602 29244
15602 20224 29244
8090 3493 23174
23174 3493 8090
3493 8090 23174
18745 1503 4927
4927 1503 18745
1503 4927 18745
2446 10684 29824
29824 2446 10684
10684 2446 29824
24138 5531 13142
5531 13142 24138
13142 5531 24138
2118 19264 28712
28712 2118 19264
19264 2118 28712
24494 12351 18246
12351 18246 24494
18246 12351 24494
29577 22921 24978
24978 22921 29577
22921 24978 29577
