13177 2204 12457
2204 12457 13177
12457 2204 13177
27541 15776 19750
19750 15776 27541
15776 19750 27541
24128 5990 13513
5990 13513 24128
13513 5990 24128
17423 2680 16538
2680 16538 17423
16538 2680 17423
19391 5204 26506
26506 5204 19391
5204 19391 26506
21354 7854 14985
7854 14985 21354
14985 7854 21354
7254 5436 17717
5436 7254 17717
17717 5436 7254
7850 22951 27665
22951 7850 27665
27665 7850 22951
20984 2304 21185
21185 2304 20984
2304 20984 21185
23576 647 3452
647 3452 23576
3452 647 23576
4877 19597 20852
20852 4877 19597
19597 4877 20852
21635 1933 19010
1933 19010 21635
19010 1933 21635
27901 1616 22242
22242 1616 27901
1616 22242 27901
15800 18721 20695
18721 15800 20695
20695 15800 18721
7073 2909 17509
2909 7073 17509
17509 2909 7073
1960 21883 22440
22440 1960 21883
21883 1960 22440
9380 10147 14492
14492 9380 10147
10147 9380 14492
20437 3551 13780
13780 3551 20437
3551 13780 20437
23733 2459 21367
21367 2459 23733
2459 21367 23733
28915 17573 19365
17573 19365 28915
19365 17573 28915
23978 5474 12077
12077 5474 23978
5474 12077 23978
1703 6808 24197
24197 1703 6808
6808 1703 24197
23750 309 12300
309 12300 23750
12300 309 23750
16688 13621 20952
13621 16688 20952
20952 13621 16688
19488 11745 27930
27930 11745 19488
11745 19488 27930
3464 19367 20600
20600 3464 19367
19367 3464 20600
22546 4634 14527
4634 14527 22546
14527 4634 22546
24251 15391 21334
21334 15391 24251
15391 21334 24251
5734 8790 18542
18542 5734 8790
8790 5734 18542
818 985 3787
3787 818 985
985 818 3787
16641 15744 18200
15744 16641 18200
18200 15744 16641
24750 7596 8162
7596 8162 24750
8162 7596 24750
18601 5236 17570
5236 17570 18601
17570 5236 18601
12273 14590 24688
14590 12273 24688
24688 12273 14590
19438 417 28836
28836 417 19438
417 19438 28836
4113 101 27892
27892 101 4113
101 4113 27892
2806 8315 12068
8315 2806 12068
12068 2806 8315
11463 2305 19874
19874 2305 11463
2305 11463 19874
17276 10013 27947
27947 10013 17276
10013 17276 27947
9417 7006 25362
7006 9417 25362
25362 7006 9417
9901 6725 13483
13483 6725 9901
6725 9901 13483
18914 9469 23677
23677 9469 18914
9469 18914 23677
2737 8721 19861
19861 2737 8721
8721 2737 19861
14943 22200 28420
22200 14943 28420
28420 14943 22200
29892 4709 8950
8950 4709 29892
4709 8950 29892
477 10523 17493
10523 477 17493
17493 477 10523
9270 7459 29926
7459 9270 29926
29926 7459 9270
21155 12606 25859
12606 21155 25859
25859 12606 21155
18755 14970 21052
14970 18755 21052
21052 14970 18755
12533 4795 10002
4795 10002 12533
10002 4795 12533
1739 13367 15199
13367 1739 15199
15199 1739 13367
26362 436 16425
436 16425 26362
16425 436 26362
532 12623 20407
12623 532 20407
20407 532 12623
18968 15064 15296
15064 15296 18968
15296 15064 18968
17898 18012 24525
18012 17898 24525
24525 17898 18012
7373 20325 26561
26561 7373 20325
20325 7373 26561
6162 14247 28003
28003 6162 14247
14247 6162 28003
8632 2566 29859
29859 2566 8632
2566 8632 29859
22987 4453 18699
4453 18699 22987
18699 4453 22987
27590 9078 21978
21978 9078 27590
9078 21978 27590
20434 11657 15266
15266 11657 20434
11657 15266 20434
16687 22275 25863
22275 16687 25863
25863 16687 22275
3550 11018 28575
11018 3550 28575
28575 3550 11018
27592 16342 16354
16354 16342 27592
16342 16354 27592
9347 25544 27684
27684 9347 25544
25544 9347 27684
21298 761 19828
19828 761 21298
761 19828 21298
15210 10663 11761
10663 11761 15210
11761 10663 15210
16825 713 24362
713 16825 24362
24362 713 16825
10900 22678 26400
26400 10900 22678
22678 10900 26400
29878 778 3007
778 3007 29878
3007 778 29878
24499 26718 27036
27036 24499 26718
26718 24499 27036
1399 28163 28522
28522 1399 28163
28163 1399 28522
19544 18929 28069
28069 18929 19544
18929 19544 28069
11466 1517 22196
1517 11466 22196
22196 1517 11466
26500 9089 22573
9089 22573 26500
22573 9089 26500
24632 12953 27299
27299 12953 24632
12953 24632 27299
7604 18234 22270
22270 7604 18234
18234 7604 22270
12729 7190 27111
27111 7190 12729
7190 12729 27111
24765 20812 29312
29312 20812 24765
20812 24765 29312
1648 12362 25682
25682 1648 12362
12362 1648 25682
998 3488 20313
20313 998 3488
3488 998 20313
16675 16813 24634
16813 16675 24634
24634 16675 16813
805 4976 5057
5057 805 4976
4976 805 5057
13054 23119 24388
24388 13054 23119
23119 13054 24388
22465 10392 24171
10392 22465 24171
24171 10392 22465
22693 7174 24461
24461 7174 22693
7174 22693 24461
2524 4611 9651
4611 2524 9651
9651 2524 4611
4598 20802 27707
27707 4598 20802
20802 4598 27707
16244 1165 28477
1165 16244 28477
28477 1165 16244
9294 5800 26623
26623 5800 9294
5800 9294 26623
19356 7402 20059
7402 19356 20059
20059 7402 19356
7629 22923 25719
25719 7629 22923
22923 7629 25719
17746 19987 25754
19987 17746 25754
25754 17746 19987
12443 2586 11780
2586 11780 12443
11780 2586 12443
2504 540 19914
19914 540 2504
540 2504 19914
23021 1598 10244
10244 1598 23021
1598 10244 23021
29253 311 14437
14437 311 29253
311 14437 29253
25213 1351 21741
1351 21741 25213
21741 1351 25213
19349 24660 27384
27384 19349 24660
24660 19349 27384
1154 8258 10907
8258 1154 10907
10907 1154 8258
28515 11728 25250
25250 11728 28515
11728 25250 28515
17184 13938 23530
13938 17184 23530
23530 13938 17184
5446 6294 24957
24957 5446 6294
6294 5446 24957
24580 8517 24138
24138 8517 24580
8517 24138 24580
12427 7126 21499
21499 7126 12427
7126 12427 21499
29940 10366 10788
10366 10788 29940
10788 10366 29940
5919 4869 9617
9617 4869 5919
4869 5919 9617
11585 12176 13968
13968 11585 12176
12176 11585 13968
26059 4135 9023
9023 4135 26059
4135 9023 26059
8545 12902 16511
12902 8545 16511
16511 8545 12902
16289 19328 24745
19328 16289 24745
24745 16289 19328
22368 2984 18006
2984 18006 22368
18006 2984 22368
14257 1258 4285
4285 1258 14257
1258 4285 14257
923 4780 24829
24829 923 4780
4780 923 24829
23802 14020 15442
15442 14020 23802
14020 15442 23802
21503 13252 21673
13252 21503 21673
21673 13252 21503
19026 9872 22585
22585 9872 19026
9872 19026 22585
25020 4354 4590
4354 4590 25020
4590 4354 25020
4695 9863 14796
9863 4695 14796
14796 4695 9863
18531 21641 21856
21856 18531 21641
21641 18531 21856
21915 3514 8700
8700 3514 21915
3514 8700 21915
24399 4589 17802
4589 17802 24399
17802 4589 24399
4187 8468 9013
9013 4187 8468
8468 4187 9013
29489 3945 25836
3945 25836 29489
25836 3945 29489
13612 5681 16483
16483 5681 13612
5681 13612 16483
15311 5045 18987
5045 15311 18987
18987 5045 15311
20569 5904 27070
27070 5904 20569
5904 20569 27070
21776 6342 24581
24581 6342 21776
6342 21776 24581
17671 19603 24435
19603 17671 24435
24435 17671 19603
202 13691 26052
26052 202 13691
13691 202 26052
24447 6667 23051
6667 23051 24447
23051 6667 24447
14637 4841 19854
19854 4841 14637
4841 14637 19854
14776 19043 27829
27829 14776 19043
19043 14776 27829
23211 7396 18942
18942 7396 23211
7396 18942 23211
5533 7691 11706
7691 5533 11706
11706 5533 7691
29806 12038 19605
19605 12038 29806
12038 19605 29806
13804 11205 19611
11205 13804 19611
19611 11205 13804
20826 5810 19527
5810 19527 20826
19527 5810 20826
22691 271 15263
271 15263 22691
15263 271 22691
13049 13162 15951
15951 13049 13162
13162 13049 15951
414 18957 21968
21968 414 18957
18957 414 21968
23777 18945 20786
20786 18945 23777
18945 20786 23777
27382 506 27058
506 27058 27382
27058 506 27382
4828 8072 9361
8072 4828 9361
9361 4828 8072
19954 12095 24299
24299 12095 19954
12095 19954 24299
1449 7671 26065
7671 1449 26065
26065 1449 7671
19247 13300 13817
13300 13817 19247
13817 13300 19247
22013 8743 19442
19442 8743 22013
8743 19442 22013
6490 7444 20294
20294 6490 7444
7444 6490 20294
11784 17887 18502
17887 11784 18502
18502 11784 17887
1809 3058 20432
3058 1809 20432
20432 1809 3058
1051 2813 29883
2813 1051 29883
29883 1051 2813
9401 1774 10975
1774 9401 10975
10975 1774 9401
17252 17350 27518
17350 17252 27518
27518 17252 17350
9962 16571 25154
16571 9962 25154
25154 9962 16571
24456 11851 18371
11851 18371 24456
18371 11851 24456
490 8374 14510
14510 490 8374
8374 490 14510
25355 14208 22522
22522 14208 25355
14208 22522 25355
24196 18398 26749
26749 18398 24196
18398 24196 26749
12842 618 24289
618 12842 24289
24289 618 12842
21525 4353 27435
27435 4353 21525
4353 21525 27435
106 2925 19426
19426 106 2925
2925 106 19426
23539 5047 21370
5047 21370 23539
21370 5047 23539
14868 17332 22088
17332 14868 22088
22088 14868 17332
11799 2614 5088
2614 5088 11799
5088 2614 11799
27436 16069 27801
27801 16069 27436
16069 27436 27801
15054 10199 21189
10199 15054 21189
21189 10199 15054
1245 26236 28929
26236 1245 28929
28929 1245 26236
19399 24093 24633
24093 19399 24633
24633 19399 24093
15756 7522 17911
7522 15756 17911
17911 7522 15756
23397 5853 12342
5853 12342 23397
12342 5853 23397
29509 17604 22814
22814 17604 29509
17604 22814 29509
1452 22236 25483
22236 1452 25483
25483 1452 22236
17810 7027 29767
7027 17810 29767
29767 7027 17810
16316 2144 12582
12582 2144 16316
2144 12582 16316
27595 18053 25368
18053 25368 27595
25368 18053 27595
23298 10274 19955
10274 19955 23298
19955 10274 23298
20606 4985 16709
16709 4985 20606
4985 16709 20606
8442 2119 24143
2119 8442 24143
24143 2119 8442
12850 11655 23839
23839 11655 12850
11655 12850 23839
62 1110 27119
27119 62 1110
1110 62 27119
15017 54 24224
54 15017 24224
24224 54 15017
10183 13854 22199
22199 10183 13854
13854 10183 22199
12357 13373 28919
28919 12357 13373
13373 12357 28919
21663 11371 23586
11371 21663 23586
23586 11371 21663
11379 14704 26024
14704 11379 26024
26024 11379 14704
163 25974 26033
25974 163 26033
26033 163 25974
14514 27616 29479
29479 14514 27616
27616 14514 29479
21677 18099 21514
21514 18099 21677
18099 21514 21677
9419 6637 23921
23921 6637 9419
6637 9419 23921
4521 14665 19728
19728 4521 14665
14665 4521 19728
26655 6325 28225
6325 26655 28225
28225 6325 26655
17836 3209 11202
3209 11202 17836
11202 3209 17836
12287 6750 28886
28886 6750 12287
6750 12287 28886
15147 208 17835
17835 208 15147
208 15147 17835
27209 15193 15454
15454 15193 27209
15193 15454 27209
1033 6333 25043
6333 1033 25043
25043 1033 6333
23398 6427 27506
6427 23398 27506
27506 6427 23398
25786 24347 27546
27546 24347 25786
24347 25786 27546
27672 4547 10997
4547 10997 27672
10997 4547 27672
16081 6766 16201
6766 16081 16201
16201 6766 16081
20597 14884 19009
14884 19009 20597
19009 14884 20597
9136 2849 9103
9103 2849 9136
2849 9103 9136
214 2699 20341
2699 214 20341
20341 214 2699
21053 1573 23382
1573 21053 23382
23382 1573 21053
11119 7376 13898
13898 7376 11119
7376 11119 13898
24626 14950 20361
20361 14950 24626
14950 20361 24626
5666 2601 27153
2601 5666 27153
27153 2601 5666
29293 14831 21840
14831 21840 29293
21840 14831 29293
21410 18262 20666
18262 20666 21410
20666 18262 21410
10945 2732 16171
2732 10945 16171
16171 2732 10945
18081 2413 8880
2413 8880 18081
8880 2413 18081
10014 17441 18934
18934 10014 17441
17441 10014 18934
9097 13575 29380
13575 9097 29380
29380 9097 13575
20778 12465 13028
12465 13028 20778
13028 12465 20778
29782 14279 20190
20190 14279 29782
14279 20190 29782
15278 11440 22876
11440 15278 22876
22876 11440 15278
12429 3402 23272
23272 3402 12429
3402 12429 23272
23723 14569 19576
19576 14569 23723
14569 19576 23723
11918 11001 18454
11001 11918 18454
18454 11001 11918
11196 9838 15946
9838 11196 15946
15946 9838 11196
4337 6531 20912
20912 4337 6531
6531 4337 20912
18471 2968 24695
24695 2968 18471
2968 18471 24695
12075 17214 28481
28481 12075 17214
17214 12075 28481
16202 21099 28017
21099 16202 28017
28017 16202 21099
279 17599 29856
29856 279 17599
17599 279 29856
17688 14744 28343
14744 17688 28343
28343 14744 17688
19534 4911 20775
4911 19534 20775
20775 4911 19534
8241 5986 23100
5986 8241 23100
23100 5986 8241
2499 22096 24669
24669 2499 22096
22096 2499 24669
16684 1478 3701
1478 3701 16684
3701 1478 16684
25044 8643 15966
15966 8643 25044
8643 15966 25044
26762 13376 16416
16416 13376 26762
13376 16416 26762
21513 1378 15680
15680 1378 21513
1378 15680 21513
17748 20972 21983
20972 17748 21983
21983 17748 20972
568 5592 24070
24070 568 5592
5592 568 24070
23624 3368 9672
3368 9672 23624
9672 3368 23624
23631 17779 28889
17779 23631 28889
28889 17779 23631
14906 3719 13705
13705 3719 14906
3719 13705 14906
12043 14644 25285
25285 12043 14644
14644 12043 25285
20568 16144 29643
16144 20568 29643
29643 16144 20568
6273 14958 25899
25899 6273 14958
14958 6273 25899
11678 8794 23032
8794 11678 23032
23032 8794 11678
16785 155 12750
155 12750 16785
12750 155 16785
22181 18523 26816
26816 18523 22181
18523 22181 26816
25442 16230 18289
16230 18289 25442
18289 16230 25442
19935 7745 12757
7745 12757 19935
12757 7745 19935
20024 7393 10079
10079 7393 20024
7393 10079 20024
75 10665 15416
15416 75 10665
10665 75 15416
9326 2077 4114
2077 4114 9326
4114 2077 9326
27013 22182 23565
22182 23565 27013
23565 22182 27013
22510 13491 18859
18859 13491 22510
13491 18859 22510
14422 3982 8580
8580 3982 14422
3982 8580 14422
14154 5195 25566
5195 14154 25566
25566 5195 14154
27298 2873 12661
12661 2873 27298
2873 12661 27298
2397 834 10465
834 2397 10465
10465 834 2397
23184 12513 27315
27315 12513 23184
12513 23184 27315
17312 12206 24019
12206 17312 24019
24019 12206 17312
11169 4527 26071
26071 4527 11169
4527 11169 26071
785 15596 16294
16294 785 15596
15596 785 16294
11264 387 20435
20435 387 11264
387 11264 20435
20238 11747 11807
11747 11807 20238
11807 11747 20238
17742 7873 11609
7873 11609 17742
11609 7873 17742
20830 11923 16410
16410 11923 20830
11923 16410 20830
26939 20187 28704
28704 20187 26939
20187 26939 28704
5782 31 29835
29835 31 5782
31 5782 29835
25325 2026 21524
2026 21524 25325
21524 2026 25325
28911 2521 16177
2521 16177 28911
16177 2521 28911
21697 22512 29842
22512 21697 29842
29842 21697 22512
19265 13993 24710
13993 19265 24710
24710 13993 19265
19378 8935 11484
11484 8935 19378
8935 11484 19378
28976 17724 18597
17724 18597 28976
18597 17724 28976
7359 10853 13911
13911 7359 10853
10853 7359 13911
27787 1646 18545
18545 1646 27787
1646 18545 27787
3610 25204 26824
26824 3610 25204
25204 3610 26824
269 8560 13010
13010 269 8560
8560 269 13010
18800 13870 27743
27743 13870 18800
13870 18800 27743
5565 13747 29692
29692 5565 13747
13747 5565 29692
15071 7895 29637
29637 7895 15071
7895 15071 29637
23601 10831 21619
21619 10831 23601
10831 21619 23601
29211 14364 28830
28830 14364 29211
14364 28830 29211
25324 5259 18124
18124 5259 25324
5259 18124 25324
21982 8629 11642
8629 11642 21982
11642 8629 21982
19458 6710 26218
26218 6710 19458
6710 19458 26218
5244 13610 23806
23806 5244 13610
13610 5244 23806
9118 22562 24054
24054 9118 22562
22562 9118 24054
15042 6659 23097
6659 15042 23097
23097 6659 15042
16392 13137 21057
13137 16392 21057
21057 13137 16392
18820 14025 20399
14025 18820 20399
20399 14025 18820
19651 19763 21599
21599 19651 19763
19763 19651 21599
5768 3855 29606
29606 3855 5768
3855 5768 29606
29838 4302 29905
29905 4302 29838
4302 29838 29905
23682 123 17806
17806 123 23682
123 17806 23682
26932 19182 24678
19182 24678 26932
24678 19182 26932
20698 17266 27056
17266 20698 27056
27056 17266 20698
24406 9575 15392
9575 15392 24406
15392 9575 24406
25665 10337 10792
10337 10792 25665
10792 10337 25665
27780 5979 20675
20675 5979 27780
5979 20675 27780
26980 3391 28983
3391 26980 28983
28983 3391 26980
5776 8904 20438
8904 5776 20438
20438 5776 8904
29590 16949 25130
16949 25130 29590
25130 16949 29590
2102 4392 13771
13771 2102 4392
4392 2102 13771
3997 18766 22032
22032 3997 18766
18766 3997 22032
19719 3754 17218
3754 17218 19719
17218 3754 19719
2049 19755 20188
19755 2049 20188
20188 2049 19755
4623 5380 29588
5380 4623 29588
29588 4623 5380
27400 15614 27869
27869 15614 27400
15614 27400 27869
23771 6156 18774
18774 6156 23771
6156 18774 23771
24819 7226 12267
7226 12267 24819
12267 7226 24819
25372 10785 26314
26314 10785 25372
10785 25372 26314
22758 13877 22046
22046 13877 22758
13877 22046 22758
15908 3678 26675
26675 3678 15908
3678 15908 26675
23959 7746 26866
7746 23959 26866
26866 7746 23959
23879 14345 22050
14345 22050 23879
22050 14345 23879
1644 3381 11629
3381 1644 11629
11629 1644 3381
9625 12571 22600
12571 9625 22600
22600 9625 12571
23325 10488 15403
10488 15403 23325
15403 10488 23325
2785 6409 24174
24174 2785 6409
6409 2785 24174
26438 4692 10678
4692 10678 26438
10678 4692 26438
8380 13402 18557
18557 8380 13402
13402 8380 18557
20282 21687 29316
29316 20282 21687
21687 20282 29316
13506 20615 27205
27205 13506 20615
20615 13506 27205
21518 1394 26223
1394 21518 26223
26223 1394 21518
16403 16980 29647
16980 16403 29647
29647 16403 16980
12990 405 5948
405 5948 12990
5948 405 12990
28053 22195 23234
22195 23234 28053
23234 22195 28053
28121 24894 28245
24894 28121 28245
28245 24894 28121
6082 20449 27601
27601 6082 20449
20449 6082 27601
13254 18568 25301
25301 13254 18568
18568 13254 25301
17379 3375 18071
3375 17379 18071
18071 3375 17379
18357 26171 29624
26171 18357 29624
29624 18357 26171
5907 14506 18096
18096 5907 14506
14506 5907 18096
16582 1211 1844
1211 1844 16582
1844 1211 16582
6232 1658 9260
1658 6232 9260
9260 1658 6232
15984 6838 14767
14767 6838 15984
6838 14767 15984
10822 12084 26496
12084 10822 26496
26496 10822 12084
13459 3219 12293
12293 3219 13459
3219 12293 13459
16367 16596 16991
16991 16367 16596
16596 16367 16991
7892 4415 19002
19002 4415 7892
4415 7892 19002
28887 10979 29662
10979 28887 29662
29662 10979 28887
3702 12047 13492
12047 3702 13492
13492 3702 12047
17925 14220 26840
14220 17925 26840
26840 14220 17925
23403 1977 6033
6033 1977 23403
1977 6033 23403
21822 4899 20094
20094 4899 21822
4899 20094 21822
25462 10819 27158
27158 10819 25462
10819 25462 27158
17338 5727 21512
21512 5727 17338
5727 17338 21512
1343 9259 27907
9259 1343 27907
27907 1343 9259
7979 9804 15658
9804 7979 15658
15658 7979 9804
8910 3838 28254
28254 3838 8910
3838 8910 28254
28812 8717 19409
8717 19409 28812
19409 8717 28812
21523 1148 14425
1148 14425 21523
14425 1148 21523
18910 11367 14413
14413 11367 18910
11367 14413 18910
11178 6730 7261
7261 6730 11178
6730 7261 11178
15612 14403 22901
22901 14403 15612
14403 15612 22901
29832 9668 28570
9668 28570 29832
28570 9668 29832
14653 11261 29197
11261 14653 29197
29197 11261 14653
25914 11094 19774
19774 11094 25914
11094 19774 25914
19142 1029 7223
7223 1029 19142
1029 7223 19142
17574 14471 18352
14471 17574 18352
18352 14471 17574
3813 18736 21846
18736 3813 21846
21846 3813 18736
4729 6359 17822
6359 4729 17822
17822 4729 6359
225 8535 25485
8535 225 25485
25485 225 8535
17505 8520 9109
8520 9109 17505
9109 8520 17505
24974 13321 24849
13321 24849 24974
24849 13321 24974
2838 14275 29547
29547 2838 14275
14275 2838 29547
17133 25612 29910
29910 17133 25612
25612 17133 29910
29904 6108 12472
12472 6108 29904
6108 12472 29904
15393 3469 19388
19388 3469 15393
3469 15393 19388
23330 11790 15706
11790 15706 23330
15706 11790 23330
15175 26756 27628
27628 15175 26756
26756 15175 27628
18892 11320 14393
14393 11320 18892
11320 14393 18892
5220 4703 5200
5200 4703 5220
4703 5200 5220
575 18385 27831
18385 575 27831
27831 575 18385
1779 4996 24216
4996 1779 24216
24216 1779 4996
17093 6572 12843
6572 12843 17093
12843 6572 17093
23155 9391 26730
9391 23155 26730
26730 9391 23155
16520 383 26696
26696 383 16520
383 16520 26696
29752 24873 28669
24873 28669 29752
28669 24873 29752
1950 17936 18727
18727 1950 17936
17936 1950 18727
27415 23595 28752
28752 23595 27415
23595 27415 28752
7292 2394 27610
27610 2394 7292
2394 7292 27610
12701 1656 3696
3696 1656 12701
1656 3696 12701
20853 24519 29079
29079 20853 24519
24519 20853 29079
14806 4166 19726
19726 4166 14806
4166 14806 19726
6195 6994 21939
21939 6195 6994
6994 6195 21939
9451 7938 20617
7938 9451 20617
20617 7938 9451
21708 3875 8375
8375 3875 21708
3875 8375 21708
27919 20686 25787
25787 20686 27919
20686 25787 27919
7945 3295 28344
3295 7945 28344
28344 3295 7945
28776 24189 26104
24189 26104 28776
26104 24189 28776
14594 6005 24099
24099 6005 14594
6005 14594 24099
9718 13447 21235
13447 9718 21235
21235 9718 13447
19197 7879 21344
7879 19197 21344
21344 7879 19197
8035 3144 26092
26092 3144 8035
3144 8035 26092
17381 5390 7399
7399 5390 17381
5390 7399 17381
13256 8381 11025
11025 8381 13256
8381 11025 13256
25713 27992 28518
27992 25713 28518
28518 25713 27992
24156 3448 18276
3448 18276 24156
18276 3448 24156
17929 14959 29918
14959 17929 29918
29918 14959 17929
29170 21264 29210
21264 29170 29210
29210 21264 29170
2041 3489 19624
3489 2041 19624
19624 2041 3489
25735 18035 25207
25207 18035 25735
18035 25207 25735
26653 637 18618
18618 637 26653
637 18618 26653
19086 5682 20905
20905 5682 19086
5682 19086 20905
23010 11402 14858
14858 11402 23010
11402 14858 23010
9768 6079 13856
6079 9768 13856
13856 6079 9768
20288 10134 18125
18125 10134 20288
10134 18125 20288
25555 14543 24883
14543 24883 25555
24883 14543 25555
8805 2395 20938
20938 2395 8805
2395 8805 20938
18185 5232 26277
26277 5232 18185
5232 18185 26277
19618 3705 9628
3705 9628 19618
9628 3705 19618
12554 12976 15670
12976 12554 15670
15670 12554 12976
4171 19928 27138
19928 4171 27138
27138 4171 19928
29653 1016 4679
4679 1016 29653
1016 4679 29653
24615 10107 10138
10138 10107 24615
10107 10138 24615
18638 5424 18595
5424 18595 18638
18595 5424 18638
26970 25677 27204
27204 25677 26970
25677 26970 27204
28953 10828 18244
18244 10828 28953
10828 18244 28953
10674 3109 26359
3109 10674 26359
26359 3109 10674
24963 10796 12173
10796 12173 24963
12173 10796 24963
21926 1731 21735
1731 21735 21926
21735 1731 21926
14866 8100 26415
8100 14866 26415
26415 8100 14866
7833 8403 15834
15834 7833 8403
8403 7833 15834
10123 10187 14802
10187 10123 14802
14802 10123 10187
16915 918 11603
918 11603 16915
11603 918 16915
8850 748 13026
13026 748 8850
748 8850 13026
1458 7612 22269
22269 1458 7612
7612 1458 22269
2447 2831 23893
2831 2447 23893
23893 2447 2831
27453 17110 22492
22492 17110 27453
17110 22492 27453
1081 25323 26209
26209 1081 25323
25323 1081 26209
9143 1080 9873
9873 1080 9143
1080 9143 9873
18240 16862 28025
16862 18240 28025
28025 16862 18240
20083 14801 25985
14801 20083 25985
25985 14801 20083
15888 9159 18127
9159 15888 18127
18127 9159 15888
22745 10289 20874
20874 10289 22745
10289 20874 22745
3194 11837 12024
12024 3194 11837
11837 3194 12024
16022 958 2337
2337 958 16022
958 2337 16022
23302 6105 23971
23971 6105 23302
6105 23302 23971
28346 19670 20892
20892 19670 28346
19670 20892 28346
17932 3549 15062
15062 3549 17932
3549 15062 17932
29078 2619 26302
26302 2619 29078
2619 26302 29078
7630 13298 16034
13298 7630 16034
16034 7630 13298
28947 1296 2262
2262 1296 28947
1296 2262 28947
2259 5511 21311
21311 2259 5511
5511 2259 21311
25630 230 18150
230 18150 25630
18150 230 25630
16250 674 17335
17335 674 16250
674 16250 17335
9947 22810 28959
28959 9947 22810
22810 9947 28959
24129 7667 20088
7667 20088 24129
20088 7667 24129
19616 9145 10690
9145 10690 19616
10690 9145 19616
26553 11797 26857
11797 26553 26857
26857 11797 26553
9992 669 15197
15197 669 9992
669 9992 15197
6774 4267 6714
6714 4267 6774
4267 6714 6774
1005 18877 26058
26058 1005 18877
18877 1005 26058
25885 17994 23857
17994 23857 25885
23857 17994 25885
16355 7015 21813
21813 7015 16355
7015 16355 21813
813 2380 15292
2380 813 15292
15292 813 2380
26019 12420 19078
12420 19078 26019
19078 12420 26019
5879 7855 9649
7855 5879 9649
9649 5879 7855
24460 16602 26544
26544 16602 24460
16602 24460 26544
28745 2554 15944
15944 2554 28745
2554 15944 28745
9900 1981 13442
13442 1981 9900
1981 9900 13442
26825 1900 8600
8600 1900 26825
1900 8600 26825
3700 7329 28939
28939 3700 7329
7329 3700 28939
24968 6728 20084
20084 6728 24968
6728 20084 24968
13521 3170 14621
3170 13521 14621
14621 3170 13521
28256 7845 13361
7845 13361 28256
13361 7845 28256
26161 2715 23683
2715 23683 26161
23683 2715 26161
28512 9062 27441
9062 27441 28512
27441 9062 28512
18498 11470 19423
19423 11470 18498
11470 18498 19423
4669 3820 11083
3820 4669 11083
11083 3820 4669
26083 873 8745
873 8745 26083
8745 873 26083
8188 15615 29174
15615 8188 29174
29174 8188 15615
6736 7252 7417
7252 6736 7417
7417 6736 7252
10816 12416 13435
12416 10816 13435
13435 10816 12416
10941 2017 8402
8402 2017 10941
2017 8402 10941
1875 333 10873
10873 333 1875
333 1875 10873
29345 14787 16648
16648 14787 29345
14787 16648 29345
15303 1361 2281
1361 2281 15303
2281 1361 15303
11968 19478 23862
19478 11968 23862
23862 11968 19478
4980 3933 6217
3933 4980 6217
6217 3933 4980
2025 4902 16633
16633 2025 4902
4902 2025 16633
4936 7088 10480
10480 4936 7088
7088 4936 10480
10805 15260 28010
28010 10805 15260
15260 10805 28010
3466 4593 10525
10525 3466 4593
4593 3466 10525
16727 7897 27509
7897 16727 27509
27509 7897 16727
7081 9945 20203
20203 7081 9945
9945 7081 20203
23176 1999 8382
8382 1999 23176
1999 8382 23176
14900 24383 28750
28750 14900 24383
24383 14900 28750
19125 874 25938
25938 874 19125
874 19125 25938
6041 6220 23347
23347 6041 6220
6220 6041 23347
3576 6590 20378
6590 3576 20378
20378 3576 6590
1720 12254 24742
12254 1720 24742
24742 1720 12254
16823 6804 11120
11120 6804 16823
6804 11120 16823
11768 7282 10575
10575 7282 11768
7282 10575 11768
27250 5992 18728
5992 18728 27250
18728 5992 27250
8130 1482 25879
25879 1482 8130
1482 8130 25879
7125 18561 29772
29772 7125 18561
18561 7125 29772
6986 3641 10046
3641 6986 10046
10046 3641 6986
8614 15299 27925
15299 8614 27925
27925 8614 15299
15399 5073 27076
27076 5073 15399
5073 15399 27076
5079 12538 25448
25448 5079 12538
12538 5079 25448
4772 10415 10574
10574 4772 10415
10415 4772 10574
9957 13569 19186
13569 9957 19186
19186 9957 13569
23186 3377 27089
3377 23186 27089
27089 3377 23186
2584 15078 25014
15078 2584 25014
25014 2584 15078
26475 10386 21002
21002 10386 26475
10386 21002 26475
6001 13791 26210
26210 6001 13791
13791 6001 26210
12399 2022 3413
3413 2022 12399
2022 3413 12399
1631 1577 6600
6600 1577 1631
1577 1631 6600
26354 11641 13861
13861 11641 26354
11641 13861 26354
14739 5818 6130
6130 5818 14739
5818 6130 14739
6384 23626 24194
23626 6384 24194
24194 6384 23626
26958 10460 11870
11870 10460 26958
10460 11870 26958
24342 12104 29973
29973 12104 24342
12104 24342 29973
4008 10011 13967
10011 4008 13967
13967 4008 10011
6185 27856 28730
28730 6185 27856
27856 6185 28730
8170 12514 20906
12514 8170 20906
20906 8170 12514
11358 3421 11114
11114 3421 11358
3421 11114 11358
10240 5227 17448
17448 5227 10240
5227 10240 17448
5280 3730 23793
3730 5280 23793
23793 3730 5280
16955 19915 24059
24059 16955 19915
19915 16955 24059
8556 6925 24908
24908 6925 8556
6925 8556 24908
13580 16308 29834
16308 13580 29834
29834 13580 16308
10192 23755 25821
23755 10192 25821
25821 10192 23755
5726 9436 10227
10227 5726 9436
9436 5726 10227
5370 22133 25065
22133 5370 25065
25065 5370 22133
25099 4538 15560
4538 15560 25099
15560 4538 25099
13883 113 16232
113 13883 16232
16232 113 13883
4122 22203 26872
22203 4122 26872
26872 4122 22203
2757 2977 23654
2977 2757 23654
23654 2757 2977
13924 17117 28046
28046 13924 17117
17117 13924 28046
14152 4756 13810
4756 13810 14152
13810 4756 14152
14444 19822 24420
24420 14444 19822
19822 14444 24420
27640 17967 24008
17967 24008 27640
24008 17967 27640
25470 5678 13966
13966 5678 25470
5678 13966 25470
11426 4667 19134
19134 4667 11426
4667 11426 19134
27389 12898 24030
12898 24030 27389
24030 12898 27389
8291 21510 25034
21510 8291 25034
25034 8291 21510
2744 15695 19903
19903 2744 15695
15695 2744 19903
2896 183 27890
27890 183 2896
183 2896 27890
978 2138 25940
25940 978 2138
2138 978 25940
7313 3190 26530
3190 7313 26530
26530 3190 7313
14468 18275 29831
18275 14468 29831
29831 14468 18275
11021 730 18162
18162 730 11021
730 11021 18162
23946 2768 29785
2768 23946 29785
29785 2768 23946
11878 5552 22526
22526 5552 11878
5552 11878 22526
22024 960 23236
23236 960 22024
960 22024 23236
9126 19656 29098
19656 9126 29098
29098 9126 19656
27772 2338 20093
2338 20093 27772
20093 2338 27772
26676 12871 23791
12871 23791 26676
23791 12871 26676
20799 6472 6885
6472 6885 20799
6885 6472 20799
19968 22062 27958
22062 19968 27958
27958 19968 22062
9574 10797 20202
20202 9574 10797
10797 9574 20202
6929 17028 24170
17028 6929 24170
24170 6929 17028
25097 3769 28832
28832 3769 25097
3769 25097 28832
20243 6201 20915
6201 20243 20915
20915 6201 20243
27447 6358 20731
6358 20731 27447
20731 6358 27447
24097 6783 15118
6783 15118 24097
15118 6783 24097
306 5671 22779
22779 306 5671
5671 306 22779
25180 12855 19871
19871 12855 25180
12855 19871 25180
18459 12504 24361
12504 18459 24361
24361 12504 18459
16966 4817 23245
4817 16966 23245
23245 4817 16966
26648 5314 16363
16363 5314 26648
5314 16363 26648
14807 1832 24934
1832 14807 24934
24934 1832 14807
3917 22892 23726
23726 3917 22892
22892 3917 23726
8161 9684 11658
9684 8161 11658
11658 8161 9684
14338 1618 19140
19140 1618 14338
1618 14338 19140
20542 16098 29758
29758 16098 20542
16098 20542 29758
23011 1852 11306
1852 11306 23011
11306 1852 23011
27325 9630 14135
14135 9630 27325
9630 14135 27325
10000 15882 23556
23556 10000 15882
15882 10000 23556
235 23215 29034
23215 235 29034
29034 235 23215
20069 13230 17907
13230 17907 20069
17907 13230 20069
2602 20272 26919
26919 2602 20272
20272 2602 26919
18184 26423 28789
26423 18184 28789
28789 18184 26423
1193 3630 4500
4500 1193 3630
3630 1193 4500
6579 7621 19171
7621 6579 19171
19171 6579 7621
25033 13614 23277
23277 13614 25033
13614 23277 25033
24671 1945 19105
19105 1945 24671
1945 19105 24671
17969 15229 18997
18997 15229 17969
15229 17969 18997
2735 28090 28429
28090 2735 28429
28429 2735 28090
12671 3061 24931
3061 12671 24931
24931 3061 12671
27412 1894 11762
11762 1894 27412
1894 11762 27412
22632 20798 24350
20798 22632 24350
24350 20798 22632
15136 14963 29409
29409 14963 15136
14963 15136 29409
29371 15936 27127
27127 15936 29371
15936 27127 29371
4344 11409 25340
11409 4344 25340
25340 4344 11409
3051 7443 11140
11140 3051 7443
7443 3051 11140
21041 12119 23867
23867 12119 21041
12119 21041 23867
4238 165 12113
165 4238 12113
12113 165 4238
3626 3928 18521
18521 3626 3928
3928 3626 18521
24808 26029 27711
26029 24808 27711
27711 24808 26029
16341 15370 15939
15370 15939 16341
15939 15370 16341
8761 27416 29030
27416 8761 29030
29030 8761 27416
19957 164 17884
164 17884 19957
17884 164 19957
18805 16173 24270
24270 16173 18805
16173 18805 24270
20309 8334 22502
22502 8334 20309
8334 20309 22502
16593 13346 19644
19644 13346 16593
13346 16593 19644
19199 4666 19463
4666 19199 19463
19463 4666 19199
6847 6889 28473
28473 6847 6889
6889 6847 28473
7411 23342 26143
26143 7411 23342
23342 7411 26143
22431 20148 24058
24058 20148 22431
20148 22431 24058
2814 908 8440
8440 908 2814
908 2814 8440
7925 12833 20630
12833 7925 20630
20630 7925 12833
15050 8784 21364
8784 15050 21364
21364 8784 15050
1476 10715 16758
16758 1476 10715
10715 1476 16758
8187 9879 17875
9879 8187 17875
17875 8187 9879
26717 10643 28220
28220 10643 26717
10643 26717 28220
2938 14971 15529
15529 2938 14971
14971 2938 15529
24571 10621 17014
10621 17014 24571
17014 10621 24571
18016 21686 26536
26536 18016 21686
21686 18016 26536
13978 8933 17894
8933 13978 17894
17894 8933 13978
5063 2604 21516
2604 5063 21516
21516 2604 5063
19077 25779 29147
25779 19077 29147
29147 19077 25779
6653 3891 16519
3891 6653 16519
16519 3891 6653
16331 211 18157
18157 211 16331
211 16331 18157
5610 3747 20013
3747 5610 20013
20013 3747 5610
10962 19 12856
19 10962 12856
12856 19 10962
1475 11818 25465
11818 1475 25465
25465 1475 11818
14505 1398 21128
1398 14505 21128
21128 1398 14505
28318 16003 25282
16003 25282 28318
25282 16003 28318
6878 1010 5329
1010 5329 6878
5329 1010 6878
3725 17830 26304
26304 3725 17830
17830 3725 26304
2973 6257 26399
6257 2973 26399
26399 2973 6257
11103 3984 11766
3984 11103 11766
11766 3984 11103
13577 10660 26736
10660 13577 26736
26736 10660 13577
27875 12473 21000
21000 12473 27875
12473 21000 27875
11447 19069 27240
27240 11447 19069
19069 11447 27240
15244 20983 29136
20983 15244 29136
29136 15244 20983
7734 2363 22635
2363 7734 22635
22635 2363 7734
17833 6192 29069
29069 6192 17833
6192 17833 29069
4058 3573 9798
9798 3573 4058
3573 4058 9798
16863 2865 13375
13375 2865 16863
2865 13375 16863
12251 2637 23440
2637 12251 23440
23440 2637 12251
26710 4498 18175
18175 4498 26710
4498 18175 26710
1878 2910 21127
21127 1878 2910
2910 1878 21127
16452 17988 29731
29731 16452 17988
17988 16452 29731
22907 11304 24259
24259 11304 22907
11304 22907 24259
5977 12376 19295
12376 5977 19295
19295 5977 12376
17818 9298 22861
9298 17818 22861
22861 9298 17818
28348 8093 11408
11408 8093 28348
8093 11408 28348
17785 5377 17017
5377 17017 17785
17017 5377 17785
13433 17395 21747
17395 13433 21747
21747 13433 17395
29086 20328 20752
20328 20752 29086
20752 20328 29086
4785 11751 20413
20413 4785 11751
11751 4785 20413
12248 5717 23931
5717 12248 23931
23931 5717 12248
20440 5972 20735
20735 5972 20440
5972 20440 20735
12078 17333 17908
17333 12078 17908
17908 12078 17333
19545 12854 16053
16053 12854 19545
12854 16053 19545
3012 5584 24949
5584 3012 24949
24949 3012 5584
9357 17948 25648
17948 9357 25648
25648 9357 17948
19040 15185 28894
15185 19040 28894
28894 15185 19040
5668 4452 13066
13066 4452 5668
4452 5668 13066
15785 10342 15321
15321 10342 15785
10342 15321 15785
19798 16725 21901
21901 16725 19798
16725 19798 21901
15052 4153 11460
4153 11460 15052
11460 4153 15052
12004 23774 25621
25621 12004 23774
23774 12004 25621
12308 10293 16128
10293 12308 16128
16128 10293 12308
15985 15179 20421
15179 15985 20421
20421 15179 15985
17661 16406 19684
16406 17661 19684
19684 16406 17661
29882 9874 28841
28841 9874 29882
9874 28841 29882
20226 9366 13362
13362 9366 20226
9366 13362 20226
3600 15486 25086
15486 3600 25086
25086 3600 15486
6608 24793 26643
26643 6608 24793
24793 6608 26643
27827 21122 25973
21122 25973 27827
25973 21122 27827
19333 28055 29962
28055 19333 29962
29962 19333 28055
23488 145 21025
145 21025 23488
21025 145 23488
13024 2743 28085
28085 2743 13024
2743 13024 28085
17517 15881 26057
26057 15881 17517
15881 17517 26057
28116 6516 12129
6516 12129 28116
12129 6516 28116
20009 16736 22657
22657 16736 20009
16736 20009 22657
6527 1282 8450
8450 1282 6527
1282 6527 8450
19057 9344 17150
17150 9344 19057
9344 17150 19057
24404 6203 11201
11201 6203 24404
6203 11201 24404
3060 4183 9517
4183 3060 9517
9517 3060 4183
28985 990 26923
26923 990 28985
990 26923 28985
27426 4465 20065
4465 20065 27426
20065 4465 27426
15542 19862 29706
29706 15542 19862
19862 15542 29706
18043 12817 14607
12817 14607 18043
14607 12817 18043
7239 16927 21511
16927 7239 21511
21511 7239 16927
29075 17236 25101
17236 25101 29075
25101 17236 29075
25762 5025 18549
18549 5025 25762
5025 18549 25762
23864 16168 22834
22834 16168 23864
16168 22834 23864
29132 2721 7899
7899 2721 29132
2721 7899 29132
1987 13255 26222
13255 1987 26222
26222 1987 13255
9665 10485 12876
12876 9665 10485
10485 9665 12876
3390 4208 24482
4208 3390 24482
24482 3390 4208
2152 16008 21596
16008 2152 21596
21596 2152 16008
9129 10312 21126
10312 9129 21126
21126 9129 10312
3531 4778 23304
4778 3531 23304
23304 3531 4778
7 22301 22748
22748 7 22301
22301 7 22748
12653 11 10450
10450 11 12653
11 10450 12653
12398 3963 26595
3963 12398 26595
26595 3963 12398
20676 13128 19183
13128 19183 20676
19183 13128 20676
8182 18611 26709
26709 8182 18611
18611 8182 26709
11566 20470 26651
20470 11566 26651
26651 11566 20470
15752 7437 27380
7437 15752 27380
27380 7437 15752
15405 14394 29687
14394 15405 29687
29687 14394 15405
2103 2268 29411
2268 2103 29411
29411 2103 2268
18464 19696 26317
19696 18464 26317
26317 18464 19696
25857 11346 21242
11346 21242 25857
21242 11346 25857
22363 2956 6158
2956 6158 22363
6158 2956 22363
624 3860 11615
11615 624 3860
3860 624 11615
15679 6594 12847
6594 12847 15679
12847 6594 15679
16465 16018 25947
16018 16465 25947
25947 16018 16465
20232 4683 16999
16999 4683 20232
4683 16999 20232
24077 9833 26652
26652 9833 24077
9833 24077 26652
14344 14269 21669
21669 14269 14344
14269 14344 21669
3376 25537 29984
29984 3376 25537
25537 3376 29984
330 9443 21896
21896 330 9443
9443 330 21896
21933 7142 9618
9618 7142 21933
7142 9618 21933
10889 11390 24587
24587 10889 11390
11390 10889 24587
5458 1190 6248
6248 1190 5458
1190 5458 6248
3173 11285 11734
11285 3173 11734
11734 3173 11285
6920 11685 18397
18397 6920 11685
11685 6920 18397
16536 18775 26617
18775 16536 26617
26617 16536 18775
17999 9613 16869
16869 9613 17999
9613 16869 17999
2665 7186 29292
7186 2665 29292
29292 2665 7186
21009 3516 18314
3516 18314 21009
18314 3516 21009
29382 8406 16116
16116 8406 29382
8406 16116 29382
19971 19173 24821
24821 19173 19971
19173 19971 24821
20844 13129 14946
13129 14946 20844
14946 13129 20844
17722 947 12853
12853 947 17722
947 12853 17722
9064 6545 18984
18984 6545 9064
6545 9064 18984
20345 6348 19552
19552 6348 20345
6348 19552 20345
4482 1836 17596
17596 1836 4482
1836 4482 17596
14012 4588 27105
27105 4588 14012
4588 14012 27105
10692 19157 25449
19157 10692 25449
25449 10692 19157
29765 6930 7555
6930 7555 29765
7555 6930 29765
5114 24907 26283
24907 5114 26283
26283 5114 24907
20051 1060 10668
10668 1060 20051
1060 10668 20051
13644 6002 24507
6002 13644 24507
24507 6002 13644
35 9748 27332
27332 35 9748
9748 35 27332
1122 1495 27399
1495 1122 27399
27399 1122 1495
13275 3493 17854
3493 13275 17854
17854 3493 13275
28808 17903 20592
17903 20592 28808
20592 17903 28808
5911 20102 27961
27961 5911 20102
20102 5911 27961
10626 8117 11286
8117 10626 11286
11286 8117 10626
18463 22773 28807
28807 18463 22773
22773 18463 28807
23886 21772 26566
26566 21772 23886
21772 23886 26566
24442 2832 25230
2832 24442 25230
25230 2832 24442
13617 6802 27585
6802 13617 27585
27585 6802 13617
23020 10983 12358
12358 10983 23020
10983 12358 23020
19995 6530 15978
15978 6530 19995
6530 15978 19995
28080 21799 25874
21799 25874 28080
25874 21799 28080
1391 18983 25652
18983 1391 25652
25652 1391 18983
14530 1679 20175
20175 1679 14530
1679 14530 20175
21078 4423 21869
21869 4423 21078
4423 21078 21869
14488 11477 12647
11477 12647 14488
12647 11477 14488
7713 25015 28734
28734 7713 25015
25015 7713 28734
1276 12020 24422
12020 1276 24422
24422 1276 12020
14747 2795 5386
5386 2795 14747
2795 5386 14747
25269 3091 17398
17398 3091 25269
3091 17398 25269
10019 470 14544
470 10019 14544
14544 470 10019
13366 5150 21930
5150 13366 21930
21930 5150 13366
1918 9352 20392
20392 1918 9352
9352 1918 20392
6935 9782 23130
23130 6935 9782
9782 6935 23130
27487 215 21815
21815 215 27487
215 21815 27487
24682 15093 20968
15093 20968 24682
20968 15093 24682
1821 27410 29576
27410 1821 29576
29576 1821 27410
29143 8028 21422
8028 21422 29143
21422 8028 29143
5953 16759 28253
16759 5953 28253
28253 5953 16759
27668 5293 8260
8260 5293 27668
5293 8260 27668
1109 6578 17107
17107 1109 6578
6578 1109 17107
3342 23427 24882
24882 3342 23427
23427 3342 24882
14592 25397 26196
26196 14592 25397
25397 14592 26196
10677 15462 17239
15462 10677 17239
17239 10677 15462
23652 1058 11526
11526 1058 23652
1058 11526 23652
22307 25339 25935
25935 22307 25339
25339 22307 25935
15576 3461 21552
3461 15576 21552
21552 3461 15576
27763 22680 23370
23370 22680 27763
22680 23370 27763
649 3674 18000
3674 649 18000
18000 649 3674
2888 314 29238
314 2888 29238
29238 314 2888
20706 3344 26078
26078 3344 20706
3344 20706 26078
8388 7236 16910
16910 7236 8388
7236 8388 16910
6165 5935 22494
22494 5935 6165
5935 6165 22494
20367 13013 25211
25211 13013 20367
13013 20367 25211
17377 16542 21276
16542 17377 21276
21276 16542 17377
25177 11100 11352
11100 11352 25177
11352 11100 25177
25702 1471 12768
1471 12768 25702
12768 1471 25702
2613 2052 4222
4222 2052 2613
2052 2613 4222
8264 13414 26289
13414 8264 26289
26289 8264 13414
29605 17353 28640
28640 17353 29605
17353 28640 29605
9958 11945 16646
16646 9958 11945
11945 9958 16646
13916 20822 21786
21786 13916 20822
20822 13916 21786
21522 14117 20964
20964 14117 21522
14117 20964 21522
29188 5485 6596
