360 1029 1495
1495 360 1029
1029 360 1495
2679 1241 2894
1241 2679 2894
2894 1241 2679
2886 1912 2804
2804 1912 2886
1912 2804 2886
2937 1319 1502
1502 1319 2937
1319 1502 2937
2540 406 2312
2312 406 2540
406 2312 2540
2701 1012 1026
1026 1012 2701
1012 1026 2701
2055 335 2138
335 2055 2138
2138 335 2055
2589 1436 2108
2108 1436 2589
1436 2108 2589
1630 1971 2480
1971 1630 2480
2480 1630 1971
852 1401 2922
2922 852 1401
1401 852 2922
521 171 682
682 171 521
171 521 682
1079 939 1638
939 1079 1638
1638 939 1079
1833 318 1287
1287 318 1833
318 1287 1833
314 977 2050
977 314 2050
2050 314 977
2820 147 1932
147 1932 2820
1932 147 2820
2988 928 2143
2143 928 2988
928 2143 2988
2239 353 1551
1551 353 2239
353 1551 2239
172 969 1406
969 172 1406
1406 172 969
776 812 1352
1352 776 812
812 776 1352
2445 109 2846
2846 109 2445
109 2445 2846
1534 976 2265
2265 976 1534
976 1534 2265
1334 1321 1934
1934 1321 1334
1321 1334 1934
509 783 2439
783 509 2439
2439 509 783
204 2868 2978
2978 204 2868
2868 204 2978
1521 1779 1869
1779 1521 1869
1869 1521 1779
2998 310 2615
310 2615 2998
2615 310 2998
70 1871 2541
2541 70 1871
1871 70 2541
1387 1977 2329
2329 1387 1977
1977 1387 2329
116 456 2355
2355 116 456
456 116 2355
2283 1305 2099
1305 2099 2283
2099 1305 2283
1998 118 2317
118 1998 2317
2317 118 1998
2315 1229 1559
1559 1229 2315
1229 1559 2315
1329 459 2147
459 1329 2147
2147 459 1329
953 1911 2338
2338 953 1911
1911 953 2338
259 45 2002
2002 45 259
45 259 2002
980 339 615
339 615 980
615 339 980
2817 599 1414
1414 599 2817
599 1414 2817
2134 1173 2190
2190 1173 2134
1173 2134 2190
2261 641 1168
641 1168 2261
1168 641 2261
156 2008 2194
2194 156 2008
2008 156 2194
2816 780 2738
2738 780 2816
780 2738 2816
2610 640 2599
2599 640 2610
640 2599 2610
2924 551 2508
2508 551 2924
551 2508 2924
1459 1891 2661
2661 1459 1891
1891 1459 2661
407 1135 2153
2153 407 1135
1135 407 2153
2744 673 1872
1872 673 2744
673 1872 2744
174 1670 2689
1670 174 2689
2689 174 1670
2007 1582 2773
1582 2007 2773
2773 1582 2007
2327 93 1342
1342 93 2327
93 1342 2327
367 1057 1324
1057 367 1324
1324 367 1057
2170 1149 1248
1248 1149 2170
1149 1248 2170
2859 650 2001
2001 650 2859
650 2001 2859
793 1372 2652
2652 793 1372
1372 793 2652
1522 925 1646
1646 925 1522
925 1522 1646
1490 631 2032
631 1490 2032
2032 631 1490
386 1045 1167
1045 386 1167
1167 386 1045
1799 474 2441
474 1799 2441
2441 474 1799
2436 143 1348
1348 143 2436
143 1348 2436
760 1420 1819
1420 760 1819
1819 760 1420
2319 1801 1972
1972 1801 2319
1801 1972 2319
275 2792 2916
2792 275 2916
2916 275 2792
2805 1716 1853
1716 1853 2805
1853 1716 2805
1297 497 2035
497 1297 2035
2035 497 1297
1028 1020 2568
1020 1028 2568
2568 1020 1028
2684 1225 1656
1656 1225 2684
1225 1656 2684
890 711 806
806 711 890
711 806 890
966 548 2242
548 966 2242
2242 548 966
1561 1323 2098
2098 1323 1561
1323 1561 2098
103 197 649
197 103 649
649 103 197
1885 1071 2417
1071 1885 2417
2417 1071 1885
1243 1587 2107
2107 1243 1587
1587 1243 2107
1491 1464 1745
1464 1491 1745
1745 1464 1491
620 692 2131
2131 620 692
692 620 2131
374 1993 2756
1993 374 2756
2756 374 1993
385 1140 2104
1140 385 2104
2104 385 1140
2642 735 2438
2438 735 2642
735 2438 2642
2860 808 1735
1735 808 2860
808 1735 2860
1604 218 2815
218 1604 2815
2815 218 1604
2614 1357 2121
2121 1357 2614
1357 2121 2614
2393 376 2711
2711 376 2393
376 2393 2711
63 1800 2212
1800 63 2212
2212 63 1800
2873 486 2733
486 2733 2873
2733 486 2873
12 579 2287
2287 12 579
579 12 2287
1825 1566 2519
1566 1825 2519
2519 1566 1825
1162 1525 2167
2167 1162 1525
1525 1162 2167
961 703 1025
703 961 1025
1025 703 961
1749 272 1221
1221 272 1749
272 1221 1749
1362 876 2302
2302 876 1362
876 1362 2302
2362 2464 2714
2714 2362 2464
2464 2362 2714
1625 210 400
400 210 1625
210 400 1625
1611 2487 2972
2487 1611 2972
2972 1611 2487
211 1863 1999
1863 211 1999
1999 211 1863
1367 24 167
167 24 1367
24 167 1367
587 334 2291
2291 334 587
334 587 2291
2453 1959 2373
2373 1959 2453
1959 2373 2453
1179 2263 2563
2263 1179 2563
2563 1179 2263
1880 196 1588
1588 196 1880
196 1588 1880
1002 2337 2481
2481 1002 2337
2337 1002 2481
992 1373 2994
1373 992 2994
2994 992 1373
544 2146 2296
2146 544 2296
2296 544 2146
1077 819 1677
1677 819 1077
819 1077 1677
2577 435 1259
435 1259 2577
1259 435 2577
1540 1834 2469
1834 1540 2469
2469 1540 1834
1767 165 2809
2809 165 1767
165 1767 2809
757 545 2959
545 757 2959
2959 545 757
1741 1092 1385
1385 1092 1741
1092 1385 1741
1807 655 993
655 993 1807
993 655 1807
181 537 2694
2694 181 537
537 181 2694
1130 91 278
278 91 1130
91 278 1130
1974 1736 2069
1736 1974 2069
2069 1736 1974
1405 1859 1918
1859 1405 1918
1918 1405 1859
1195 176 2561
176 1195 2561
2561 176 1195
2309 565 2292
2292 565 2309
565 2292 2309
379 877 2472
877 379 2472
2472 379 877
1591 1613 2096
1613 1591 2096
2096 1591 1613
1786 191 691
691 191 1786
191 691 1786
1954 84 1058
1058 84 1954
84 1058 1954
1605 52 1082
1082 52 1605
52 1082 1605
811 235 1014
1014 235 811
235 811 1014
2494 693 2737
2737 693 2494
693 2494 2737
985 1200 1889
1200 985 1889
1889 985 1200
981 1428 2699
2699 981 1428
1428 981 2699
1255 484 1466
484 1255 1466
1466 484 1255
449 107 2021
107 449 2021
2021 107 449
1214 1152 1543
1152 1214 1543
1543 1152 1214
2371 2363 2983
2363 2371 2983
2983 2363 2371
1814 35 2419
35 1814 2419
2419 35 1814
338 331 1209
1209 331 338
331 338 1209
1015 222 887
887 222 1015
222 887 1015
731 101 1514
1514 101 731
101 731 1514
2884 668 2052
2052 668 2884
668 2052 2884
442 61 2243
61 442 2243
2243 61 442
462 1810 2444
2444 462 1810
1810 462 2444
2930 1100 1390
1390 1100 2930
1100 1390 2930
2339 1356 2260
1356 2260 2339
2260 1356 2339
1237 5 1056
1056 5 1237
5 1056 1237
2403 1594 2989
2989 1594 2403
1594 2403 2989
2634 312 2129
2129 312 2634
312 2129 2634
1480 1096 2467
1096 1480 2467
2467 1096 1480
2325 1256 2741
1256 2325 2741
2741 1256 2325
163 1684 2172
2172 163 1684
1684 163 2172
1897 97 2921
97 1897 2921
2921 97 1897
2477 396 2626
396 2477 2626
2626 396 2477
2685 1165 1723
1165 1723 2685
1723 1165 2685
2971 560 2230
560 2230 2971
2230 560 2971
2632 1132 2857
2857 1132 2632
1132 2632 2857
1631 1483 2169
2169 1483 1631
1483 1631 2169
2787 1763 1955
1955 1763 2787
1763 1955 2787
232 279 542
279 232 542
542 232 279
140 1052 2070
2070 140 1052
1052 140 2070
2829 947 1542
947 1542 2829
1542 947 2829
149 505 1022
505 149 1022
1022 149 505
523 944 1121
1121 523 944
944 523 1121
2658 1750 2195
2195 1750 2658
1750 2195 2658
2919 1826 2945
2945 1826 2919
1826 2919 2945
971 1733 2198
1733 971 2198
2198 971 1733
2288 2629 2660
2629 2288 2660
2660 2288 2629
1154 653 1072
1072 653 1154
653 1072 1154
1313 2681 2999
2999 1313 2681
2681 1313 2999
2558 1570 2208
2208 1570 2558
1570 2208 2558
1567 665 2534
665 1567 2534
2534 665 1567
2061 2162 2801
2162 2061 2801
2801 2061 2162
2973 402 1306
1306 402 2973
402 1306 2973
303 1097 1129
1097 303 1129
1129 303 1097
1444 1081 2200
2200 1081 1444
1081 1444 2200
569 263 2496
263 569 2496
2496 263 569
2473 676 1194
1194 676 2473
676 1194 2473
1151 322 2956
322 1151 2956
2956 322 1151
477 901 1064
901 477 1064
1064 477 901
1030 2262 2460
2460 1030 2262
2262 1030 2460
1517 746 2102
746 1517 2102
2102 746 1517
2690 2270 2724
2270 2690 2724
2724 2270 2690
2351 323 1067
323 1067 2351
1067 323 2351
1106 836 2364
836 1106 2364
2364 836 1106
959 13 36
36 13 959
13 36 959
1983 1729 2080
2080 1729 1983
1729 1983 2080
2468 1832 2409
1832 2409 2468
2409 1832 2468
2617 2111 2892
2111 2617 2892
2892 2111 2617
680 1609 2987
2987 680 1609
1609 680 2987
2885 1798 2821
1798 2821 2885
2821 1798 2885
2470 1415 1949
1415 1949 2470
1949 1415 2470
1623 332 2182
2182 332 1623
332 1623 2182
2518 183 2142
2142 183 2518
183 2142 2518
2766 1360 2389
1360 2389 2766
2389 1360 2766
1526 1606 2156
2156 1526 1606
1606 1526 2156
617 677 1824
1824 617 677
677 617 1824
506 49 1727
49 506 1727
1727 49 506
375 1456 2398
1456 375 2398
2398 375 1456
1440 1976 2413
2413 1440 1976
1976 1440 2413
1164 1226 2408
2408 1164 1226
1226 1164 2408
205 2191 2584
2191 205 2584
2584 205 2191
2014 137 1299
137 1299 2014
1299 137 2014
2865 1177 2861
1177 2861 2865
2861 1177 2865
621 237 586
237 586 621
586 237 621
2762 2588 2867
2588 2762 2867
2867 2588 2762
2606 1554 1703
1703 1554 2606
1554 1703 2606
593 429 2157
2157 429 593
429 593 2157
818 938 1721
938 818 1721
1721 818 938
1657 319 2248
319 1657 2248
2248 319 1657
769 217 2216
217 769 2216
2216 217 769
2695 1738 2491
2491 1738 2695
1738 2491 2695
1208 797 1300
1300 797 1208
797 1208 1300
1848 2145 2406
2406 1848 2145
2145 1848 2406
984 1298 2707
1298 984 2707
2707 984 1298
1970 583 628
628 583 1970
583 628 1970
2058 1040 1669
1669 1040 2058
1040 1669 2058
2669 543 1260
1260 543 2669
543 1260 2669
590 726 1066
1066 590 726
726 590 1066
250 1857 2592
2592 250 1857
1857 250 2592
681 199 2504
2504 199 681
199 681 2504
1212 2395 2810
2810 1212 2395
2395 1212 2810
511 17 170
17 170 511
170 17 511
702 1189 1202
1189 702 1202
1202 702 1189
1905 1158 2233
2233 1158 1905
1158 1905 2233
159 2280 2657
2280 159 2657
2657 159 2280
844 1589 1627
1627 844 1589
1589 844 1627
2914 1 1361
1 1361 2914
1361 1 2914
100 588 1641
588 100 1641
1641 100 588
1936 201 2688
2688 201 1936
201 1936 2688
102 20 2026
2026 20 102
20 102 2026
2789 814 2906
814 2789 2906
2906 814 2789
2279 738 872
872 738 2279
738 872 2279
2675 2030 2155
2030 2155 2675
2155 2030 2675
365 744 2521
744 365 2521
2521 365 744
837 2303 2646
2646 837 2303
2303 837 2646
791 134 2095
134 791 2095
2095 134 791
931 94 2732
94 931 2732
2732 94 931
2902 1692 1754
1754 1692 2902
1692 1754 2902
1768 900 2125
2125 900 1768
900 1768 2125
1384 490 2387
490 1384 2387
2387 490 1384
2350 1532 2786
2786 1532 2350
1532 2350 2786
2066 1639 2579
1639 2066 2579
2579 1639 2066
1821 428 439
439 428 1821
428 439 1821
2953 245 2430
245 2430 2953
2430 245 2953
229 684 1103
684 229 1103
1103 229 684
3 2038 2855
2038 3 2855
2855 3 2038
452 1131 2698
2698 452 1131
1131 452 2698
625 2204 2378
2204 625 2378
2378 625 2204
105 1186 2041
1186 105 2041
2041 105 1186
1183 1634 1991
1991 1183 1634
1634 1183 1991
689 1987 2602
2602 689 1987
1987 689 2602
284 344 733
733 284 344
344 284 733
989 1854 2209
2209 989 1854
1854 989 2209
1443 765 1344
765 1344 1443
1344 765 1443
1141 1217 1368
1217 1141 1368
1368 1141 1217
1265 661 2446
661 1265 2446
2446 661 1265
1455 41 2554
41 1455 2554
2554 41 1455
2908 306 2644
306 2644 2908
2644 306 2908
2598 987 1166
987 1166 2598
1166 987 2598
1353 1312 1836
1312 1353 1836
1836 1312 1353
1219 2020 2835
2020 1219 2835
2835 1219 2020
2709 242 803
242 803 2709
803 242 2709
2199 2088 2866
2866 2088 2199
2088 2199 2866
1035 243 254
254 243 1035
243 254 1035
2962 1777 2667
1777 2667 2962
2667 1777 2962
496 1273 2925
1273 496 2925
2925 496 1273
2993 437 804
437 804 2993
804 437 2993
833 995 1125
1125 833 995
995 833 1125
271 879 2708
879 271 2708
2708 271 879
2645 1468 1940
1468 1940 2645
1940 1468 2645
1095 132 270
132 270 1095
270 132 1095
1124 1004 2057
1004 1124 2057
2057 1004 1124
968 457 1659
1659 457 968
457 968 1659
1732 646 957
646 957 1732
957 646 1732
2402 1446 2333
2333 1446 2402
1446 2333 2402
2383 328 2582
328 2383 2582
2582 328 2383
2354 112 886
112 886 2354
886 112 2354
1791 683 816
816 683 1791
683 816 1791
1084 994 2250
994 1084 2250
2250 994 1084
423 1199 2258
1199 423 2258
2258 423 1199
781 391 1966
1966 391 781
391 781 1966
154 906 1481
1481 154 906
906 154 1481
539 1048 2874
2874 539 1048
1048 539 2874
1322 495 2004
495 1322 2004
2004 495 1322
2770 1430 2115
2115 1430 2770
1430 2115 2770
1396 1053 1896
1053 1396 1896
1896 1053 1396
1718 373 1580
1580 373 1718
373 1580 1718
1080 2043 2381
2043 1080 2381
2381 1080 2043
1856 1530 2297
1530 1856 2297
2297 1530 1856
2903 786 1724
1724 786 2903
786 1724 2903
2081 125 1979
125 1979 2081
1979 125 2081
834 1381 1650
1381 834 1650
1650 834 1381
416 841 2910
2910 416 841
841 416 2910
1143 1571 1759
1571 1143 1759
1759 1143 1571
1662 1691 2205
1691 1662 2205
2205 1662 1691
983 2488 2822
2822 983 2488
2488 983 2822
1945 2682 2739
2682 1945 2739
2739 1945 2682
2010 258 1363
258 1363 2010
1363 258 2010
2840 1349 2960
1349 2840 2960
2960 1349 2840
81 2380 2893
2893 81 2380
2380 81 2893
2478 2114 2952
2952 2114 2478
2114 2478 2952
2313 697 2774
697 2313 2774
2774 697 2313
2649 2271 2957
2957 2271 2649
2271 2649 2957
1702 629 1366
1366 629 1702
629 1366 1702
293 699 2087
699 293 2087
2087 293 699
790 1516 1671
1516 790 1671
1671 790 1516
914 200 1144
200 914 1144
1144 200 914
972 2158 2752
2752 972 2158
2158 972 2752
2079 1928 2678
1928 2079 2678
2678 1928 2079
1181 2712 2958
2712 1181 2958
2958 1181 2712
894 29 2311
29 894 2311
2311 29 894
2241 634 688
688 634 2241
634 688 2241
447 942 2492
942 447 2492
2492 447 942
2765 1413 1680
1413 1680 2765
1680 1413 2765
662 1375 2509
1375 662 2509
2509 662 1375
1011 1000 2175
1000 1011 2175
2175 1000 1011
2144 253 990
990 253 2144
253 990 2144
1881 741 1874
1874 741 1881
741 1874 1881
2332 162 1505
162 1505 2332
1505 162 2332
2489 475 2841
2841 475 2489
475 2489 2841
1379 610 1579
610 1379 1579
1579 610 1379
552 1328 2342
2342 552 1328
1328 552 2342
724 1739 2246
2246 724 1739
1739 724 2246
1653 527 784
784 527 1653
527 784 1653
513 64 1465
64 513 1465
1465 64 513
343 2307 2641
2307 343 2641
2641 343 2307
1683 1211 2942
2942 1211 1683
1211 1683 2942
1933 488 2827
2827 488 1933
488 1933 2827
698 563 1136
1136 563 698
563 698 1136
146 679 850
850 146 679
679 146 850
2742 230 1046
230 1046 2742
1046 230 2742
473 27 2970
2970 27 473
27 473 2970
286 868 2223
2223 286 868
868 286 2223
432 68 208
68 208 432
208 68 432
2399 73 1116
1116 73 2399
73 1116 2399
127 246 2776
2776 127 246
246 127 2776
87 918 2372
918 87 2372
2372 87 918
1075 2601 2819
2819 1075 2601
2601 1075 2819
266 1311 2912
2912 266 1311
1311 266 2912
1804 280 2097
280 1804 2097
2097 280 1804
2017 455 2225
455 2017 2225
2225 455 2017
2785 843 1811
1811 843 2785
843 1811 2785
2616 231 1823
1823 231 2616
231 1823 2616
2581 1145 1858
1145 1858 2581
1858 1145 2581
1747 1003 2244
1003 1747 2244
2244 1003 1747
975 507 2039
507 975 2039
2039 507 975
845 720 1931
720 845 1931
1931 720 845
392 304 2964
304 392 2964
2964 304 392
2493 1228 2335
2335 1228 2493
1228 2335 2493
148 1073 2527
1073 148 2527
2527 148 1073
1290 57 855
855 57 1290
57 855 1290
2517 90 1758
90 1758 2517
1758 90 2517
1316 56 213
56 213 1316
213 56 1316
2160 728 883
728 883 2160
883 728 2160
1795 194 2418
2418 194 1795
194 1795 2418
2448 436 1197
436 1197 2448
1197 436 2448
1602 951 2607
951 1602 2607
2607 951 1602
871 2700 2781
2700 871 2781
2781 871 2700
2686 1251 2054
2054 1251 2686
1251 2054 2686
257 817 2390
2390 257 817
817 257 2390
874 801 2316
801 874 2316
2316 801 874
825 378 600
378 600 825
600 378 825
903 525 710
525 710 903
710 525 903
292 117 2275
117 292 2275
2275 117 292
2077 764 1110
764 1110 2077
1110 764 2077
700 1830 2526
2526 700 1830
1830 700 2526
873 108 1978
1978 108 873
108 873 1978
748 415 717
717 415 748
415 717 748
110 835 2772
2772 110 835
835 110 2772
1326 234 2179
2179 234 1326
234 1326 2179
1450 468 2122
468 1450 2122
2122 468 1450
337 503 2410
503 337 2410
2410 337 503
1697 2220 2717
2717 1697 2220
2220 1697 2717
627 732 2047
2047 627 732
732 627 2047
889 1508 1595
1508 889 1595
1595 889 1508
2314 114 1705
1705 114 2314
114 1705 2314
1018 974 2544
2544 974 1018
974 1018 2544
639 1246 2267
1246 639 2267
2267 639 1246
1496 1538 1725
1538 1496 1725
1725 1496 1538
1147 248 2344
248 1147 2344
2344 248 1147
630 1598 2507
2507 630 1598
1598 630 2507
8 1159 2238
1159 8 2238
2238 8 1159
320 153 2513
2513 153 320
153 320 2513
1333 1410 2015
2015 1333 1410
1410 1333 2015
530 598 1247
1247 530 598
598 530 1247
589 2633 2800
2633 589 2800
2800 589 2633
2734 535 2400
535 2400 2734
2400 535 2734
752 1272 2900
1272 752 2900
2900 752 1272
2969 1740 2369
1740 2369 2969
2369 1740 2969
1953 815 2996
815 1953 2996
2996 815 1953
40 1923 2888
1923 40 2888
2888 40 1923
2720 47 1399
1399 47 2720
47 1399 2720
2401 577 1642
577 1642 2401
1642 577 2401
2049 463 2218
2218 463 2049
463 2049 2218
2348 595 2414
2414 595 2348
595 2348 2414
1426 99 2483
2483 99 1426
99 1426 2483
1793 2112 2536
2536 1793 2112
2112 1793 2536
1160 362 1603
1603 362 1160
362 1160 1603
753 413 1713
413 753 1713
1713 413 753
1351 395 2715
395 1351 2715
2715 395 1351
1117 269 2979
269 1117 2979
2979 269 1117
2301 446 2706
446 2301 2706
2706 446 2301
2743 723 1039
723 1039 2743
1039 723 2743
1957 478 829
829 478 1957
478 829 1957
1719 508 1894
508 1719 1894
1894 508 1719
2185 74 2475
2475 74 2185
74 2185 2475
978 425 2151
425 978 2151
2151 425 978
1552 2086 2811
2811 1552 2086
2086 1552 2811
2663 2091 2934
2091 2663 2934
2934 2091 2663
1453 209 1967
1967 209 1453
209 1453 1967
1102 1744 2635
2635 1102 1744
1744 1102 2635
1569 1980 2853
1980 1569 2853
2853 1569 1980
1051 1572 2769
2769 1051 1572
1572 1051 2769
2693 1693 2471
2471 1693 2693
1693 2471 2693
865 2217 2837
2217 865 2837
2837 865 2217
131 986 1120
986 131 1120
1120 131 986
1513 141 1038
1038 141 1513
141 1038 1513
2628 1700 2139
2139 1700 2628
1700 2139 2628
1930 264 2587
264 1930 2587
2587 264 1930
290 945 2495
945 290 2495
2495 290 945
1752 1425 2515
2515 1425 1752
1425 1752 2515
2692 1661 2791
1661 2692 2791
2791 1661 2692
2168 1085 1122
1085 1122 2168
1122 1085 2168
126 215 2323
2323 126 215
215 126 2323
2609 1232 2556
1232 2556 2609
2556 1232 2609
1277 121 2051
2051 121 1277
121 1277 2051
2022 1416 1903
1416 1903 2022
1903 1416 2022
1764 800 1395
800 1395 1764
1395 800 1764
2511 256 1565
256 1565 2511
1565 256 2511
1755 2490 2612
2612 1755 2490
2490 1755 2612
1746 1441 1708
1441 1708 1746
1708 1441 1746
1512 1592 2352
2352 1512 1592
1592 1512 2352
1910 1445 1866
1445 1866 1910
1866 1445 1910
824 15 2933
2933 15 824
15 824 2933
2882 2240 2580
2580 2240 2882
2240 2580 2882
1070 706 1369
706 1070 1369
1369 706 1070
603 1537 1558
1558 603 1537
1537 603 1558
2631 787 1484
1484 787 2631
787 1484 2631
2443 696 2533
696 2443 2533
2533 696 2443
1557 207 2673
207 1557 2673
2673 207 1557
1841 828 2802
828 1841 2802
2802 828 1841
1690 607 955
955 607 1690
607 955 1690
2193 602 2221
602 2193 2221
2221 602 2193
2600 1509 1802
1802 1509 2600
1509 1802 2600
2528 519 672
519 672 2528
672 519 2528
1780 1266 1458
1266 1458 1780
1458 1266 1780
2624 23 1581
1581 23 2624
23 1581 2624
2938 1915 2449
2449 1915 2938
1915 2449 2938
2385 1901 2294
2294 1901 2385
1901 2294 2385
308 2940 2982
2940 308 2982
2982 308 2940
549 297 778
297 549 778
778 297 549
1539 2056 2422
2422 1539 2056
2056 1539 2422
408 567 1429
1429 408 567
567 408 1429
1098 1734 2133
1734 1098 2133
2133 1098 1734
1486 1649 1714
1649 1486 1714
1714 1486 1649
1607 965 1031
965 1031 1607
1031 965 1607
2063 251 1515
1515 251 2063
251 1515 2063
321 311 687
311 321 687
687 311 321
2523 356 471
471 356 2523
356 471 2523
1123 330 1222
1222 330 1123
330 1123 1222
2729 72 324
72 324 2729
324 72 2729
1244 19 2814
19 1244 2814
2814 19 1244
1771 2622 2796
2622 1771 2796
2796 1771 2622
145 345 2759
2759 145 345
345 145 2759
414 50 1593
1593 50 414
50 414 1593
2150 616 1148
616 1148 2150
1148 616 2150
643 1013 1250
1013 643 1250
1250 643 1013
410 2780 2961
2780 410 2961
2961 410 2780
1198 389 2913
2913 389 1198
389 1198 2913
66 371 1341
1341 66 371
371 66 1341
2879 479 747
479 747 2879
747 479 2879
1886 1006 1188
1188 1006 1886
1006 1188 1886
929 562 2451
562 929 2451
2451 562 929
1584 1036 2926
1036 1584 2926
2926 1036 1584
1601 247 2384
247 1601 2384
2384 247 1601
2625 1295 2974
2974 1295 2625
1295 2625 2974
2103 1778 2713
1778 2103 2713
2713 1778 2103
1033 908 1231
1231 908 1033
908 1033 1231
144 155 2883
2883 144 155
155 144 2883
690 1275 2367
2367 690 1275
1275 690 2367
860 2310 2842
2310 860 2842
2842 860 2310
2075 881 2396
881 2075 2396
2396 881 2075
2284 2864 2927
2927 2284 2864
2864 2284 2927
2703 1061 1487
1061 1487 2703
1487 1061 2703
2358 1850 2936
1850 2358 2936
2936 1850 2358
1529 492 1091
1091 492 1529
492 1091 1529
450 2426 2656
2656 450 2426
2426 450 2656
1720 1347 1921
1347 1720 1921
1921 1347 1720
1498 637 2501
637 1498 2501
2501 637 1498
540 2082 2878
2082 540 2878
2878 540 2082
712 2067 2289
2289 712 2067
2067 712 2289
1042 795 2100
2100 795 1042
795 1042 2100
2187 25 1844
25 1844 2187
1844 25 2187
2898 1421 2871
1421 2871 2898
2871 1421 2898
1172 427 1596
1596 427 1172
427 1172 1596
1704 470 721
721 470 1704
470 721 1704
2676 632 1050
632 1050 2676
1050 632 2676
2664 1884 2798
2798 1884 2664
1884 2664 2798
979 1017 2760
2760 979 1017
1017 979 2760
870 647 1645
1645 647 870
647 870 1645
2031 1547 1664
1547 1664 2031
1664 1547 2031
2450 1648 1730
1648 1730 2450
1730 1648 2450
476 22 419
419 22 476
22 419 476
1470 161 2537
2537 161 1470
161 1470 2537
298 2135 2726
2135 298 2726
2726 298 2135
1108 1482 2456
2456 1108 1482
1482 1108 2456
433 1997 2164
1997 433 2164
2164 433 1997
1890 933 1370
933 1370 1890
1370 933 1890
1257 685 2012
2012 685 1257
685 1257 2012
847 351 2559
351 847 2559
2559 351 847
494 67 193
67 193 494
193 67 494
1707 1139 2722
1139 1707 2722
2722 1139 1707
1404 533 1919
533 1404 1919
1919 533 1404
2019 1049 1626
1049 1626 2019
1626 1049 2019
1138 88 670
670 88 1138
88 670 1138
55 1995 2793
2793 55 1995
1995 55 2793
2232 1822 2341
1822 2232 2341
2341 1822 2232
359 1879 2954
2954 359 1879
1879 359 2954
2428 1009 1599
1599 1009 2428
1009 1599 2428
2405 1267 2073
2073 1267 2405
1267 2073 2405
1216 2550 2763
2550 1216 2763
2763 1216 2550
1862 384 1016
384 1016 1862
1016 384 1862
1528 289 1628
289 1528 1628
1628 289 1528
1620 1908 2655
2655 1620 1908
1908 1620 2655
2227 169 2794
2794 169 2227
169 2227 2794
341 642 1994
642 341 1994
1994 341 642
1008 935 1654
1654 935 1008
935 1008 1654
2023 138 448
138 448 2023
448 138 2023
1663 759 2132
2132 759 1663
759 1663 2132
2295 1392 2251
1392 2251 2295
2251 1392 2295
2797 592 1155
592 1155 2797
1155 592 2797
1055 390 771
771 390 1055
390 771 1055
2120 180 2353
2353 180 2120
180 2120 2353
1877 695 1133
1133 695 1877
695 1133 1877
1449 619 1119
1119 619 1449
619 1119 1449
1218 120 2727
2727 120 1218
120 1218 2727
2416 37 2890
2890 37 2416
37 2416 2890
1624 124 1878
124 1624 1878
1878 124 1624
582 499 2851
2851 499 582
499 582 2851
2042 458 2895
2895 458 2042
458 2042 2895
2939 96 1726
96 1726 2939
1726 96 2939
1617 1986 2502
1986 1617 2502
2502 1617 1986
2465 1618 2266
2266 1618 2465
1618 2266 2465
813 613 1193
613 813 1193
1193 613 813
122 1282 2427
2427 122 1282
1282 122 2427
464 420 2034
420 464 2034
2034 420 464
404 1350 1636
1350 404 1636
1636 404 1350
940 466 1644
1644 466 940
466 940 1644
1694 225 368
368 225 1694
225 368 1694
807 1899 2016
2016 807 1899
1899 807 2016
2552 82 382
82 382 2552
382 82 2552
369 168 2778
2778 168 369
168 369 2778
2662 465 729
465 729 2662
729 465 2662
1988 1434 1637
1434 1637 1988
1637 1434 1988
2159 11 999
999 11 2159
11 999 2159
2347 578 2990
578 2347 2990
2990 578 2347
411 1238 2003
2003 411 1238
1238 411 2003
380 773 1838
1838 380 773
773 380 1838
2668 2597 2831
2831 2597 2668
2597 2668 2831
206 2286 2702
2702 206 2286
2286 206 2702
467 663 788
663 467 788
788 467 663
1796 98 2226
2226 98 1796
98 1796 2226
2834 1696 2366
1696 2366 2834
2366 1696 2834
363 2011 2277
2277 363 2011
2011 363 2277
2324 2130 2499
2499 2130 2324
2130 2324 2499
1860 830 1698
1698 830 1860
830 1698 1860
2105 605 920
920 605 2105
605 920 2105
1790 1099 1504
1504 1099 1790
1099 1504 1790
130 701 1501
701 130 1501
1501 130 701
2647 1924 2630
1924 2630 2647
2630 1924 2647
1709 299 919
299 919 1709
919 299 1709
2479 421 1782
1782 421 2479
421 1782 2479
1354 767 1792
1792 767 1354
767 1354 1792
626 220 758
758 220 626
220 626 758
60 44 160
160 44 60
44 60 160
858 515 1568
1568 515 858
515 858 1568
2222 1783 1950
1950 1783 2222
1783 1950 2222
305 192 585
585 192 305
192 305 585
1643 745 2746
2746 745 1643
745 1643 2746
612 1032 2229
2229 612 1032
1032 612 2229
6 4 2196
2196 4 6
4 6 2196
273 946 2643
946 273 2643
2643 273 946
2078 288 2590
288 2078 2590
2590 288 2078
111 863 2578
863 111 2578
2578 111 863
424 1847 2293
1847 424 2293
2293 424 1847
354 2072 2753
2753 354 2072
2072 354 2753
1615 2605 2755
2755 1615 2605
2605 1615 2755
963 964 2420
964 963 2420
2420 963 964
2907 2040 2591
2040 2591 2907
2591 2040 2907
875 766 2721
2721 766 875
766 875 2721
1668 1407 1929
1929 1407 1668
1407 1668 1929
2060 867 1358
1358 867 2060
867 1358 2060
1938 556 1553
1553 556 1938
556 1553 1938
2365 347 520
520 347 2365
347 520 2365
2923 79 2670
2670 79 2923
79 2670 2923
1655 113 2064
2064 113 1655
113 1655 2064
1343 1849 2955
1849 1343 2955
2955 1343 1849
1249 1335 1846
1846 1249 1335
1335 1249 1846
581 2586 2687
2586 581 2687
2687 581 2586
1442 1989 2245
2245 1442 1989
1989 1442 2245
614 541 2677
2677 541 614
541 614 2677
823 1191 1563
1191 823 1563
1563 823 1191
233 973 1101
1101 233 973
973 233 1101
1471 779 2136
779 1471 2136
2136 779 1471
2583 2530 2553
2553 2530 2583
2530 2553 2583
1678 851 1828
1828 851 1678
851 1678 1828
1992 1489 2856
2856 1489 1992
1489 1992 2856
648 1781 2360
1781 648 2360
2360 648 1781
226 480 571
480 226 571
571 226 480
1242 2272 2830
2830 1242 2272
2272 1242 2830
2500 1660 1920
1660 1920 2500
1920 1660 2500
2498 2654 2943
2943 2498 2654
2654 2498 2943
33 240 1184
240 33 1184
1184 33 240
1564 2005 2574
2574 1564 2005
2005 1564 2574
1254 76 1803
76 1254 1803
1803 76 1254
1632 1388 2981
2981 1388 1632
1388 1632 2981
83 276 2740
276 83 2740
2740 83 276
761 370 1215
370 761 1215
1215 370 761
570 651 2761
651 570 2761
2761 570 651
2235 1019 1477
1477 1019 2235
1019 1477 2235
75 227 1524
227 75 1524
1524 75 227
2113 564 1252
1252 564 2113
564 1252 2113
1412 287 922
287 922 1412
922 287 1412
2213 1689 2503
2503 1689 2213
1689 2213 2503
2875 1294 1845
1845 1294 2875
1294 1845 2875
2512 329 1376
329 1376 2512
1376 329 2512
498 2691 2918
2691 498 2918
2918 498 2691
1174 129 1296
1296 129 1174
129 1174 1296
1409 1176 1676
1676 1176 1409
1176 1409 1676
659 1339 1898
1339 659 1898
1898 659 1339
2836 1317 2680
2680 1317 2836
1317 2680 2836
2596 888 1842
1842 888 2596
888 1842 2596
1150 281 2201
281 1150 2201
2201 281 1150
2071 705 2425
2425 705 2071
705 2071 2425
2062 86 2813
86 2062 2813
2813 86 2062
2653 177 2046
2046 177 2653
177 2046 2653
158 916 1402
1402 158 916
916 158 1402
704 1951 2106
2106 704 1951
1951 704 2106
2282 1835 2671
2671 1835 2282
1835 2282 2671
2109 1479 2844
2844 1479 2109
1479 2109 2844
1010 861 1672
1672 861 1010
861 1010 1672
2435 1497 2683
1497 2435 2683
2683 1497 2435
1087 1787 2228
1787 1087 2228
2228 1087 1787
1473 652 1667
1667 652 1473
652 1473 1667
1261 2843 2968
2968 1261 2843
2843 1261 2968
364 518 2281
2281 364 518
518 364 2281
2252 857 1400
857 1400 2252
1400 857 2252
1391 277 645
277 645 1391
645 277 1391
2603 1916 2984
1916 2603 2984
2984 1916 2603
178 1658 2141
1658 178 2141
2141 178 1658
434 707 1161
707 434 1161
1161 434 707
1234 216 809
216 809 1234
809 216 1234
1535 381 1647
1647 381 1535
381 1535 1647
238 1041 1320
1041 238 1320
1320 238 1041
1461 538 1315
1315 538 1461
538 1315 1461
1843 2594 2852
2852 1843 2594
2594 1843 2852
1112 377 2474
377 1112 2474
2474 377 1112
302 31 2850
31 302 2850
2850 31 302
1060 529 1573
1573 529 1060
529 1060 1573
1867 1258 1952
1258 1867 1952
1952 1258 1867
1831 175 826
826 175 1831
175 826 1831
1332 309 1536
309 1332 1536
1536 309 1332
1996 221 1712
221 1712 1996
1712 221 1996
1788 2308 2917
2308 1788 2917
2917 1788 2308
1870 937 1359
1359 937 1870
937 1359 1870
2548 1330 1748
1330 1748 2548
1748 1330 2548
1562 832 2334
2334 832 1562
832 1562 2334
1047 1784 1882
1882 1047 1784
1784 1047 1882
1478 1185 1717
1717 1185 1478
1185 1478 1717
534 1276 1964
1964 534 1276
1276 534 1964
2975 1171 1616
1616 1171 2975
1171 1616 2975
820 26 241
241 26 820
26 241 820
635 848 2433
848 635 2433
2433 635 848
1170 1378 1674
1378 1170 1674
1674 1170 1378
7 1715 2833
1715 7 2833
2833 7 1715
352 173 516
173 352 516
516 173 352
2757 135 1059
1059 135 2757
135 1059 2757
398 608 2543
608 398 2543
2543 398 608
1946 740 1068
740 1068 1946
1068 740 1946
1227 878 2666
878 1227 2666
2666 878 1227
821 604 1037
604 821 1037
1037 604 821
2995 1909 2211
1909 2211 2995
2211 1909 2995
1574 2368 2826
2368 1574 2826
2826 1574 2368
1105 2497 2806
2497 1105 2806
2806 1105 2497
1182 366 1382
1382 366 1182
366 1182 1382
772 897 1578
1578 772 897
897 772 1578
2000 849 1688
1688 849 2000
849 1688 2000
443 862 2300
2300 443 862
862 443 2300
228 265 2370
265 228 2370
2370 228 265
1457 1093 1274
1274 1093 1457
1093 1274 1457
1204 32 187
32 187 1204
187 32 1204
749 397 441
397 441 749
441 397 749
1963 2411 2463
2463 1963 2411
2411 1963 2463
2116 510 1981
510 1981 2116
1981 510 2116
2305 1253 1447
1447 1253 2305
1253 1447 2305
514 43 1005
43 514 1005
1005 43 514
997 531 2326
2326 531 997
531 997 2326
1722 727 1785
1785 727 1722
727 1722 1785
2767 1622 1837
1622 1837 2767
1837 1622 2767
1770 1883 2059
2059 1770 1883
1883 1770 2059
846 1818 2178
2178 846 1818
1818 846 2178
2966 580 638
638 580 2966
580 638 2966
524 950 2719
2719 524 950
950 524 2719
1163 1652 2092
1652 1163 2092
2092 1163 1652
1494 774 2375
774 1494 2375
2375 774 1494
1205 14 2457
14 1205 2457
2457 14 1205
1206 666 915
666 915 1206
915 666 1206
805 669 2268
2268 669 805
669 805 2268
2118 899 967
967 899 2118
899 967 2118
2980 1213 2273
2273 1213 2980
1213 2273 2980
2790 42 1794
42 1794 2790
1794 42 2790
633 166 2845
2845 166 633
166 633 2845
483 500 2274
2274 483 500
500 483 2274
1201 401 412
401 412 1201
412 401 1201
1982 236 1935
1935 236 1982
236 1935 1982
2565 1742 2976
1742 2565 2976
2976 1742 2565
796 657 2219
2219 657 796
657 796 2219
594 2620 2823
2620 594 2823
2823 594 2620
1876 725 2839
2839 725 1876
725 1876 2839
2731 1608 1614
1608 1614 2731
1614 1608 2731
522 547 2788
2788 522 547
547 522 2788
2803 21 2896
2896 21 2803
21 2803 2896
2171 958 1887
1887 958 2171
958 1887 2171
1336 584 1962
1962 584 1336
584 1336 1962
1523 239 1153
1153 239 1523
239 1153 1523
1325 2462 2944
2462 1325 2944
2944 1325 2462
2176 2391 2704
2391 2176 2704
2704 2176 2391
1398 1062 2184
1062 1398 2184
2184 1062 1398
2197 954 1419
954 1419 2197
1419 954 2197
115 1829 1968
1968 115 1829
1829 115 1968
1961 554 2549
2549 554 1961
554 1961 2549
340 2299 2818
2818 340 2299
2299 340 2818
504 2 1817
1817 2 504
2 504 1817
1675 316 1340
316 1340 1675
1340 316 1675
892 597 2593
597 892 2593
2593 597 892
142 417 2555
2555 142 417
417 142 2555
2290 932 1462
932 1462 2290
1462 932 2290
1460 559 941
941 559 1460
559 941 1460
261 355 1619
355 261 1619
1619 261 355
1873 252 3000
252 1873 3000
3000 252 1873
1397 249 1757
1757 249 1397
249 1397 1757
1597 1433 1452
1452 1433 1597
1433 1452 1597
430 1448 2808
2808 430 1448
1448 430 2808
1947 2236 2247
2247 1947 2236
2236 1947 2247
2318 453 2838
453 2318 2838
2838 453 2318
1913 770 2065
770 1913 2065
2065 770 1913
2361 1651 1973
1651 1973 2361
1973 1651 2361
426 2231 2901
2231 426 2901
2901 426 2231
2542 1021 1984
1984 1021 2542
1021 1984 2542
1960 157 751
751 157 1960
157 751 1960
454 624 777
777 454 624
624 454 777
831 2407 2575
2575 831 2407
2407 831 2575
1585 943 2881
2881 943 1585
943 1585 2881
1281 927 2648
927 1281 2648
2648 927 1281
502 2485 2932
2932 502 2485
2485 502 2932
1309 39 656
656 39 1309
39 656 1309
1377 713 838
838 713 1377
713 838 1377
2877 150 198
198 150 2877
150 198 2877
327 1685 1851
1685 327 1851
1851 327 1685
1301 671 2455
671 1301 2455
2455 671 1301
1990 1303 2117
1303 1990 2117
2117 1303 1990
2516 912 2564
912 2516 2564
2564 912 2516
2256 742 882
742 882 2256
882 742 2256
104 244 1371
244 104 1371
1371 104 244
2899 1503 1815
1815 1503 2899
1503 1815 2899
326 763 2189
763 326 2189
2189 326 763
2623 1393 2522
2522 1393 2623
1393 2522 2623
1575 1922 2013
2013 1575 1922
1922 1575 2013
512 1519 2304
2304 512 1519
1519 512 2304
678 223 674
223 674 678
674 223 678
2423 1236 1346
1236 1346 2423
1346 1236 2423
2531 799 2037
2037 799 2531
799 2037 2531
2637 1318 1549
1549 1318 2637
1318 1549 2637
372 1485 1809
1485 372 1809
1809 372 1485
1942 1527 2484
2484 1527 1942
1527 1942 2484
550 431 2349
2349 431 550
431 550 2349
2718 708 960
708 960 2718
960 708 2718
1245 998 2716
998 1245 2716
2716 998 1245
1907 1137 1427
1137 1427 1907
1427 1137 1907
1773 1985 2089
2089 1773 1985
1985 1773 2089
1284 2276 2608
2276 1284 2608
2608 1284 2276
1001 1432 1681
1432 1001 1681
1681 1001 1432
2613 2018 2374
2018 2374 2613
2374 2018 2613
190 282 1423
282 190 1423
1423 190 282
1500 1906 2249
1906 1500 2249
2249 1500 1906
2619 38 469
38 469 2619
469 38 2619
1518 1043 2849
2849 1043 1518
1043 1518 2849
255 1545 2524
1545 255 2524
2524 255 1545
2183 195 2627
2627 195 2183
195 2183 2627
283 606 2033
606 283 2033
2033 283 606
1861 472 2949
472 1861 2949
2949 472 1861
1126 2751 2997
2997 1126 2751
2751 1126 2997
2621 18 923
923 18 2621
18 923 2621
1673 722 1180
722 1180 1673
1180 722 1673
555 106 2119
106 555 2119
2119 106 555
2074 2174 2459
2459 2074 2174
2174 2074 2459
601 71 2027
71 601 2027
2027 71 601
2854 2085 2665
2085 2665 2854
2665 2085 2854
1943 840 1240
1240 840 1943
840 1240 1943
2915 30 1548
1548 30 2915
30 1548 2915
491 1389 2124
2124 491 1389
1389 491 2124
1288 792 2257
792 1288 2257
2257 792 1288
660 2181 2828
2828 660 2181
2181 660 2828
2777 133 1695
133 1695 2777
1695 133 2777
2346 164 905
905 164 2346
164 905 2346
2278 609 2137
2137 609 2278
609 2137 2278
2576 2009 2421
2009 2421 2576
2421 2009 2576
2697 1337 2506
1337 2506 2697
2506 1337 2697
1264 755 2775
2775 755 1264
755 1264 2775
739 357 1024
357 739 1024
1024 357 739
1142 80 2166
2166 80 1142
80 1142 2166
1268 891 1007
891 1007 1268
1007 891 1268
910 393 1076
393 910 1076
1076 393 910
904 2068 2306
2068 904 2306
2306 904 2068
566 1439 2340
2340 566 1439
1439 566 2340
1590 1278 1665
1278 1590 1665
1665 1278 1590
775 1088 2546
2546 775 1088
1088 775 2546
2547 2165 2215
2215 2165 2547
2165 2215 2547
1927 1640 2161
2161 1640 1927
1640 1927 2161
2076 536 2557
536 2076 2557
2557 536 2076
1270 307 2154
307 1270 2154
2154 307 1270
1868 1044 1192
1192 1044 1868
1044 1192 1868
481 622 2053
622 481 2053
2053 481 622
1118 1904 2321
1904 1118 2321
2321 1118 1904
1506 1074 2532
1074 1506 2532
2532 1074 1506
827 913 1078
1078 827 913
913 827 1078
186 1710 2880
1710 186 2880
2880 186 1710
325 789 1492
1492 325 789
789 325 1492
296 1635 2636
1635 296 2636
2636 296 1635
2963 59 2905
59 2905 2963
2905 59 2963
1310 405 1533
405 1310 1533
1533 405 1310
1805 658 1969
658 1805 1969
1969 658 1805
2343 898 952
898 952 2343
952 898 2343
1383 1958 2084
2084 1383 1958
1958 1383 2084
1701 1207 2476
1207 1701 2476
2476 1207 1701
2876 2148 2330
2148 2330 2876
2330 2148 2876
596 1438 1577
1438 596 1577
1577 596 1438
611 822 1774
822 611 1774
1774 611 822
1711 1086 2224
2224 1086 1711
1086 1711 2224
1203 346 1469
346 1203 1469
1469 346 1203
532 1187 1728
1728 532 1187
1187 532 1728
1374 1864 2672
1864 1374 2672
2672 1374 1864
1269 1285 1687
1687 1269 1285
1285 1269 1687
1706 1263 1586
1263 1586 1706
1586 1263 1706
2328 274 1327
274 1327 2328
1327 274 2328
1583 1507 1939
1507 1583 1939
1939 1507 1583
461 403 2799
2799 403 461
403 461 2799
576 136 438
438 136 576
136 438 576
1902 1054 2192
2192 1054 1902
1054 1902 2192
907 1365 1576
1365 907 1576
1576 907 1365
854 69 2869
69 854 2869
2869 69 854
754 1895 2585
1895 754 2585
2585 754 1895
2255 493 1956
1956 493 2255
493 1956 2255
924 85 1925
1925 85 924
85 924 1925
184 358 880
880 184 358
358 184 880
956 295 557
557 295 956
295 557 956
1169 2259 2795
2259 1169 2795
2795 1169 2259
1175 260 1827
1827 260 1175
260 1175 1827
2093 839 1289
839 1289 2093
1289 839 2093
2045 737 1403
1403 737 2045
737 1403 2045
2824 219 2163
219 2163 2824
2163 219 2824
1127 1065 2376
1065 1127 2376
2376 1065 1127
1418 482 921
482 921 1418
921 482 1418
394 1753 2986
1753 394 2986
2986 394 1753
2388 1475 2379
1475 2379 2388
2379 1475 2388
1610 1063 1621
1063 1610 1621
1621 1063 1610
2253 1308 2779
1308 2253 2779
2779 1308 2253
1190 1314 2764
2764 1190 1314
1314 1190 2764
2782 930 2735
2735 930 2782
930 2735 2782
361 859 2386
2386 361 859
859 361 2386
2847 444 1307
444 1307 2847
1307 444 2847
2572 1115 1813
1813 1115 2572
1115 1813 2572
2991 936 2911
936 2911 2991
2911 936 2991
785 1476 1941
1476 785 1941
1941 785 1476
2529 1472 2573
1472 2529 2573
2573 1472 2529
1556 188 2551
188 1556 2551
2551 188 1556
2862 2285 2505
2285 2505 2862
2505 2285 2862
1926 1772 2377
2377 1772 1926
1772 1926 2377
2320 1937 2510
2510 1937 2320
1937 2320 2510
1769 46 1233
1233 46 1769
46 1233 1769
572 1156 1917
1156 572 1917
1917 572 1156
842 810 2929
2929 810 842
810 842 2929
383 856 1394
856 383 1394
1394 383 856
1422 285 2397
2397 285 1422
285 1422 2397
750 2466 2858
2466 750 2858
2858 750 2466
1855 675 1178
1178 675 1855
675 1178 1855
1235 1111 1262
1262 1111 1235
1111 1235 1262
1196 1600 1948
1948 1196 1600
1600 1196 1948
487 618 885
885 487 618
618 487 885
2941 336 2126
336 2126 2941
2126 336 2941
2567 1302 2447
1302 2447 2567
2447 1302 2567
996 485 1544
1544 485 996
485 996 1544
1463 768 2044
2044 768 1463
768 1463 2044
1731 1762 2486
1762 1731 2486
2486 1731 1762
709 315 2571
315 709 2571
2571 315 709
451 2188 2525
2525 451 2188
2188 451 2525
2758 694 2535
694 2535 2758
2535 694 2758
1541 2140 2872
2140 1541 2872
2872 1541 2140
794 291 2730
291 794 2730
2730 291 794
2110 1386 2392
2392 1386 2110
1386 2110 2392
2269 185 568
185 568 2269
568 185 2269
1666 991 1812
1812 991 1666
991 1666 1812
2254 2437 2928
2928 2254 2437
2437 2254 2928
2771 2152 2977
2152 2771 2977
2977 2152 2771
1467 1435 2807
2807 1435 1467
1435 1467 2807
573 179 350
179 350 573
350 179 573
2149 1224 1888
1888 1224 2149
1224 1888 2149
2768 460 2432
2432 460 2768
460 2432 2768
2442 1789 2754
2754 1789 2442
1789 2442 2754
2539 895 1865
1865 895 2539
895 1865 2539
317 1682 2569
1682 317 2569
2569 317 1682
561 2006 2931
2931 561 2006
2006 561 2931
1291 982 2538
982 1291 2538
2538 982 1291
2025 1555 1761
1761 1555 2025
1555 1761 2025
139 48 1293
1293 48 139
48 139 1293
2920 9 54
9 54 2920
54 9 2920
78 10 1775
10 78 1775
1775 10 78
300 1493 1808
1808 300 1493
1493 300 1808
1679 911 2520
911 1679 2520
2520 911 1679
734 1355 1629
1355 734 1629
1629 734 1355
1128 896 2566
2566 896 1128
896 1128 2566
1451 1417 1531
1417 1451 1531
1531 1417 1451
313 2123 2545
2545 313 2123
2123 313 2545
2951 1765 2345
2345 1765 2951
1765 2345 2951
51 2870 2965
2965 51 2870
2870 51 2965
399 1743 2382
1743 399 2382
2382 399 1743
853 387 623
623 387 853
387 623 853
128 152 1776
1776 128 152
152 128 1776
2452 948 2604
2604 948 2452
948 2452 2604
798 53 1520
1520 53 798
53 798 1520
1069 1304 1488
1488 1069 1304
1304 1069 1488
2562 77 2180
77 2180 2562
2180 77 2562
294 1806 2750
2750 294 1806
1806 294 2750
1840 1612 1820
1612 1820 1840
1820 1612 1840
2748 528 2024
2024 528 2748
528 2024 2748
1852 988 2728
988 1852 2728
2728 988 1852
1364 28 869
28 869 1364
869 28 1364
2640 2173 2891
2173 2640 2891
2891 2173 2640
2863 591 1292
1292 591 2863
591 1292 2863
2651 92 301
301 92 2651
92 301 2651
866 1345 2210
2210 866 1345
1345 866 2210
2094 2659 2848
2659 2094 2848
2848 2094 2659
1756 802 2897
2897 802 1756
802 1756 2897
762 262 2128
262 762 2128
2128 262 762
667 1975 2331
1975 667 2331
2331 667 1975
2461 1893 2618
2618 1893 2461
1893 2461 2618
2203 1239 2083
1239 2083 2203
2083 1239 2203
267 686 2186
2186 267 686
686 267 2186
2028 1104 1633
1104 1633 2028
1633 1104 2028
949 501 2415
501 949 2415
2415 501 949
1090 1034 2710
2710 1034 1090
1034 1090 2710
716 1210 2322
2322 716 1210
1210 716 2322
1283 1083 2298
1083 1283 2298
2298 1083 1283
2458 517 2482
517 2458 2482
2482 517 2458
1146 1223 2336
2336 1146 1223
1223 1146 2336
2434 212 2747
212 2434 2747
2747 212 2434
1766 65 2029
2029 65 1766
65 1766 2029
2127 1550 2595
1550 2127 2595
2595 1550 2127
1338 1380 2812
1380 1338 2812
2812 1338 1380
2394 16 348
348 16 2394
16 348 2394
1109 203 730
730 203 1109
203 730 1109
2454 902 2909
902 2454 2909
2909 902 2454
1411 34 962
34 962 1411
962 34 1411
2036 89 224
224 89 2036
89 224 2036
445 151 2723
151 445 2723
2723 151 445
2696 95 123
95 123 2696
123 95 2696
1474 884 2214
2214 884 1474
884 1474 2214
2234 2948 2985
2985 2234 2948
2948 2234 2985
2429 2264 2514
2514 2264 2429
2264 2429 2514
2889 715 1286
715 1286 2889
