77 93 250
250 77 93
93 77 250
227 271 299
271 227 299
299 227 271
87 100 210
100 87 210
210 87 100
73 70 279
70 73 279
279 70 73
260 37 257
37 257 260
257 37 260
8 36 248
36 8 248
248 8 36
197 20 128
128 20 197
20 128 197
82 17 244
17 82 244
244 17 82
275 187 274
274 187 275
187 274 275
203 57 104
104 57 203
57 104 203
152 39 105
105 39 152
39 105 152
110 41 136
41 110 136
136 41 110
255 69 123
69 123 255
123 69 255
150 24 254
254 24 150
24 150 254
224 172 245
172 224 245
245 172 224
168 62 298
62 168 298
298 62 168
94 287 290
287 94 290
290 94 287
208 19 280
280 19 208
19 208 280
178 201 288
288 178 201
201 178 288
261 52 243
52 243 261
243 52 261
154 112 113
113 112 154
112 113 154
109 79 207
79 109 207
207 79 109
98 223 278
223 98 278
278 98 223
135 31 192
192 31 135
31 135 192
209 59 118
118 59 209
59 118 209
32 1 213
213 1 32
1 32 213
46 16 28
16 28 46
28 16 46
138 84 216
216 84 138
84 138 216
263 125 229
125 229 263
229 125 263
158 220 262
220 158 262
262 158 220
51 115 191
115 51 191
191 51 115
204 44 102
44 102 204
102 44 204
2 180 235
180 2 235
235 2 180
219 74 247
74 219 247
247 74 219
45 29 35
29 35 45
35 29 45
6 54 289
54 6 289
289 6 54
198 131 214
131 198 214
214 131 198
273 33 68
68 33 273
33 68 273
60 144 211
144 60 211
211 60 144
163 22 184
22 163 184
184 22 163
182 49 117
49 117 182
117 49 182
252 71 83
83 71 252
71 83 252
228 173 189
173 189 228
189 173 228
86 27 153
27 86 153
153 27 86
226 42 300
300 42 226
42 226 300
139 106 295
295 106 139
106 139 295
232 246 283
283 232 246
246 232 283
170 75 231
75 170 231
231 75 170
61 64 186
186 61 64
64 61 186
25 11 156
156 11 25
11 25 156
259 145 221
221 145 259
145 221 259
58 217 270
270 58 217
217 58 270
164 162 165
162 164 165
165 162 164
9 108 285
285 9 108
108 9 285
185 215 291
215 185 291
291 185 215
133 56 157
157 56 133
56 133 157
47 4 200
4 47 200
200 4 47
160 130 134
134 130 160
130 134 160
3 5 242
242 3 5
5 3 242
183 101 140
101 140 183
140 101 183
48 40 143
143 40 48
40 48 143
122 167 196
167 122 196
196 122 167
18 26 124
124 18 26
26 18 124
286 177 181
181 177 286
177 181 286
21 43 127
127 21 43
43 21 127
293 188 249
188 249 293
249 188 293
107 179 234
179 107 234
234 107 179
276 76 202
202 76 276
76 202 276
272 50 132
50 132 272
132 50 272
85 256 265
256 85 265
265 85 256
12 119 121
121 12 119
119 12 121
10 88 284
88 10 284
284 10 88
91 147 151
147 91 151
151 91 147
142 14 155
14 142 155
155 14 142
78 30 294
294 30 78
30 78 294
258 126 218
218 126 258
126 218 258
66 92 95
92 66 95
95 66 92
176 230 240
230 176 240
240 176 230
222 206 237
237 206 222
206 222 237
89 67 103
103 67 89
67 89 103
55 63 148
148 55 63
63 55 148
282 269 292
292 269 282
269 282 292
111 193 199
199 111 193
193 111 199
225 13 38
13 38 225
38 13 225
80 7 120
7 80 120
120 7 80
149 171 238
171 149 238
238 149 171
241 114 268
268 114 241
114 241 268
267 146 174
174 146 267
146 174 267
239 53 212
53 212 239
212 53 239
129 233 253
253 129 233
233 129 253
195 90 137
90 137 195
137 90 195
166 72 159
159 72 166
72 159 166
264 161 281
281 161 264
161 264 281
96 277 296
277 96 296
296 96 277
65 141 175
141 65 175
175 65 141
97 169 236
236 97 169
169 97 236
15 34 116
116 15 34
34 15 116
297 194 205
205 194 297
194 205 297
190 81 99
81 99 190
99 81 190
251 23 266
23 251 266
266 23 251
