17735 15868 16272
15868 16272 17735
16272 15868 17735
2249 11914 28214
28214 2249 11914
11914 2249 28214
23908 7837 13175
13175 7837 23908
7837 13175 23908
14477 14098 28728
28728 14098 14477
14098 14477 28728
25917 12863 17972
17972 12863 25917
12863 17972 25917
7323 4981 13616
13616 4981 7323
4981 7323 13616
26489 2352 11682
2352 11682 26489
11682 2352 26489
26802 4836 19093
4836 19093 26802
19093 4836 26802
16262 2631 21271
2631 16262 21271
21271 2631 16262
14677 7298 23449
7298 14677 23449
23449 7298 14677
5557 24747 26711
24747 5557 26711
26711 5557 24747
28909 14082 23417
23417 14082 28909
14082 23417 28909
19972 6242 7524
6242 7524 19972
7524 6242 19972
6599 7961 16244
7961 6599 16244
16244 6599 7961
26708 16062 17280
16062 17280 26708
17280 16062 26708
22530 17655 23562
17655 22530 23562
23562 17655 22530
22681 13295 23899
13295 22681 23899
23899 13295 22681
2817 2428 9849
9849 2428 2817
2428 2817 9849
28082 1483 5481
5481 1483 28082
1483 5481 28082
13706 1755 13912
1755 13706 13912
13912 1755 13706
1842 207 18755
18755 207 1842
207 1842 18755
10114 12984 27259
12984 10114 27259
27259 10114 12984
15968 8860 24612
24612 8860 15968
8860 15968 24612
28873 9076 9225
9225 9076 28873
9076 9225 28873
27450 14307 25348
25348 14307 27450
14307 25348 27450
9 17632 25104
25104 9 17632
17632 9 25104
1152 16919 19151
19151 1152 16919
16919 1152 19151
16977 4435 5797
5797 4435 16977
4435 5797 16977
27157 5274 11222
5274 11222 27157
11222 5274 27157
5673 391 27466
27466 391 5673
391 5673 27466
17462 11811 26375
11811 17462 26375
26375 11811 17462
15153 1671 20921
20921 1671 15153
1671 15153 20921
1883 4296 12474
12474 1883 4296
4296 1883 12474
26294 22621 28418
22621 26294 28418
28418 22621 26294
12178 4564 17223
4564 12178 17223
17223 4564 12178
29138 23523 25894
23523 25894 29138
25894 23523 29138
1618 214 8615
214 1618 8615
8615 214 1618
12928 24132 28172
28172 12928 24132
24132 12928 28172
463 6919 12501
12501 463 6919
6919 463 12501
17548 7930 24312
7930 17548 24312
24312 7930 17548
28637 17499 23766
17499 23766 28637
23766 17499 28637
18642 11957 18170
18170 11957 18642
11957 18170 18642
4606 3694 9261
9261 3694 4606
3694 4606 9261
8345 6305 25868
6305 8345 25868
25868 6305 8345
22118 6789 14205
14205 6789 22118
6789 14205 22118
15328 16356 24212
16356 15328 24212
24212 15328 16356
16198 5743 18867
18867 5743 16198
5743 16198 18867
7835 1939 2815
1939 2815 7835
2815 1939 7835
7546 16710 19073
19073 7546 16710
16710 7546 19073
26820 992 3312
3312 992 26820
992 3312 26820
29536 22433 27804
27804 22433 29536
22433 27804 29536
7125 3437 19821
19821 3437 7125
3437 7125 19821
10739 12401 16488
16488 10739 12401
12401 10739 16488
22570 12431 21441
12431 21441 22570
21441 12431 22570
13186 18115 27087
18115 13186 27087
27087 13186 18115
13795 8830 26628
8830 13795 26628
26628 8830 13795
7593 50 14293
14293 50 7593
50 7593 14293
13847 17386 29640
29640 13847 17386
17386 13847 29640
26380 19045 20339
20339 19045 26380
19045 20339 26380
25810 20347 28396
28396 20347 25810
20347 25810 28396
23616 9353 26193
9353 23616 26193
26193 9353 23616
2142 23289 26011
26011 2142 23289
23289 2142 26011
177 17533 29986
17533 177 29986
29986 177 17533
4671 2418 13087
13087 2418 4671
2418 4671 13087
13987 9048 17718
17718 9048 13987
9048 13987 17718
23385 1431 24304
1431 23385 24304
24304 1431 23385
5533 9361 9952
9952 5533 9361
9361 5533 9952
4584 1655 25385
25385 1655 4584
1655 4584 25385
8554 11581 12188
12188 8554 11581
11581 8554 12188
20090 22786 23733
23733 20090 22786
22786 20090 23733
17505 6352 22816
22816 6352 17505
6352 17505 22816
19777 1054 11583
11583 1054 19777
1054 11583 19777
23412 18065 28312
18065 23412 28312
28312 18065 23412
25737 11337 23322
23322 11337 25737
11337 23322 25737
17911 14454 22701
22701 14454 17911
14454 17911 22701
29 14035 21372
14035 29 21372
21372 29 14035
19435 12335 22502
22502 12335 19435
12335 19435 22502
10182 4358 16744
4358 10182 16744
16744 4358 10182
19664 1627 10065
10065 1627 19664
1627 10065 19664
4329 13543 19123
13543 4329 19123
19123 4329 13543
22599 594 14538
14538 594 22599
594 14538 22599
16245 8187 21066
8187 16245 21066
21066 8187 16245
22624 610 26339
26339 610 22624
610 22624 26339
15981 5093 9468
9468 5093 15981
5093 9468 15981
3613 9927 22996
9927 3613 22996
22996 3613 9927
18348 2862 10523
10523 2862 18348
2862 10523 18348
9140 19472 29342
19472 9140 29342
29342 9140 19472
5182 3783 27294
27294 3783 5182
3783 5182 27294
22191 12183 23851
23851 12183 22191
12183 22191 23851
16373 17056 20890
20890 16373 17056
17056 16373 20890
10147 9525 11180
11180 9525 10147
9525 10147 11180
2466 839 9730
839 2466 9730
9730 839 2466
28092 9926 23953
9926 23953 28092
23953 9926 28092
25531 17226 27102
27102 17226 25531
17226 25531 27102
5610 1615 23075
1615 5610 23075
23075 1615 5610
2571 11114 12841
11114 2571 12841
12841 2571 11114
24273 14512 23795
14512 23795 24273
23795 14512 24273
17052 9873 23750
9873 17052 23750
23750 9873 17052
29687 6981 18346
18346 6981 29687
6981 18346 29687
27711 11840 22421
22421 11840 27711
11840 22421 27711
20413 5289 27834
27834 5289 20413
5289 20413 27834
29691 20820 24970
20820 24970 29691
24970 20820 29691
10021 4985 7338
7338 4985 10021
4985 7338 10021
17915 15929 24482
15929 17915 24482
24482 15929 17915
19710 13764 20541
20541 13764 19710
13764 19710 20541
3468 3439 24595
3439 3468 24595
24595 3439 3468
7456 26886 29735
26886 7456 29735
29735 7456 26886
21287 16236 21730
16236 21287 21730
21730 16236 21287
11453 15293 20555
15293 11453 20555
20555 11453 15293
18541 4001 26240
26240 4001 18541
4001 18541 26240
11960 8461 23962
23962 8461 11960
8461 11960 23962
18806 13610 21339
21339 13610 18806
13610 18806 21339
7542 21996 23315
21996 7542 23315
23315 7542 21996
27589 2572 17440
17440 2572 27589
2572 17440 27589
4603 18784 25512
18784 4603 25512
25512 4603 18784
1592 11449 12933
11449 1592 12933
12933 1592 11449
19860 4905 12173
12173 4905 19860
4905 12173 19860
18501 22555 29748
29748 18501 22555
22555 18501 29748
29474 17315 22916
17315 22916 29474
22916 17315 29474
14258 3136 6333
3136 6333 14258
6333 3136 14258
9059 19750 25166
19750 9059 25166
25166 9059 19750
12019 3588 25757
25757 3588 12019
3588 12019 25757
4589 2203 5002
2203 4589 5002
5002 2203 4589
14116 14164 19080
19080 14116 14164
14164 14116 19080
22431 15836 27849
27849 15836 22431
15836 22431 27849
6664 3237 9953
3237 6664 9953
9953 3237 6664
4415 778 29949
778 4415 29949
29949 778 4415
23183 22336 28010
28010 22336 23183
22336 23183 28010
25919 4010 6596
4010 6596 25919
6596 4010 25919
381 5489 27654
5489 381 27654
27654 381 5489
4817 6940 22901
6940 4817 22901
22901 4817 6940
18810 19877 20960
20960 18810 19877
19877 18810 20960
8455 16890 25377
16890 8455 25377
25377 8455 16890
17437 13220 23969
13220 17437 23969
23969 13220 17437
1534 23533 27281
23533 1534 27281
27281 1534 23533
20621 10254 11089
11089 10254 20621
10254 11089 20621
25022 10968 22517
22517 10968 25022
10968 22517 25022
14188 9809 29217
29217 9809 14188
9809 14188 29217
17952 13171 20082
20082 13171 17952
13171 17952 20082
14966 11931 21958
11931 14966 21958
21958 11931 14966
17626 21460 24854
21460 17626 24854
24854 17626 21460
24463 9013 12088
12088 9013 24463
9013 12088 24463
13672 14112 20055
20055 13672 14112
14112 13672 20055
527 3703 7964
3703 527 7964
7964 527 3703
7705 5309 14500
14500 5309 7705
5309 7705 14500
182 15934 17264
15934 182 17264
17264 182 15934
21019 9660 24444
9660 21019 24444
24444 9660 21019
3989 8538 20402
20402 3989 8538
8538 3989 20402
15628 1298 17749
17749 1298 15628
1298 15628 17749
12974 26053 29286
26053 12974 29286
29286 12974 26053
29067 239 7149
7149 239 29067
239 7149 29067
20057 1568 3516
1568 3516 20057
3516 1568 20057
8644 14149 17037
17037 8644 14149
14149 8644 17037
16458 8700 29395
8700 16458 29395
29395 8700 16458
22793 747 11316
11316 747 22793
747 11316 22793
399 11831 28281
28281 399 11831
11831 399 28281
11211 398 26422
398 11211 26422
26422 398 11211
25063 15963 19375
15963 19375 25063
19375 15963 25063
16550 4833 27855
4833 16550 27855
27855 4833 16550
5204 7194 8741
7194 5204 8741
8741 5204 7194
12648 16261 29521
29521 12648 16261
16261 12648 29521
8822 5477 25842
25842 5477 8822
5477 8822 25842
4804 9942 29646
9942 4804 29646
29646 4804 9942
5455 16868 18185
16868 5455 18185
18185 5455 16868
3483 2106 3594
3594 2106 3483
2106 3483 3594
20818 17133 17539
17133 17539 20818
17539 17133 20818
18358 1824 16332
16332 1824 18358
1824 16332 18358
28130 4065 20641
20641 4065 28130
4065 20641 28130
17939 12349 27347
27347 12349 17939
12349 17939 27347
23934 2956 10099
2956 10099 23934
10099 2956 23934
11969 12434 22881
12434 11969 22881
22881 11969 12434
4996 1642 14817
1642 4996 14817
14817 1642 4996
18273 1347 8052
1347 8052 18273
8052 1347 18273
16258 6765 17342
6765 16258 17342
17342 6765 16258
10932 18470 21979
21979 10932 18470
18470 10932 21979
7980 116 29617
29617 116 7980
116 7980 29617
22156 568 26891
26891 568 22156
568 22156 26891
20866 8146 29373
29373 8146 20866
8146 20866 29373
2588 6592 24281
24281 2588 6592
6592 2588 24281
24276 3215 14541
3215 14541 24276
14541 3215 24276
27138 15106 26000
15106 26000 27138
26000 15106 27138
6635 779 13274
13274 779 6635
779 6635 13274
28714 17211 28181
17211 28181 28714
28181 17211 28714
19412 6711 26537
6711 19412 26537
26537 6711 19412
26775 8298 13953
13953 8298 26775
8298 13953 26775
5850 22574 25763
25763 5850 22574
22574 5850 25763
26416 9377 11556
11556 9377 26416
9377 11556 26416
25431 4768 9509
9509 4768 25431
4768 9509 25431
5915 22625 28276
22625 5915 28276
28276 5915 22625
6372 25758 26838
26838 6372 25758
25758 6372 26838
12006 13036 21932
21932 12006 13036
13036 12006 21932
1818 15622 17637
15622 1818 17637
17637 1818 15622
685 25194 28622
25194 685 28622
28622 685 25194
27955 21015 24785
24785 21015 27955
21015 24785 27955
4465 4017 26967
26967 4017 4465
4017 4465 26967
1316 1951 15167
1951 1316 15167
15167 1316 1951
10522 9131 15027
9131 10522 15027
15027 9131 10522
29782 24617 27803
24617 27803 29782
27803 24617 29782
18537 21957 25601
25601 18537 21957
21957 18537 25601
15893 13048 23290
23290 13048 15893
13048 15893 23290
21443 24996 26428
24996 21443 26428
26428 21443 24996
897 19009 23788
19009 897 23788
23788 897 19009
5352 21650 26094
26094 5352 21650
21650 5352 26094
25926 7332 17711
7332 17711 25926
17711 7332 25926
18930 27172 29767
29767 18930 27172
27172 18930 29767
3756 11338 26688
26688 3756 11338
11338 3756 26688
26005 2244 3551
3551 2244 26005
2244 3551 26005
4243 11417 23184
11417 4243 23184
23184 4243 11417
13145 6677 22679
22679 6677 13145
6677 13145 22679
4819 1384 3295
1384 3295 4819
3295 1384 4819
14828 5253 29264
29264 5253 14828
5253 14828 29264
28650 4862 27920
4862 27920 28650
27920 4862 28650
20612 4500 7952
7952 4500 20612
4500 7952 20612
15768 1715 26974
26974 1715 15768
1715 15768 26974
22261 20008 24779
24779 20008 22261
20008 22261 24779
17776 12731 22141
22141 12731 17776
12731 17776 22141
19926 455 18635
18635 455 19926
455 18635 19926
7162 4238 24386
4238 7162 24386
24386 4238 7162
14786 557 3188
3188 557 14786
557 3188 14786
18335 2054 20775
20775 2054 18335
2054 18335 20775
25413 14483 24085
24085 14483 25413
14483 24085 25413
13725 9737 29692
29692 9737 13725
9737 13725 29692
21131 13413 18180
13413 18180 21131
18180 13413 21131
29257 21245 22417
22417 21245 29257
21245 22417 29257
20809 13867 20002
20002 13867 20809
13867 20002 20809
27016 25207 26671
25207 26671 27016
26671 25207 27016
120 12616 29828
12616 120 29828
29828 120 12616
1550 506 10773
10773 506 1550
506 1550 10773
5097 1637 12266
12266 1637 5097
1637 5097 12266
26909 2082 27074
2082 26909 27074
27074 2082 26909
17295 3624 7617
3624 7617 17295
7617 3624 17295
3811 21226 27254
27254 3811 21226
21226 3811 27254
20728 19070 25129
25129 19070 20728
19070 20728 25129
6476 3736 5462
5462 3736 6476
3736 5462 6476
24697 3442 17624
17624 3442 24697
3442 17624 24697
14052 15237 15812
15237 14052 15812
15812 14052 15237
467 15447 21936
15447 467 21936
21936 467 15447
25147 27284 29726
27284 25147 29726
29726 25147 27284
22135 12038 22648
12038 22135 22648
22648 12038 22135
813 7587 14778
14778 813 7587
7587 813 14778
14198 3931 7899
7899 3931 14198
3931 7899 14198
8174 3760 23200
3760 8174 23200
23200 3760 8174
18287 16984 27627
16984 18287 27627
27627 16984 18287
19229 11537 22959
11537 19229 22959
22959 11537 19229
21315 12637 26143
12637 21315 26143
26143 12637 21315
22314 3656 17918
17918 3656 22314
3656 17918 22314
11723 2051 17365
17365 2051 11723
2051 11723 17365
10684 2640 22464
2640 10684 22464
22464 2640 10684
7558 349 1353
1353 349 7558
349 1353 7558
3839 10479 19733
19733 3839 10479
10479 3839 19733
20168 1212 5962
1212 5962 20168
5962 1212 20168
3330 3464 14658
3464 3330 14658
14658 3330 3464
22847 20449 27224
27224 20449 22847
20449 22847 27224
24501 22282 24572
24572 22282 24501
22282 24501 24572
14600 2114 27800
27800 2114 14600
2114 14600 27800
4607 8652 18515
18515 4607 8652
8652 4607 18515
10356 16976 20522
20522 10356 16976
16976 10356 20522
9831 3900 17458
3900 9831 17458
17458 3900 9831
6299 23782 24100
23782 6299 24100
24100 6299 23782
24580 4898 11864
4898 11864 24580
11864 4898 24580
12426 17078 22754
22754 12426 17078
17078 12426 22754
9513 29556 29847
29556 9513 29847
29847 9513 29556
15703 11158 25594
25594 11158 15703
11158 15703 25594
29316 10075 21823
10075 21823 29316
21823 10075 29316
3874 18986 27696
18986 3874 27696
27696 3874 18986
6650 5493 6357
5493 6357 6650
6357 5493 6650
13654 439 16691
439 13654 16691
16691 439 13654
29519 2407 22392
2407 22392 29519
22392 2407 29519
14265 3350 18429
18429 3350 14265
3350 14265 18429
26668 26709 27203
27203 26668 26709
26709 26668 27203
23018 1742 23850
23850 1742 23018
1742 23018 23850
7497 4177 5496
4177 5496 7497
5496 4177 7497
21142 11958 26667
26667 11958 21142
11958 21142 26667
5849 16057 21727
21727 5849 16057
16057 5849 21727
973 1629 3957
1629 973 3957
3957 973 1629
29699 770 10188
770 10188 29699
10188 770 29699
29992 2655 20598
2655 20598 29992
20598 2655 29992
16313 8600 25612
25612 8600 16313
8600 16313 25612
25038 10784 22079
22079 10784 25038
10784 22079 25038
17804 2723 28690
28690 2723 17804
2723 17804 28690
15920 1392 12093
1392 12093 15920
12093 1392 15920
21784 8502 24445
24445 8502 21784
8502 21784 24445
22819 7493 23660
7493 22819 23660
23660 7493 22819
9874 15300 21715
15300 9874 21715
21715 9874 15300
20010 12353 15903
12353 15903 20010
15903 12353 20010
1888 6725 29615
6725 1888 29615
29615 1888 6725
16353 5300 7058
5300 7058 16353
7058 5300 16353
8543 8996 29095
29095 8543 8996
8996 8543 29095
28610 18498 29129
29129 18498 28610
18498 28610 29129
21258 4292 11291
4292 11291 21258
11291 4292 21258
9548 11589 19252
11589 9548 19252
19252 9548 11589
19314 1825 16371
16371 1825 19314
1825 16371 19314
25375 14068 26842
26842 14068 25375
14068 25375 26842
29160 7754 22657
7754 22657 29160
22657 7754 29160
3372 22978 23999
23999 3372 22978
22978 3372 23999
28095 1136 19288
1136 19288 28095
19288 1136 28095
15386 338 17331
338 15386 17331
17331 338 15386
5472 18911 28636
18911 5472 28636
28636 5472 18911
2516 8448 19559
8448 2516 19559
19559 2516 8448
4174 2740 11598
2740 4174 11598
11598 2740 4174
19772 5469 22688
22688 5469 19772
5469 19772 22688
3946 13053 15833
15833 3946 13053
13053 3946 15833
19969 23280 25791
23280 19969 25791
25791 19969 23280
18531 22855 27770
22855 18531 27770
27770 18531 22855
12783 20588 24715
20588 12783 24715
24715 12783 20588
795 2813 17244
2813 795 17244
17244 795 2813
5794 15918 21856
15918 5794 21856
21856 5794 15918
27363 9329 12629
12629 9329 27363
9329 12629 27363
7528 12514 27398
12514 7528 27398
27398 7528 12514
7003 21357 25039
25039 7003 21357
21357 7003 25039
16263 10769 27781
27781 10769 16263
10769 16263 27781
7377 12298 24931
24931 7377 12298
12298 7377 24931
14096 3956 21668
21668 3956 14096
3956 14096 21668
22941 6022 22304
22304 6022 22941
6022 22304 22941
19128 17639 22611
17639 19128 22611
22611 17639 19128
13908 10703 17777
10703 13908 17777
17777 10703 13908
1093 509 23547
509 1093 23547
23547 509 1093
17054 19025 25940
19025 17054 25940
25940 17054 19025
12554 5299 15770
5299 12554 15770
15770 5299 12554
25985 15383 18073
15383 18073 25985
18073 15383 25985
8631 4869 19032
19032 4869 8631
4869 8631 19032
8416 6478 16038
16038 6478 8416
6478 8416 16038
3733 8017 16061
8017 3733 16061
16061 3733 8017
24868 1802 11796
1802 11796 24868
11796 1802 24868
2507 14066 15854
14066 2507 15854
15854 2507 14066
27851 11486 26568
26568 11486 27851
11486 26568 27851
10508 144 26022
144 10508 26022
26022 144 10508
2674 6594 6971
6594 2674 6971
6971 2674 6594
11780 19731 21092
19731 11780 21092
21092 11780 19731
17405 9002 13189
9002 13189 17405
13189 9002 17405
20895 14373 26826
14373 20895 26826
26826 14373 20895
23896 2241 27418
27418 2241 23896
2241 23896 27418
19059 12140 16776
16776 12140 19059
12140 16776 19059
3564 8035 26704
26704 3564 8035
8035 3564 26704
4927 1155 25352
1155 4927 25352
25352 1155 4927
25040 23067 25396
23067 25040 25396
25396 23067 25040
12011 9739 28787
9739 12011 28787
28787 9739 12011
9618 15100 28711
28711 9618 15100
15100 9618 28711
18070 18347 25822
25822 18070 18347
18347 18070 25822
16679 20353 27656
27656 16679 20353
20353 16679 27656
21105 15076 23548
15076 21105 23548
23548 15076 21105
3051 9611 19046
19046 3051 9611
9611 3051 19046
16196 4272 24325
24325 4272 16196
4272 16196 24325
10494 11851 24720
24720 10494 11851
11851 10494 24720
10057 8798 28277
8798 10057 28277
28277 8798 10057
19145 3248 5392
3248 5392 19145
5392 3248 19145
14071 19992 23508
23508 14071 19992
19992 14071 23508
20673 2873 19004
19004 2873 20673
2873 19004 20673
27378 29621 29633
29633 27378 29621
29621 27378 29633
6225 1122 5090
5090 1122 6225
1122 5090 6225
15400 5638 23139
5638 15400 23139
23139 5638 15400
12427 11367 27123
11367 12427 27123
27123 11367 12427
263 1170 25694
1170 263 25694
25694 263 1170
13979 11989 14551
14551 11989 13979
11989 13979 14551
24369 48 2747
48 2747 24369
2747 48 24369
29062 18201 29729
18201 29062 29729
29729 18201 29062
7453 24391 27107
27107 7453 24391
24391 7453 27107
21465 628 19668
19668 628 21465
628 19668 21465
7011 6006 14712
6006 7011 14712
14712 6006 7011
8036 6119 11729
6119 8036 11729
11729 6119 8036
12492 6398 12428
6398 12428 12492
12428 6398 12492
18853 1506 26055
1506 18853 26055
26055 1506 18853
26116 3116 27015
27015 3116 26116
3116 26116 27015
18240 5604 14831
14831 5604 18240
5604 14831 18240
29195 10223 11671
10223 11671 29195
11671 10223 29195
6532 3175 27229
27229 3175 6532
3175 6532 27229
29244 7299 15741
7299 15741 29244
15741 7299 29244
21814 20863 24729
20863 21814 24729
24729 20863 21814
9294 2402 3505
2402 3505 9294
3505 2402 9294
23675 5394 24984
5394 23675 24984
24984 5394 23675
4815 12220 21060
12220 4815 21060
21060 4815 12220
1242 484 16767
484 1242 16767
16767 484 1242
16734 13478 26803
26803 13478 16734
13478 16734 26803
10568 17433 24849
24849 10568 17433
17433 10568 24849
22619 5983 6276
5983 6276 22619
6276 5983 22619
4316 6554 27193
6554 4316 27193
27193 4316 6554
18899 866 16690
866 16690 18899
16690 866 18899
27846 768 22958
768 22958 27846
22958 768 27846
13078 5964 18200
18200 5964 13078
5964 13078 18200
7903 1017 1524
1524 1017 7903
1017 1524 7903
18846 8173 29567
8173 18846 29567
29567 8173 18846
2202 261 11283
261 2202 11283
11283 261 2202
15102 15994 22430
22430 15102 15994
15994 15102 22430
27968 9941 16916
9941 16916 27968
16916 9941 27968
25197 5799 11874
5799 11874 25197
11874 5799 25197
102 23987 29613
23987 102 29613
29613 102 23987
1224 12415 26551
12415 1224 26551
26551 1224 12415
6376 20028 21762
20028 6376 21762
21762 6376 20028
11167 18353 28509
18353 11167 28509
28509 11167 18353
13250 3341 24728
24728 3341 13250
3341 13250 24728
3754 19442 25886
25886 3754 19442
19442 3754 25886
28950 12599 22972
22972 12599 28950
12599 22972 28950
16138 3568 26813
3568 16138 26813
26813 3568 16138
12359 12303 25332
12303 12359 25332
25332 12303 12359
24814 8533 14123
14123 8533 24814
8533 14123 24814
28094 11494 23697
23697 11494 28094
11494 23697 28094
27677 3742 23071
23071 3742 27677
3742 23071 27677
22535 7408 16414
16414 7408 22535
7408 16414 22535
24708 22909 28826
28826 22909 24708
22909 24708 28826
8670 13414 13714
13414 8670 13714
13714 8670 13414
6809 7251 21901
21901 6809 7251
7251 6809 21901
25793 6706 26068
6706 25793 26068
26068 6706 25793
18338 178 7234
178 7234 18338
7234 178 18338
13173 24724 29019
29019 13173 24724
24724 13173 29019
16385 4843 28021
4843 16385 28021
28021 4843 16385
14700 1945 9348
1945 9348 14700
9348 1945 14700
19989 9352 23762
23762 9352 19989
9352 19989 23762
23118 19148 19497
19497 19148 23118
19148 19497 23118
8891 20831 26054
26054 8891 20831
20831 8891 26054
8809 13154 15060
13154 8809 15060
15060 8809 13154
14395 2449 14450
14450 2449 14395
2449 14395 14450
8164 21749 29697
29697 8164 21749
21749 8164 29697
17943 8617 15808
8617 15808 17943
15808 8617 17943
17202 6768 9615
6768 9615 17202
9615 6768 17202
3646 7629 12567
7629 3646 12567
12567 3646 7629
20040 19994 20087
19994 20040 20087
20087 19994 20040
10238 21225 23655
23655 10238 21225
21225 10238 23655
21895 3324 4422
3324 4422 21895
4422 3324 21895
13314 18813 20177
20177 13314 18813
18813 13314 20177
22235 7566 19757
19757 7566 22235
7566 19757 22235
8845 3386 18248
18248 3386 8845
3386 8845 18248
12122 5267 15926
15926 5267 12122
5267 12122 15926
27554 2227 6200
6200 2227 27554
2227 6200 27554
529 2660 27963
2660 529 27963
27963 529 2660
27366 10009 12774
10009 12774 27366
12774 10009 27366
6080 6304 13642
6304 6080 13642
13642 6080 6304
27132 6214 18640
6214 18640 27132
18640 6214 27132
3882 5511 18210
18210 3882 5511
5511 3882 18210
10886 279 22258
22258 279 10886
279 10886 22258
14598 9850 15995
15995 9850 14598
9850 14598 15995
4998 22696 23729
22696 4998 23729
23729 4998 22696
18942 10698 20768
20768 10698 18942
10698 18942 20768
15838 14182 26065
14182 15838 26065
26065 14182 15838
13126 2253 6421
2253 6421 13126
6421 2253 13126
16115 11228 29945
11228 16115 29945
29945 11228 16115
22182 5075 16367
16367 5075 22182
5075 16367 22182
25935 3426 5341
5341 3426 25935
3426 5341 25935
28860 5318 11889
11889 5318 28860
5318 11889 28860
23345 13174 24903
24903 13174 23345
13174 23345 24903
27890 14495 20242
14495 20242 27890
20242 14495 27890
2237 1095 26264
26264 1095 2237
1095 2237 26264
28237 74 27788
74 27788 28237
27788 74 28237
6414 10464 26017
10464 6414 26017
26017 6414 10464
25098 14834 25262
25262 14834 25098
14834 25098 25262
6078 10034 23296
10034 6078 23296
23296 6078 10034
29770 23983 25391
23983 25391 29770
25391 23983 29770
20351 12522 14278
12522 14278 20351
14278 12522 20351
6335 3336 23929
3336 6335 23929
23929 3336 6335
14453 28060 28381
28381 14453 28060
28060 14453 28381
1901 5976 27717
27717 1901 5976
5976 1901 27717
3825 8673 16573
16573 3825 8673
8673 3825 16573
3221 14865 20492
20492 3221 14865
14865 3221 20492
4593 4904 20450
4904 4593 20450
20450 4593 4904
1110 8449 29689
8449 1110 29689
29689 1110 8449
7747 13655 22633
22633 7747 13655
13655 7747 22633
10143 1728 15446
15446 1728 10143
1728 10143 15446
29817 573 15667
15667 573 29817
573 15667 29817
21209 3287 28513
3287 21209 28513
28513 3287 21209
15791 577 2825
2825 577 15791
577 2825 15791
9734 5855 29288
5855 9734 29288
29288 5855 9734
5247 12797 24719
24719 5247 12797
12797 5247 24719
28425 11918 28249
28249 11918 28425
11918 28249 28425
9078 15202 25503
15202 9078 25503
25503 9078 15202
29856 4407 26486
4407 26486 29856
26486 4407 29856
28870 12662 24130
24130 12662 28870
12662 24130 28870
11365 1932 13088
1932 11365 13088
13088 1932 11365
29577 16046 24451
24451 16046 29577
16046 24451 29577
28285 777 8581
8581 777 28285
777 8581 28285
1900 4787 22771
22771 1900 4787
4787 1900 22771
8982 9363 26596
9363 8982 26596
26596 8982 9363
28841 2865 10142
10142 2865 28841
2865 10142 28841
28631 6364 10431
6364 10431 28631
10431 6364 28631
26725 19587 28131
19587 26725 28131
28131 19587 26725
27588 2265 23948
2265 23948 27588
23948 2265 27588
23012 4042 17083
17083 4042 23012
4042 17083 23012
27117 9630 26267
9630 26267 27117
26267 9630 27117
8443 15575 22845
22845 8443 15575
15575 8443 22845
5641 8113 27515
8113 5641 27515
27515 5641 8113
10212 25655 28562
28562 10212 25655
25655 10212 28562
8251 41 12596
41 8251 12596
12596 41 8251
26696 18410 28891
28891 18410 26696
18410 26696 28891
7806 18481 20251
18481 7806 20251
20251 7806 18481
19386 25 22644
22644 25 19386
25 19386 22644
4045 7881 16216
16216 4045 7881
7881 4045 16216
2634 9224 21259
9224 2634 21259
21259 2634 9224
26205 8720 14638
14638 8720 26205
8720 14638 26205
29285 6747 22873
6747 22873 29285
22873 6747 29285
26647 5722 9406
9406 5722 26647
5722 9406 26647
12619 11578 26666
11578 12619 26666
26666 11578 12619
23355 13330 13957
13957 13330 23355
13330 13957 23355
3066 5379 28971
5379 3066 28971
28971 3066 5379
17344 12192 19769
12192 17344 19769
19769 12192 17344
18212 1938 16580
16580 1938 18212
1938 16580 18212
8899 13408 29700
13408 8899 29700
29700 8899 13408
20754 17854 26888
26888 17854 20754
17854 20754 26888
24382 16770 26650
26650 16770 24382
16770 24382 26650
23319 5798 22910
5798 22910 23319
22910 5798 23319
18622 17085 19714
19714 17085 18622
17085 18622 19714
3117 26077 27273
27273 3117 26077
26077 3117 27273
21964 7215 14378
7215 14378 21964
14378 7215 21964
17576 10681 25400
25400 10681 17576
10681 17576 25400
3683 10824 23794
23794 3683 10824
10824 3683 23794
15365 13767 23724
23724 13767 15365
13767 15365 23724
17392 2730 13624
2730 13624 17392
13624 2730 17392
18931 7553 16056
16056 7553 18931
7553 16056 18931
20819 16022 29226
16022 20819 29226
29226 16022 20819
22142 21427 28211
28211 21427 22142
21427 22142 28211
25119 14129 24942
24942 14129 25119
14129 24942 25119
11480 14389 23234
23234 11480 14389
14389 11480 23234
1469 20355 28207
28207 1469 20355
20355 1469 28207
22353 16577 20401
20401 16577 22353
16577 20401 22353
18317 14756 18208
14756 18208 18317
18208 14756 18317
5971 16843 23997
16843 5971 23997
23997 5971 16843
7922 9042 10691
10691 7922 9042
9042 7922 10691
29529 14664 17775
14664 17775 29529
17775 14664 29529
25208 15888 28994
15888 25208 28994
28994 15888 25208
14156 22813 28866
22813 14156 28866
28866 14156 22813
22911 26611 29482
26611 22911 29482
29482 22911 26611
5905 4355 7508
4355 5905 7508
7508 4355 5905
16007 21412 24527
24527 16007 21412
21412 16007 24527
4438 28394 29151
29151 4438 28394
28394 4438 29151
9632 22997 29425
22997 9632 29425
29425 9632 22997
23720 6149 17167
17167 6149 23720
6149 17167 23720
27655 8999 13640
8999 13640 27655
13640 8999 27655
15677 2060 6888
6888 2060 15677
2060 6888 15677
21647 8864 26603
26603 8864 21647
8864 21647 26603
24446 22890 28295
28295 22890 24446
22890 24446 28295
12870 6757 15593
15593 6757 12870
6757 12870 15593
11005 6439 16814
6439 11005 16814
16814 6439 11005
27083 113 14759
113 14759 27083
14759 113 27083
6564 7409 24542
7409 6564 24542
24542 6564 7409
5057 7288 20942
7288 5057 20942
20942 5057 7288
25574 10636 12944
10636 12944 25574
12944 10636 25574
22426 7181 16687
7181 16687 22426
16687 7181 22426
13135 27596 29016
27596 13135 29016
29016 13135 27596
24844 6125 14403
14403 6125 24844
6125 14403 24844
11618 10990 14510
10990 11618 14510
14510 10990 11618
3260 3740 24297
24297 3260 3740
3740 3260 24297
28684 15894 22056
15894 22056 28684
22056 15894 28684
24681 18626 25028
18626 24681 25028
25028 18626 24681
25883 20483 23458
23458 20483 25883
20483 23458 25883
24693 19147 19530
19147 19530 24693
19530 19147 24693
25213 21266 22315
21266 22315 25213
22315 21266 25213
12193 8264 11413
8264 11413 12193
11413 8264 12193
13005 13117 27340
13117 13005 27340
27340 13005 13117
21064 27091 28949
28949 21064 27091
27091 21064 28949
25631 7399 24081
24081 7399 25631
7399 24081 25631
7236 51 23585
23585 51 7236
51 7236 23585
9175 10089 16526
16526 9175 10089
10089 9175 16526
25478 14178 29134
14178 25478 29134
29134 14178 25478
832 14060 22885
14060 832 22885
22885 832 14060
1249 19450 25501
19450 1249 25501
25501 1249 19450
2773 16331 22298
22298 2773 16331
16331 2773 22298
11503 12875 15732
12875 11503 15732
15732 11503 12875
8086 7630 22309
7630 8086 22309
22309 7630 8086
19162 6452 8937
6452 8937 19162
8937 6452 19162
11867 21554 22488
21554 11867 22488
22488 11867 21554
2613 10529 29372
10529 2613 29372
29372 2613 10529
22643 21755 24019
21755 22643 24019
24019 21755 22643
22106 16991 28005
28005 16991 22106
16991 22106 28005
1670 27686 29419
27686 1670 29419
29419 1670 27686
12145 7227 29290
29290 7227 12145
7227 12145 29290
22549 2780 15431
15431 2780 22549
2780 15431 22549
26763 25176 25698
25698 25176 26763
25176 25698 26763
22783 7405 21903
21903 7405 22783
7405 21903 22783
16465 10510 11909
10510 11909 16465
11909 10510 16465
14016 23728 24945
23728 14016 24945
24945 14016 23728
2014 6267 9213
9213 2014 6267
6267 2014 9213
17856 1414 23838
1414 17856 23838
23838 1414 17856
13873 12754 26324
12754 13873 26324
26324 12754 13873
80 5439 15762
15762 80 5439
5439 80 15762
27862 7296 22475
7296 22475 27862
22475 7296 27862
8438 147 16643
16643 147 8438
147 8438 16643
24326 23963 25081
23963 24326 25081
25081 23963 24326
14135 2168 6215
6215 2168 14135
2168 6215 14135
21562 4552 24305
4552 21562 24305
24305 4552 21562
15714 19531 26873
19531 15714 26873
26873 15714 19531
23153 21192 25142
21192 23153 25142
25142 21192 23153
13449 10331 11973
11973 10331 13449
10331 11973 13449
8765 2557 10873
10873 2557 8765
2557 8765 10873
12692 10748 10802
10802 10748 12692
10748 10802 12692
10570 1405 11308
1405 10570 11308
11308 1405 10570
5973 1960 12740
1960 5973 12740
12740 1960 5973
23007 17010 18674
18674 17010 23007
17010 18674 23007
17616 6638 20904
6638 17616 20904
20904 6638 17616
23229 1290 10490
10490 1290 23229
1290 10490 23229
9334 1231 15844
1231 9334 15844
15844 1231 9334
21951 12404 16955
12404 16955 21951
16955 12404 21951
17971 8897 10460
10460 8897 17971
8897 10460 17971
7908 13343 29711
13343 7908 29711
29711 7908 13343
5993 27089 28141
28141 5993 27089
27089 5993 28141
27060 10594 17233
10594 17233 27060
17233 10594 27060
11763 14131 29618
14131 11763 29618
29618 11763 14131
20892 3556 3708
3556 3708 20892
3708 3556 20892
23052 493 19578
19578 493 23052
493 19578 23052
16856 12417 24605
12417 16856 24605
24605 12417 16856
6618 7294 23461
7294 6618 23461
23461 6618 7294
28494 8579 25570
8579 25570 28494
25570 8579 28494
18165 2743 10782
2743 10782 18165
10782 2743 18165
11484 4561 7604
7604 4561 11484
4561 7604 11484
6043 6604 28833
28833 6043 6604
6604 6043 28833
10838 12437 29905
29905 10838 12437
12437 10838 29905
28435 1866 13246
13246 1866 28435
1866 13246 28435
13760 21358 25306
25306 13760 21358
21358 13760 25306
6227 2530 28467
2530 6227 28467
28467 2530 6227
171 14741 16252
16252 171 14741
14741 171 16252
1371 12593 19842
19842 1371 12593
12593 1371 19842
7646 5910 9520
5910 7646 9520
9520 5910 7646
20677 2395 6882
2395 6882 20677
6882 2395 20677
2803 9700 22405
9700 2803 22405
22405 2803 9700
21145 5525 24889
5525 21145 24889
24889 5525 21145
11905 993 13204
13204 993 11905
993 11905 13204
10544 3502 6450
6450 3502 10544
3502 6450 10544
13219 16354 17075
17075 13219 16354
16354 13219 17075
698 4481 10190
10190 698 4481
4481 698 10190
1544 22905 22981
22981 1544 22905
22905 1544 22981
25351 8342 17114
17114 8342 25351
8342 17114 25351
24434 4106 10071
4106 10071 24434
10071 4106 24434
24149 4324 29486
4324 24149 29486
29486 4324 24149
26172 3773 19625
19625 3773 26172
3773 19625 26172
3731 4972 18454
4972 3731 18454
18454 3731 4972
2764 1186 17887
17887 1186 2764
1186 2764 17887
17817 2574 19604
19604 2574 17817
2574 17817 19604
4225 18956 25860
18956 4225 25860
25860 4225 18956
11781 1793 13144
1793 11781 13144
13144 1793 11781
15171 15003 16870
15003 15171 16870
16870 15003 15171
21602 11919 22861
22861 11919 21602
11919 21602 22861
15584 4346 7364
4346 7364 15584
7364 4346 15584
22136 10418 12341
10418 12341 22136
12341 10418 22136
17432 10578 28754
28754 10578 17432
10578 17432 28754
28591 7101 12712
12712 7101 28591
7101 12712 28591
7943 3824 19490
3824 7943 19490
19490 3824 7943
5873 2282 16112
2282 5873 16112
16112 2282 5873
16219 605 24494
24494 605 16219
605 16219 24494
20317 5221 18450
5221 18450 20317
18450 5221 20317
5715 2997 4860
4860 2997 5715
2997 4860 5715
5663 2387 14452
14452 2387 5663
2387 5663 14452
18241 20808 22109
20808 18241 22109
22109 18241 20808
2219 13293 26918
26918 2219 13293
13293 2219 26918
14313 6243 24492
24492 6243 14313
6243 14313 24492
9105 7658 16177
7658 9105 16177
16177 7658 9105
3183 12269 15699
12269 3183 15699
15699 3183 12269
10641 10790 29451
29451 10641 10790
10790 10641 29451
5350 9064 27533
27533 5350 9064
9064 5350 27533
27744 13717 19019
19019 13717 27744
13717 19019 27744
18926 11611 14285
11611 14285 18926
14285 11611 18926
8456 9068 28226
9068 8456 28226
28226 8456 9068
24293 12935 26695
26695 12935 24293
12935 24293 26695
21920 3152 6863
3152 6863 21920
6863 3152 21920
21735 21815 27244
21815 21735 27244
27244 21735 21815
29006 14040 15264
14040 15264 29006
15264 14040 29006
17797 10809 21004
10809 17797 21004
21004 10809 17797
15200 16674 16828
16674 15200 16828
16828 15200 16674
11700 3611 11217
3611 11217 11700
11217 3611 11700
21459 12829 29269
12829 21459 29269
29269 12829 21459
16457 5048 14975
5048 14975 16457
14975 5048 16457
7350 3833 4777
4777 3833 7350
3833 4777 7350
26994 674 29507
29507 674 26994
674 26994 29507
20188 13231 29710
29710 13231 20188
13231 20188 29710
12548 4957 27757
27757 4957 12548
4957 12548 27757
26821 5828 23177
5828 23177 26821
23177 5828 26821
2746 8356 24832
24832 2746 8356
8356 2746 24832
1030 13268 28416
28416 1030 13268
13268 1030 28416
6507 3039 21538
3039 6507 21538
21538 3039 6507
26477 13267 27023
27023 13267 26477
13267 26477 27023
6786 16626 26854
16626 6786 26854
26854 6786 16626
25227 1609 22492
1609 22492 25227
22492 1609 25227
3202 18586 26072
18586 3202 26072
26072 3202 18586
16273 1338 24185
24185 1338 16273
1338 16273 24185
13102 1401 26653
1401 13102 26653
26653 1401 13102
2156 1635 2838
2838 1635 2156
1635 2156 2838
4330 13313 24243
13313 4330 24243
24243 4330 13313
13099 8585 29065
29065 8585 13099
8585 13099 29065
11205 13897 25366
13897 11205 25366
25366 11205 13897
8973 6885 29106
6885 8973 29106
29106 6885 8973
15970 7759 10740
7759 10740 15970
10740 7759 15970
9036 22835 24669
24669 9036 22835
22835 9036 24669
26145 14262 18322
14262 18322 26145
18322 14262 26145
26677 4936 18505
4936 18505 26677
18505 4936 26677
12347 21943 25480
25480 12347 21943
21943 12347 25480
9091 5742 20277
5742 9091 20277
20277 5742 9091
20073 13938 17235
17235 13938 20073
13938 17235 20073
4618 8316 9964
8316 4618 9964
9964 4618 8316
12368 3242 5959
5959 3242 12368
3242 5959 12368
16564 4923 25888
25888 4923 16564
4923 16564 25888
22108 3210 27787
3210 22108 27787
27787 3210 22108
29939 2864 9200
2864 9200 29939
9200 2864 29939
5810 19982 20963
19982 5810 20963
20963 5810 19982
4315 1028 17213
17213 1028 4315
1028 4315 17213
20695 416 647
647 416 20695
416 647 20695
26468 517 14766
517 14766 26468
14766 517 26468
15572 9935 18137
18137 9935 15572
9935 15572 18137
5831 13920 27453
27453 5831 13920
13920 5831 27453
14506 14255 18447
14255 14506 18447
18447 14255 14506
20944 2047 12170
12170 2047 20944
2047 12170 20944
20783 660 6556
660 6556 20783
6556 660 20783
1541 11301 13375
11301 1541 13375
13375 1541 11301
25225 6055 29105
6055 25225 29105
29105 6055 25225
13627 13452 26037
26037 13452 13627
13452 13627 26037
14514 9382 20602
20602 9382 14514
9382 14514 20602
17665 14513 22735
22735 14513 17665
14513 17665 22735
17581 16667 26452
26452 16667 17581
16667 17581 26452
19640 11603 24838
24838 11603 19640
11603 19640 24838
24710 19432 23604
19432 23604 24710
23604 19432 24710
15057 20924 21039
21039 15057 20924
20924 15057 21039
6238 16686 27068
27068 6238 16686
16686 6238 27068
11225 18285 29315
18285 11225 29315
29315 11225 18285
24403 18110 25779
18110 24403 25779
25779 18110 24403
15166 7675 11416
11416 7675 15166
7675 11416 15166
2061 25117 28065
28065 2061 25117
25117 2061 28065
7458 2278 23339
2278 7458 23339
23339 2278 7458
24067 4342 14998
14998 4342 24067
4342 14998 24067
22179 5677 18675
18675 5677 22179
5677 18675 22179
21185 21716 24873
21716 21185 24873
24873 21185 21716
27268 11240 20663
11240 20663 27268
20663 11240 27268
6558 339 24965
24965 339 6558
339 6558 24965
19737 14022 29739
14022 19737 29739
29739 14022 19737
13604 726 10424
10424 726 13604
726 10424 13604
25973 3948 6938
6938 3948 25973
3948 6938 25973
5562 15442 16387
16387 5562 15442
15442 5562 16387
18153 1129 2209
1129 2209 18153
2209 1129 18153
8859 1002 9259
1002 8859 9259
9259 1002 8859
23460 786 17326
786 17326 23460
17326 786 23460
22380 8197 23998
8197 22380 23998
23998 8197 22380
8637 2380 26601
26601 2380 8637
2380 8637 26601
24197 2904 17502
2904 17502 24197
17502 2904 24197
3693 21436 21521
21436 3693 21521
21521 3693 21436
4902 5215 15093
5215 4902 15093
15093 4902 5215
9687 16986 26889
26889 9687 16986
16986 9687 26889
21911 16265 24253
24253 16265 21911
16265 21911 24253
790 12792 24515
12792 790 24515
24515 790 12792
1480 3722 4180
4180 1480 3722
3722 1480 4180
12732 19785 25073
25073 12732 19785
19785 12732 25073
24194 10707 23477
10707 23477 24194
23477 10707 24194
14049 409 11004
409 11004 14049
11004 409 14049
6196 28736 29761
29761 6196 28736
28736 6196 29761
546 15510 25702
15510 546 25702
25702 546 15510
24498 1538 8612
1538 8612 24498
8612 1538 24498
5553 7452 15272
15272 5553 7452
7452 5553 15272
22396 3123 26124
3123 22396 26124
26124 3123 22396
2831 3218 27436
27436 2831 3218
3218 2831 27436
22344 6429 22787
6429 22344 22787
22787 6429 22344
18120 11561 16158
16158 11561 18120
11561 16158 18120
25393 6828 13358
13358 6828 25393
6828 13358 25393
27471 2739 9886
2739 9886 27471
9886 2739 27471
8711 1551 24336
1551 8711 24336
24336 1551 8711
301 4313 13347
4313 301 13347
13347 301 4313
18451 12459 18144
18144 12459 18451
12459 18144 18451
25865 3037 26471
3037 25865 26471
26471 3037 25865
4258 9127 20828
9127 4258 20828
20828 4258 9127
24626 7303 9805
7303 9805 24626
9805 7303 24626
10407 15512 20053
20053 10407 15512
15512 10407 20053
1668 3786 9160
3786 1668 9160
9160 1668 3786
22806 21473 26980
21473 22806 26980
26980 21473 22806
15230 1034 15163
1034 15163 15230
15163 1034 15230
11921 4643 22166
22166 4643 11921
4643 11921 22166
16961 1440 15710
1440 15710 16961
15710 1440 16961
10746 2234 11063
11063 2234 10746
2234 10746 11063
9031 14679 23095
23095 9031 14679
14679 9031 23095
15944 5960 16765
16765 5960 15944
5960 15944 16765
6836 3776 12963
12963 3776 6836
3776 6836 12963
7193 17503 21573
17503 7193 21573
21573 7193 17503
2877 6655 25872
25872 2877 6655
6655 2877 25872
29038 2959 19936
2959 19936 29038
19936 2959 29038
14720 19784 23914
23914 14720 19784
19784 14720 23914
24393 9250 11582
11582 9250 24393
9250 11582 24393
15792 7514 22052
7514 15792 22052
22052 7514 15792
19281 4082 26426
26426 4082 19281
4082 19281 26426
18777 1331 28641
28641 1331 18777
1331 18777 28641
7727 12034 25991
12034 7727 25991
25991 7727 12034
19121 128 15654
15654 128 19121
128 15654 19121
29587 17350 18631
18631 17350 29587
17350 18631 29587
11882 19341 26246
19341 11882 26246
26246 11882 19341
14186 188 9345
188 9345 14186
9345 188 14186
191 6065 18509
18509 191 6065
6065 191 18509
11277 8159 25486
25486 8159 11277
8159 11277 25486
11194 9896 24400
24400 9896 11194
9896 11194 24400
11824 3013 9479
9479 3013 11824
3013 9479 11824
21662 428 16036
16036 428 21662
428 16036 21662
19110 9777 17995
9777 17995 19110
17995 9777 19110
4544 6540 10375
10375 4544 6540
6540 4544 10375
10566 14360 21455
21455 10566 14360
14360 10566 21455
6535 20246 21260
20246 6535 21260
21260 6535 20246
7411 4434 28197
28197 4434 7411
4434 7411 28197
3934 14482 26959
14482 3934 26959
26959 3934 14482
21818 7454 27391
7454 21818 27391
27391 7454 21818
18565 1805 15936
1805 15936 18565
15936 1805 18565
24599 4439 25647
4439 24599 25647
25647 4439 24599
12300 15059 19670
15059 12300 19670
19670 12300 15059
