67 60 183
60 67 183
183 60 67
294 162 177
162 177 294
177 162 294
179 32 178
178 32 179
32 178 179
70 19 93
93 19 70
19 70 93
153 158 225
225 153 158
158 153 225
101 6 109
109 6 101
6 101 109
278 12 297
12 278 297
297 12 278
190 81 232
232 81 190
81 190 232
42 3 75
3 42 75
75 3 42
265 176 262
176 262 265
262 176 265
111 175 192
175 111 192
192 111 175
151 13 34
34 13 151
13 34 151
36 24 50
24 36 50
50 24 36
292 11 293
293 11 292
11 292 293
299 18 263
263 18 299
18 263 299
197 213 273
273 197 213
213 197 273
55 117 164
164 55 117
117 55 164
77 106 204
204 77 106
106 77 204
47 209 233
233 47 209
209 47 233
124 4 205
205 4 124
4 124 205
57 2 284
284 2 57
2 57 284
208 10 15
10 15 208
15 10 208
251 105 272
105 251 272
272 105 251
126 118 253
118 126 253
253 118 126
27 159 165
165 27 159
159 27 165
22 142 238
238 22 142
142 22 238
157 148 254
148 157 254
254 148 157
283 56 206
56 206 283
206 56 283
99 211 218
218 99 211
211 99 218
281 72 194
194 72 281
72 194 281
215 97 145
145 97 215
97 145 215
131 21 140
140 21 131
21 131 140
51 84 300
84 51 300
300 51 84
285 137 288
137 285 288
288 137 285
128 114 264
264 114 128
114 128 264
287 31 249
31 249 287
249 31 287
280 136 216
136 216 280
216 136 280
169 68 161
68 161 169
161 68 169
182 78 150
78 150 182
150 78 182
202 35 220
220 35 202
35 202 220
200 23 229
229 23 200
23 200 229
210 5 277
5 210 277
277 5 210
112 33 181
33 112 181
181 33 112
246 133 193
133 193 246
193 133 246
286 198 248
248 198 286
198 248 286
40 138 201
201 40 138
138 40 201
130 100 115
100 115 130
115 100 130
298 82 91
91 82 298
82 91 298
212 149 163
163 149 212
149 163 212
295 20 235
235 20 295
20 235 295
291 17 107
17 107 291
107 17 291
76 260 279
260 76 279
279 76 260
226 88 227
88 226 227
227 88 226
62 30 189
189 30 62
30 62 189
127 129 139
129 127 139
139 127 129
123 98 152
152 98 123
98 123 152
85 143 244
143 85 244
244 85 143
92 228 270
270 92 228
228 92 270
63 1 87
1 63 87
87 1 63
95 71 203
203 71 95
71 95 203
96 147 242
147 96 242
242 96 147
49 134 171
171 49 134
134 49 171
240 7 116
116 7 240
7 116 240
41 207 236
236 41 207
207 41 236
184 29 250
29 184 250
250 29 184
37 28 266
28 37 266
266 28 37
59 90 186
186 59 90
90 59 186
217 83 108
83 108 217
108 83 217
166 86 276
276 86 166
86 166 276
146 104 135
104 135 146
135 104 146
65 258 268
268 65 258
258 65 268
245 168 219
219 168 245
168 219 245
243 79 289
79 243 289
289 79 243
38 89 187
187 38 89
89 38 187
237 48 269
269 48 237
48 237 269
257 45 69
45 69 257
69 45 257
172 170 174
170 172 174
174 170 172
121 16 74
16 74 121
74 16 121
102 154 188
188 102 154
154 102 188
132 103 241
103 132 241
241 103 132
234 120 185
185 120 234
120 185 234
230 110 191
110 191 230
191 110 230
26 61 66
66 26 61
61 26 66
64 125 275
125 64 275
275 64 125
290 39 94
39 94 290
94 39 290
80 247 255
247 80 255
255 80 247
271 46 231
231 46 271
46 231 271
44 73 261
73 44 261
261 44 73
14 25 223
25 14 223
223 14 25
224 221 282
221 224 282
282 221 224
43 113 222
222 43 113
113 43 222
180 58 252
252 58 180
58 180 252
54 53 199
53 54 199
199 53 54
196 173 267
267 173 196
173 196 267
167 8 256
256 8 167
8 167 256
52 259 296
296 52 259
259 52 296
119 160 239
239 119 160
160 119 239
274 9 214
9 214 274
214 9 274
122 144 156
156 122 144
144 122 156
155 141 195
141 155 195
195 141 155
