18000 7325 18619
7325 18000 18619
18619 7325 18000
19379 2283 22600
2283 19379 22600
22600 2283 19379
26882 3224 20247
20247 3224 26882
3224 20247 26882
7067 13571 29868
13571 7067 29868
29868 7067 13571
12838 10939 14712
14712 10939 12838
10939 12838 14712
9682 14613 26100
14613 9682 26100
26100 9682 14613
4097 12642 24657
24657 4097 12642
12642 4097 24657
16613 15201 15532
15201 15532 16613
15532 15201 16613
21628 9949 12598
9949 12598 21628
12598 9949 21628
16604 16007 17955
17955 16007 16604
16007 16604 17955
7281 5065 18561
18561 5065 7281
5065 7281 18561
18397 8612 11309
8612 11309 18397
11309 8612 18397
9338 3910 20082
3910 9338 20082
20082 3910 9338
14134 10300 16983
16983 10300 14134
10300 14134 16983
12801 14088 24104
24104 12801 14088
14088 12801 24104
26143 13873 29861
29861 13873 26143
13873 26143 29861
6859 12251 24621
12251 6859 24621
24621 6859 12251
1953 5088 23816
23816 1953 5088
5088 1953 23816
10446 10604 13583
13583 10446 10604
10604 10446 13583
24251 10717 28415
10717 24251 28415
28415 10717 24251
21902 9105 27557
27557 9105 21902
9105 21902 27557
9870 1686 26008
26008 1686 9870
1686 9870 26008
17918 15046 20313
15046 17918 20313
20313 15046 17918
7876 3844 29117
29117 3844 7876
3844 7876 29117
27112 10304 23398
23398 10304 27112
10304 23398 27112
17689 11603 15828
15828 11603 17689
11603 15828 17689
27331 803 14574
14574 803 27331
803 14574 27331
23795 7514 10216
7514 10216 23795
10216 7514 23795
29429 9033 17614
9033 17614 29429
17614 9033 29429
21420 2369 6390
6390 2369 21420
2369 6390 21420
10131 857 28128
857 10131 28128
28128 857 10131
9443 10354 27455
27455 9443 10354
10354 9443 27455
944 7657 13377
13377 944 7657
7657 944 13377
17570 6795 25511
25511 6795 17570
6795 17570 25511
25199 13027 29100
29100 13027 25199
13027 25199 29100
6780 12929 24029
24029 6780 12929
12929 6780 24029
9883 12830 25535
25535 9883 12830
12830 9883 25535
7150 1167 27890
27890 1167 7150
1167 7150 27890
11834 2214 12342
2214 11834 12342
12342 2214 11834
20229 9290 18792
9290 18792 20229
18792 9290 20229
27803 14996 20602
20602 14996 27803
14996 20602 27803
7370 13628 28831
13628 7370 28831
28831 7370 13628
17103 8685 18532
18532 8685 17103
8685 17103 18532
15731 15053 29852
15053 15731 29852
29852 15053 15731
27061 6681 11191
11191 6681 27061
6681 11191 27061
17920 8912 9432
9432 8912 17920
8912 9432 17920
27747 3918 8266
3918 8266 27747
8266 3918 27747
26275 15361 16681
16681 15361 26275
15361 16681 26275
23694 14502 21198
14502 21198 23694
21198 14502 23694
23244 24021 28006
28006 23244 24021
24021 23244 28006
26956 11594 19094
19094 11594 26956
11594 19094 26956
12771 25934 26094
25934 12771 26094
26094 12771 25934
26230 20895 27675
27675 20895 26230
20895 26230 27675
13526 11474 12868
11474 12868 13526
12868 11474 13526
9280 20978 25611
20978 9280 25611
25611 9280 20978
28705 7278 24590
24590 7278 28705
7278 24590 28705
21040 21314 29304
29304 21040 21314
21314 21040 29304
27637 15616 27118
27118 15616 27637
15616 27118 27637
10297 3449 3990
3449 3990 10297
3990 3449 10297
9139 8082 20940
8082 9139 20940
20940 8082 9139
14566 703 1631
1631 703 14566
703 1631 14566
2721 21426 22089
21426 2721 22089
22089 2721 21426
6778 10920 22438
22438 6778 10920
10920 6778 22438
14398 2970 27087
27087 2970 14398
2970 14398 27087
25021 19668 20576
19668 20576 25021
20576 19668 25021
22419 4669 27861
4669 22419 27861
27861 4669 22419
13265 22809 27520
27520 13265 22809
22809 13265 27520
11134 4165 12871
12871 4165 11134
4165 11134 12871
26747 6696 16513
16513 6696 26747
6696 16513 26747
20278 3389 20037
20037 3389 20278
3389 20037 20278
1258 13227 24654
13227 1258 24654
24654 1258 13227
6949 7045 11801
7045 6949 11801
11801 6949 7045
6981 17392 19996
19996 6981 17392
17392 6981 19996
13491 413 20715
413 13491 20715
20715 413 13491
7235 13235 25513
25513 7235 13235
13235 7235 25513
9589 10177 25375
10177 9589 25375
25375 9589 10177
7817 2174 28240
2174 7817 28240
28240 2174 7817
22951 9642 22933
9642 22933 22951
22933 9642 22951
6914 8333 8400
8400 6914 8333
8333 6914 8400
23505 22378 29621
22378 23505 29621
29621 22378 23505
13891 13323 28766
28766 13323 13891
13323 13891 28766
4789 3665 6285
3665 4789 6285
6285 3665 4789
758 2544 18280
18280 758 2544
2544 758 18280
16580 5275 13944
13944 5275 16580
5275 13944 16580
12643 6467 24150
24150 6467 12643
6467 12643 24150
27782 20769 24372
24372 20769 27782
20769 24372 27782
3569 4217 22925
4217 3569 22925
22925 3569 4217
7533 5905 12939
5905 7533 12939
12939 5905 7533
23193 12347 23908
23908 12347 23193
12347 23193 23908
6903 9349 25065
25065 6903 9349
9349 6903 25065
21842 12015 26909
12015 21842 26909
26909 12015 21842
27260 6997 24536
24536 6997 27260
6997 24536 27260
21533 12357 20099
12357 20099 21533
20099 12357 21533
5715 15339 17763
17763 5715 15339
15339 5715 17763
7060 9841 15190
9841 7060 15190
15190 7060 9841
13356 16482 17081
17081 13356 16482
16482 13356 17081
24969 11160 29928
11160 24969 29928
29928 11160 24969
9468 4618 29123
4618 9468 29123
29123 4618 9468
11201 8253 24961
24961 8253 11201
8253 11201 24961
9011 1473 4537
1473 4537 9011
4537 1473 9011
14697 2808 27710
27710 2808 14697
2808 14697 27710
24943 14324 29496
29496 14324 24943
14324 24943 29496
2070 13439 24853
13439 2070 24853
24853 2070 13439
10184 16346 19663
16346 10184 19663
19663 10184 16346
5780 23878 24433
24433 5780 23878
23878 5780 24433
2057 15064 27950
27950 2057 15064
15064 2057 27950
6556 2331 14939
2331 6556 14939
14939 2331 6556
14415 12155 14663
12155 14415 14663
14663 12155 14415
7881 23747 23951
23747 7881 23951
23951 7881 23747
26719 8064 29625
8064 26719 29625
29625 8064 26719
13452 10299 14198
14198 10299 13452
10299 13452 14198
15835 15127 28536
15127 15835 28536
28536 15127 15835
22784 7184 16754
7184 16754 22784
16754 7184 22784
25655 8780 19842
8780 19842 25655
19842 8780 25655
9492 2357 14749
2357 9492 14749
14749 2357 9492
2784 22461 26943
26943 2784 22461
22461 2784 26943
20122 18965 26758
26758 18965 20122
18965 20122 26758
30000 7864 17914
7864 17914 30000
17914 7864 30000
21009 222 2189
222 2189 21009
2189 222 21009
27149 9414 17503
17503 9414 27149
9414 17503 27149
23190 3731 14894
3731 14894 23190
14894 3731 23190
26406 2361 27704
27704 2361 26406
2361 26406 27704
25458 15018 26811
15018 25458 26811
26811 15018 25458
27563 9295 28378
9295 27563 28378
28378 9295 27563
2833 13068 18717
18717 2833 13068
13068 2833 18717
7200 23287 24634
24634 7200 23287
23287 7200 24634
7255 15634 25534
25534 7255 15634
15634 7255 25534
11119 14792 15255
14792 11119 15255
15255 11119 14792
5510 11671 11736
11736 5510 11671
11671 5510 11736
15250 17266 21572
21572 15250 17266
17266 15250 21572
23497 3429 28242
28242 3429 23497
3429 23497 28242
2863 13042 29536
13042 2863 29536
29536 2863 13042
21852 1590 12161
1590 12161 21852
12161 1590 21852
27286 21293 27651
27651 21293 27286
21293 27286 27651
10557 2785 7793
7793 2785 10557
2785 7793 10557
3304 748 18710
18710 748 3304
748 3304 18710
7784 5999 18058
18058 5999 7784
5999 7784 18058
3177 2523 18368
18368 2523 3177
2523 3177 18368
1352 586 29669
586 1352 29669
29669 586 1352
9313 5498 10134
5498 9313 10134
10134 5498 9313
17106 1408 18407
1408 17106 18407
18407 1408 17106
29833 15065 16982
15065 16982 29833
16982 15065 29833
20351 16079 27402
16079 20351 27402
27402 16079 20351
22568 1708 7974
1708 7974 22568
7974 1708 22568
12654 12736 19618
12736 12654 19618
19618 12654 12736
24733 9692 13207
13207 9692 24733
9692 13207 24733
29777 15429 26464
15429 26464 29777
26464 15429 29777
8276 7361 27219
7361 8276 27219
27219 7361 8276
26252 3582 21633
21633 3582 26252
3582 21633 26252
23389 2348 24675
24675 2348 23389
2348 23389 24675
16144 9274 9588
9274 9588 16144
9588 9274 16144
13304 5469 8686
5469 8686 13304
8686 5469 13304
15040 22836 27131
22836 15040 27131
27131 15040 22836
8047 13078 14628
13078 8047 14628
14628 8047 13078
12955 16220 17942
17942 12955 16220
16220 12955 17942
3079 6245 6547
6547 3079 6245
6245 3079 6547
8791 2687 22954
22954 2687 8791
2687 8791 22954
20924 411 20411
411 20411 20924
20411 411 20924
3831 1888 9973
9973 1888 3831
1888 3831 9973
5477 9240 15790
9240 5477 15790
15790 5477 9240
9898 15637 17221
15637 9898 17221
17221 9898 15637
20582 8665 15897
15897 8665 20582
8665 15897 20582
15219 14768 27095
14768 15219 27095
27095 14768 15219
27496 15139 22532
15139 22532 27496
22532 15139 27496
4966 3545 6086
3545 4966 6086
6086 3545 4966
11817 1860 10238
10238 1860 11817
1860 10238 11817
23983 6572 13044
6572 13044 23983
13044 6572 23983
29247 5851 10773
5851 10773 29247
10773 5851 29247
901 5232 20390
5232 901 20390
20390 901 5232
5181 13148 16316
13148 5181 16316
16316 5181 13148
28069 22760 28313
28313 22760 28069
22760 28069 28313
10982 2775 5842
5842 2775 10982
2775 5842 10982
27049 14045 27684
27684 14045 27049
14045 27049 27684
28500 10202 12408
10202 12408 28500
12408 10202 28500
22864 6189 25362
6189 22864 25362
25362 6189 22864
11378 20004 21180
20004 11378 21180
21180 11378 20004
22763 1529 9272
9272 1529 22763
1529 9272 22763
26384 22275 28085
28085 22275 26384
22275 26384 28085
29900 14362 21798
14362 21798 29900
21798 14362 29900
23751 11083 18771
11083 18771 23751
18771 11083 23751
26820 26542 26800
26542 26800 26820
26800 26542 26820
12243 20721 22556
20721 12243 22556
22556 12243 20721
5766 1234 3145
1234 3145 5766
3145 1234 5766
16460 5996 21929
21929 5996 16460
5996 16460 21929
5169 9145 22025
22025 5169 9145
9145 5169 22025
26962 17537 25222
17537 25222 26962
25222 17537 26962
25989 3769 5900
3769 5900 25989
5900 3769 25989
29164 2483 11440
2483 11440 29164
11440 2483 29164
8807 7102 22220
22220 7102 8807
7102 8807 22220
3855 4601 20993
20993 3855 4601
4601 3855 20993
9099 16641 29768
16641 9099 29768
29768 9099 16641
3072 12007 12021
12021 3072 12007
12007 3072 12021
6429 14403 15322
15322 6429 14403
14403 6429 15322
5019 12296 13140
13140 5019 12296
12296 5019 13140
26579 197 24646
24646 197 26579
197 24646 26579
11981 23516 26590
26590 11981 23516
23516 11981 26590
245 3370 19456
3370 245 19456
19456 245 3370
27516 2001 4935
2001 4935 27516
4935 2001 27516
4488 5984 24085
5984 4488 24085
24085 4488 5984
20532 8269 9735
8269 9735 20532
9735 8269 20532
26921 13313 19404
13313 19404 26921
19404 13313 26921
24598 11406 28346
11406 24598 28346
28346 11406 24598
17155 2319 25002
25002 2319 17155
2319 17155 25002
12802 237 21109
21109 237 12802
237 12802 21109
5236 163 9905
9905 163 5236
163 5236 9905
7048 4946 15490
4946 7048 15490
15490 4946 7048
7442 3453 27515
3453 7442 27515
27515 3453 7442
2548 12486 28080
12486 2548 28080
28080 2548 12486
20169 14127 25977
14127 20169 25977
25977 14127 20169
9606 8797 29253
29253 8797 9606
8797 9606 29253
2887 17243 25631
25631 2887 17243
17243 2887 25631
2831 5394 19638
5394 2831 19638
19638 2831 5394
12506 19711 26986
19711 12506 26986
26986 12506 19711
21843 407 12097
407 12097 21843
12097 407 21843
26961 9776 28210
28210 9776 26961
9776 26961 28210
18951 22868 25451
25451 18951 22868
22868 18951 25451
25612 14018 14117
14018 14117 25612
14117 14018 25612
8229 22353 28702
22353 8229 28702
28702 8229 22353
18585 19426 29242
19426 18585 29242
29242 18585 19426
1065 6441 24247
24247 1065 6441
6441 1065 24247
9558 5271 27539
27539 5271 9558
5271 9558 27539
21428 23089 24280
23089 21428 24280
24280 21428 23089
10536 13228 19546
13228 10536 19546
19546 10536 13228
7933 11242 13296
11242 7933 13296
13296 7933 11242
4619 27363 29972
27363 4619 29972
29972 4619 27363
347 9542 13906
13906 347 9542
9542 347 13906
25980 16715 29772
16715 25980 29772
29772 16715 25980
14790 2443 5785
5785 2443 14790
2443 5785 14790
16152 10460 10881
10460 10881 16152
10881 10460 16152
21356 14220 16966
14220 16966 21356
16966 14220 21356
902 9021 14889
9021 902 14889
14889 902 9021
6308 3393 7558
7558 3393 6308
3393 6308 7558
25632 760 15871
15871 760 25632
760 15871 25632
11297 2477 26979
2477 11297 26979
26979 2477 11297
15283 13666 13842
13666 13842 15283
13842 13666 15283
7776 27330 27695
27330 7776 27695
27695 7776 27330
20837 13127 18579
13127 18579 20837
18579 13127 20837
12306 10365 22465
10365 12306 22465
22465 10365 12306
15226 5408 15543
5408 15226 15543
15543 5408 15226
16269 1815 4011
4011 1815 16269
1815 4011 16269
27233 21151 23873
23873 21151 27233
21151 23873 27233
19087 8429 12181
12181 8429 19087
8429 12181 19087
13307 8119 29400
8119 13307 29400
29400 8119 13307
16863 12525 22727
22727 12525 16863
12525 16863 22727
21407 12028 23999
12028 21407 23999
23999 12028 21407
5513 28512 28798
28798 5513 28512
28512 5513 28798
4864 6619 25551
25551 4864 6619
6619 4864 25551
25914 8443 29292
8443 25914 29292
29292 8443 25914
28946 15191 19437
19437 15191 28946
15191 19437 28946
6750 984 22746
984 6750 22746
22746 984 6750
10068 4950 5878
4950 5878 10068
5878 4950 10068
12708 2584 20224
20224 2584 12708
2584 12708 20224
18683 5415 20828
20828 5415 18683
5415 18683 20828
3708 2884 16440
16440 2884 3708
2884 3708 16440
19617 7499 16238
16238 7499 19617
7499 16238 19617
14021 3101 27824
3101 14021 27824
27824 3101 14021
8669 10823 11097
11097 8669 10823
10823 8669 11097
28328 25462 29554
29554 25462 28328
25462 28328 29554
9904 15995 16484
15995 9904 16484
16484 9904 15995
16088 550 26184
26184 550 16088
550 16088 26184
11437 8825 27486
27486 8825 11437
8825 11437 27486
12745 723 19128
19128 723 12745
723 12745 19128
5531 2162 9813
9813 2162 5531
2162 5531 9813
18184 11376 20017
11376 18184 20017
20017 11376 18184
28211 9582 12622
12622 9582 28211
9582 12622 28211
25033 7157 21357
21357 7157 25033
7157 21357 25033
10538 11081 24182
11081 10538 24182
24182 10538 11081
27609 4227 24822
24822 4227 27609
4227 24822 27609
2424 233 27212
233 2424 27212
27212 233 2424
492 13106 18609
13106 492 18609
18609 492 13106
21859 1885 15413
15413 1885 21859
1885 15413 21859
11348 1468 22854
1468 11348 22854
22854 1468 11348
4598 9472 28141
28141 4598 9472
9472 4598 28141
6356 13 23779
13 6356 23779
23779 13 6356
21271 9675 12775
12775 9675 21271
9675 12775 21271
11767 3181 17411
3181 11767 17411
17411 3181 11767
29649 3714 25765
3714 25765 29649
25765 3714 29649
15838 6383 9399
6383 9399 15838
9399 6383 15838
10140 18065 18186
18186 10140 18065
18065 10140 18186
9765 6406 14746
6406 9765 14746
14746 6406 9765
19248 25097 27899
27899 19248 25097
25097 19248 27899
9075 200 14114
14114 200 9075
200 9075 14114
17876 22497 29911
22497 17876 29911
29911 17876 22497
26529 1532 15623
15623 1532 26529
1532 15623 26529
10109 3426 7899
3426 7899 10109
7899 3426 10109
29950 9422 14090
9422 14090 29950
14090 9422 29950
4406 144 22283
22283 144 4406
144 4406 22283
28039 1333 25237
1333 25237 28039
25237 1333 28039
17473 27 10543
10543 27 17473
27 10543 17473
12275 6756 25587
25587 6756 12275
6756 12275 25587
16205 25952 27682
25952 16205 27682
27682 16205 25952
14883 149 18559
18559 149 14883
149 14883 18559
11723 25364 28701
28701 11723 25364
25364 11723 28701
7286 21457 25533
25533 7286 21457
21457 7286 25533
27794 4674 17599
4674 17599 27794
17599 4674 27794
5248 4767 9263
9263 4767 5248
4767 5248 9263
25844 16319 28746
16319 25844 28746
28746 16319 25844
11227 1031 2010
1031 2010 11227
2010 1031 11227
27661 21822 24256
21822 24256 27661
24256 21822 27661
6337 15142 27882
15142 6337 27882
27882 6337 15142
23644 5669 6172
5669 6172 23644
6172 5669 23644
25737 2188 29336
2188 25737 29336
29336 2188 25737
21825 18697 23396
23396 18697 21825
18697 21825 23396
1260 115 4691
4691 115 1260
115 1260 4691
6451 6992 29685
29685 6451 6992
6992 6451 29685
26510 1191 14565
14565 1191 26510
1191 14565 26510
14241 10375 18489
18489 10375 14241
10375 14241 18489
23079 11537 22914
11537 22914 23079
22914 11537 23079
6426 8660 27497
8660 6426 27497
27497 6426 8660
22570 9608 9856
9856 9608 22570
9608 9856 22570
17123 1247 16972
16972 1247 17123
1247 16972 17123
12625 516 12709
12709 516 12625
516 12625 12709
19780 868 25714
25714 868 19780
868 19780 25714
17488 4933 16862
4933 16862 17488
16862 4933 17488
16026 308 26329
26329 308 16026
308 16026 26329
18943 6069 8808
6069 8808 18943
8808 6069 18943
24267 26649 28767
28767 24267 26649
26649 24267 28767
25026 1683 15985
15985 1683 25026
1683 15985 25026
21262 20454 24854
20454 21262 24854
24854 20454 21262
20456 7879 8367
8367 7879 20456
7879 8367 20456
10029 18041 28700
28700 10029 18041
18041 10029 28700
16739 5034 28941
5034 16739 28941
28941 5034 16739
24895 2115 4129
2115 4129 24895
4129 2115 24895
11793 5338 15242
15242 5338 11793
5338 11793 15242
20204 15234 26894
15234 20204 26894
26894 15234 20204
6852 11105 15677
11105 6852 15677
15677 6852 11105
22457 1113 26169
1113 22457 26169
26169 1113 22457
10877 24931 27841
27841 10877 24931
24931 10877 27841
7964 15059 28554
28554 7964 15059
15059 7964 28554
29798 6387 8045
8045 6387 29798
6387 8045 29798
13186 3891 4939
4939 3891 13186
3891 4939 13186
3544 6773 28038
6773 3544 28038
28038 3544 6773
18706 13710 20597
20597 13710 18706
13710 18706 20597
24435 15455 16339
16339 15455 24435
15455 16339 24435
9624 25521 29966
29966 9624 25521
25521 9624 29966
3248 4561 16908
16908 3248 4561
4561 3248 16908
19469 4272 27190
27190 4272 19469
4272 19469 27190
27102 12082 20461
12082 20461 27102
20461 12082 27102
4682 26707 28860
26707 4682 28860
28860 4682 26707
25176 22017 27182
27182 22017 25176
22017 25176 27182
5782 25575 26875
26875 5782 25575
25575 5782 26875
13282 22007 22812
22007 13282 22812
22812 13282 22007
12880 2068 17994
17994 2068 12880
2068 12880 17994
26868 4138 5868
5868 4138 26868
4138 5868 26868
27538 951 3519
951 3519 27538
3519 951 27538
2065 460 12958
460 2065 12958
12958 460 2065
455 10563 18097
10563 455 18097
18097 455 10563
29530 22005 27262
22005 27262 29530
27262 22005 29530
29135 15183 22316
22316 15183 29135
15183 22316 29135
15294 17256 18418
17256 15294 18418
18418 15294 17256
12102 17322 26902
17322 12102 26902
26902 12102 17322
28884 9787 19733
9787 19733 28884
19733 9787 28884
29286 2899 25309
25309 2899 29286
2899 25309 29286
8993 5041 17808
17808 5041 8993
5041 8993 17808
4058 1404 23032
1404 4058 23032
23032 1404 4058
16439 7109 20049
20049 7109 16439
7109 16439 20049
2037 4574 5038
5038 2037 4574
4574 2037 5038
16303 23098 24498
24498 16303 23098
23098 16303 24498
20409 7695 25463
25463 7695 20409
7695 20409 25463
6448 6613 24193
24193 6448 6613
6613 6448 24193
10066 12817 23315
23315 10066 12817
12817 10066 23315
7387 8137 14374
8137 7387 14374
14374 7387 8137
11032 17330 28869
17330 11032 28869
28869 11032 17330
2471 11995 18791
18791 2471 11995
11995 2471 18791
16448 665 24977
665 16448 24977
24977 665 16448
20047 8973 29329
29329 8973 20047
8973 20047 29329
6371 7673 18931
7673 6371 18931
18931 6371 7673
11819 16579 16663
16663 11819 16579
16579 11819 16663
8945 17087 18647
18647 8945 17087
17087 8945 18647
24600 307 21890
21890 307 24600
307 21890 24600
3039 15583 26389
15583 3039 26389
26389 3039 15583
10845 2183 5587
2183 5587 10845
5587 2183 10845
27964 11790 21373
11790 21373 27964
21373 11790 27964
21038 11663 13646
13646 11663 21038
11663 13646 21038
6946 3926 4882
3926 4882 6946
4882 3926 6946
16306 21417 26824
26824 16306 21417
21417 16306 26824
14964 1736 11059
1736 11059 14964
11059 1736 14964
6323 8407 25342
25342 6323 8407
8407 6323 25342
15821 1764 14151
14151 1764 15821
1764 14151 15821
20588 209 1419
1419 209 20588
209 1419 20588
25196 13268 25938
25938 13268 25196
13268 25196 25938
22142 3058 14664
3058 14664 22142
14664 3058 22142
10200 11898 16379
11898 10200 16379
16379 10200 11898
16118 10330 27649
27649 10330 16118
10330 16118 27649
18158 1801 21545
21545 1801 18158
1801 18158 21545
1613 8793 25130
8793 1613 25130
25130 1613 8793
897 6513 17317
17317 897 6513
6513 897 17317
29654 25701 27797
27797 25701 29654
25701 27797 29654
4852 6990 19483
6990 4852 19483
19483 4852 6990
11796 3961 11813
11813 3961 11796
3961 11796 11813
14365 4784 28196
4784 14365 28196
28196 4784 14365
63 12430 19730
12430 63 19730
19730 63 12430
15800 21580 22238
21580 15800 22238
22238 15800 21580
29369 13003 17846
17846 13003 29369
13003 17846 29369
19624 18769 20032
18769 19624 20032
20032 18769 19624
25419 20203 23801
20203 23801 25419
23801 20203 25419
16574 10848 17910
10848 16574 17910
17910 10848 16574
13885 3178 4174
4174 3178 13885
3178 4174 13885
17218 10340 11300
10340 11300 17218
11300 10340 17218
13362 2138 3281
3281 2138 13362
2138 3281 13362
20226 6092 11652
11652 6092 20226
6092 11652 20226
26236 15115 28674
28674 15115 26236
15115 26236 28674
9397 14412 16388
16388 9397 14412
14412 9397 16388
19653 7438 15391
7438 15391 19653
15391 7438 19653
11473 941 14760
14760 941 11473
941 11473 14760
13218 2669 25569
25569 2669 13218
2669 13218 25569
25536 9157 22878
9157 22878 25536
22878 9157 25536
16371 16127 29943
29943 16127 16371
16127 16371 29943
9198 1132 20081
1132 9198 20081
20081 1132 9198
27096 8089 18968
8089 18968 27096
18968 8089 27096
21377 3411 25617
25617 3411 21377
3411 21377 25617
26152 21970 27632
21970 26152 27632
27632 21970 26152
21833 10722 22740
22740 10722 21833
10722 21833 22740
5655 6490 12387
12387 5655 6490
6490 5655 12387
15513 1521 3470
3470 1521 15513
1521 3470 15513
26238 8816 22835
22835 8816 26238
8816 22835 26238
12961 12056 15903
12056 12961 15903
15903 12056 12961
12308 13962 14670
14670 12308 13962
13962 12308 14670
20042 13802 29445
29445 13802 20042
13802 20042 29445
19982 24443 28215
24443 19982 28215
28215 19982 24443
16053 13428 27639
27639 13428 16053
13428 16053 27639
4383 6894 19815
19815 4383 6894
6894 4383 19815
18343 19920 28522
28522 18343 19920
19920 18343 28522
13174 3834 4364
3834 4364 13174
4364 3834 13174
23118 14154 15718
14154 15718 23118
15718 14154 23118
12156 15238 17806
15238 12156 17806
17806 12156 15238
12499 27968 28188
28188 12499 27968
27968 12499 28188
2098 10705 14750
10705 2098 14750
14750 2098 10705
26352 3609 19551
19551 3609 26352
3609 19551 26352
7824 3404 28935
3404 7824 28935
28935 3404 7824
29281 24210 25250
24210 25250 29281
25250 24210 29281
2909 10360 22846
22846 2909 10360
10360 2909 22846
28343 1925 7171
7171 1925 28343
1925 7171 28343
25294 4484 21335
21335 4484 25294
4484 21335 25294
14675 4168 17133
4168 14675 17133
17133 4168 14675
4259 9822 28362
9822 4259 28362
28362 4259 9822
24346 7638 25987
7638 24346 25987
25987 7638 24346
21592 10056 26833
26833 10056 21592
10056 21592 26833
21089 11800 24579
24579 11800 21089
11800 21089 24579
7088 2531 9436
9436 2531 7088
2531 7088 9436
784 6000 25680
25680 784 6000
6000 784 25680
17830 3882 20317
20317 3882 17830
3882 17830 20317
22472 11605 29430
11605 22472 29430
29430 11605 22472
22636 14900 19579
19579 14900 22636
14900 19579 22636
17983 4398 28880
4398 17983 28880
28880 4398 17983
16143 6083 22618
22618 6083 16143
6083 16143 22618
2905 22141 24513
22141 2905 24513
24513 2905 22141
6893 24661 24836
24836 6893 24661
24661 6893 24836
17313 9768 12301
12301 9768 17313
9768 12301 17313
15889 8120 14190
14190 8120 15889
8120 14190 15889
21209 11776 14402
11776 14402 21209
14402 11776 21209
23510 4208 26998
4208 23510 26998
26998 4208 23510
3672 9746 11058
11058 3672 9746
9746 3672 11058
18493 2730 10219
10219 2730 18493
2730 10219 18493
16825 13183 23571
13183 16825 23571
23571 13183 16825
12737 13041 27663
13041 12737 27663
27663 12737 13041
12265 18222 22939
22939 12265 18222
18222 12265 22939
14499 18779 21102
21102 14499 18779
18779 14499 21102
21456 19774 28169
19774 21456 28169
28169 19774 21456
9318 3807 19946
19946 3807 9318
3807 9318 19946
12157 13303 24379
24379 12157 13303
13303 12157 24379
5802 7085 28710
28710 5802 7085
7085 5802 28710
1828 4699 26296
26296 1828 4699
4699 1828 26296
11183 4313 10256
10256 4313 11183
4313 10256 11183
28172 7929 19057
19057 7929 28172
7929 19057 28172
27144 14204 26385
26385 14204 27144
14204 26385 27144
10222 10889 13894
13894 10222 10889
10889 10222 13894
23160 590 18724
590 18724 23160
18724 590 23160
13465 5806 9959
5806 9959 13465
9959 5806 13465
17674 10802 28001
10802 17674 28001
28001 10802 17674
4013 1274 28849
1274 4013 28849
28849 1274 4013
19088 18809 26396
18809 19088 26396
26396 18809 19088
22402 14178 18457
14178 18457 22402
18457 14178 22402
21810 15096 26717
26717 15096 21810
15096 21810 26717
13828 13673 22148
22148 13673 13828
13673 13828 22148
8594 19876 23430
23430 8594 19876
19876 8594 23430
25884 1406 12678
1406 12678 25884
12678 1406 25884
9447 12087 23939
12087 9447 23939
23939 9447 12087
16004 17436 22506
17436 16004 22506
22506 16004 17436
11002 10974 27333
27333 10974 11002
10974 11002 27333
3199 2240 27779
27779 2240 3199
2240 3199 27779
15768 4358 11888
4358 11888 15768
11888 4358 15768
27345 8734 19217
19217 8734 27345
8734 19217 27345
10831 17608 19195
19195 10831 17608
17608 10831 19195
4720 15636 26682
26682 4720 15636
15636 4720 26682
8629 5856 19105
19105 5856 8629
5856 8629 19105
26825 745 20820
20820 745 26825
745 20820 26825
15374 21978 23851
21978 15374 23851
23851 15374 21978
5452 1093 1143
1093 1143 5452
1143 1093 5452
22222 25946 29389
29389 22222 25946
25946 22222 29389
25514 11455 26374
26374 11455 25514
11455 25514 26374
8789 11127 26634
11127 8789 26634
26634 8789 11127
27572 13559 16422
16422 13559 27572
13559 16422 27572
28863 5053 8775
5053 8775 28863
8775 5053 28863
21044 20197 21700
20197 21044 21700
21700 20197 21044
3759 7493 17546
7493 3759 17546
17546 3759 7493
22285 5257 14236
14236 5257 22285
5257 14236 22285
27021 25636 27371
27371 25636 27021
25636 27021 27371
14422 5952 25138
5952 14422 25138
25138 5952 14422
23754 5475 6131
6131 5475 23754
5475 6131 23754
26632 6165 6905
6905 6165 26632
6165 6905 26632
22423 7483 22816
7483 22423 22816
22816 7483 22423
29197 4176 18989
4176 18989 29197
18989 4176 29197
29406 25727 29875
29875 25727 29406
25727 29406 29875
9265 21657 25316
21657 9265 25316
25316 9265 21657
15561 18715 27104
27104 15561 18715
18715 15561 27104
620 5077 26443
26443 620 5077
5077 620 26443
16387 19175 25494
19175 16387 25494
25494 16387 19175
6077 8230 9464
8230 6077 9464
9464 6077 8230
20835 1457 17868
1457 17868 20835
17868 1457 20835
22115 10871 11950
10871 11950 22115
11950 10871 22115
11337 14003 23624
23624 11337 14003
14003 11337 23624
5158 11208 13466
13466 5158 11208
11208 5158 13466
21570 10478 26838
10478 21570 26838
26838 10478 21570
19493 5295 17943
5295 17943 19493
17943 5295 19493
29384 16529 26267
26267 16529 29384
16529 26267 29384
7725 17664 27919
17664 7725 27919
27919 7725 17664
7655 14619 26266
26266 7655 14619
14619 7655 26266
22134 8936 26450
8936 22134 26450
26450 8936 22134
3492 9876 14331
9876 3492 14331
14331 3492 9876
1 10993 15043
10993 1 15043
15043 1 10993
7422 55 16318
16318 55 7422
55 7422 16318
15799 7216 10199
10199 7216 15799
7216 10199 15799
13966 265 29251
265 13966 29251
29251 265 13966
5652 7521 7681
7521 5652 7681
7681 5652 7521
28189 18853 29676
29676 18853 28189
18853 28189 29676
20135 12283 29940
29940 12283 20135
12283 20135 29940
23010 6930 16445
16445 6930 23010
6930 16445 23010
5185 2629 18413
18413 2629 5185
2629 5185 18413
2739 3541 20413
3541 2739 20413
20413 2739 3541
2763 4599 18522
18522 2763 4599
4599 2763 18522
7633 20199 28403
28403 7633 20199
20199 7633 28403
19947 2395 7153
2395 7153 19947
7153 2395 19947
6185 6663 10632
6663 6185 10632
10632 6185 6663
21329 13468 27452
27452 13468 21329
13468 21329 27452
25973 3601 28518
3601 25973 28518
28518 3601 25973
20774 2293 25286
2293 20774 25286
25286 2293 20774
17663 2534 15474
15474 2534 17663
2534 15474 17663
706 10273 24863
10273 706 24863
24863 706 10273
3069 15813 27147
15813 3069 27147
27147 3069 15813
20667 4650 25795
4650 20667 25795
25795 4650 20667
28516 333 19063
333 19063 28516
19063 333 28516
28519 2603 17159
17159 2603 28519
2603 17159 28519
23985 2287 15407
15407 2287 23985
2287 15407 23985
4868 12670 28677
28677 4868 12670
12670 4868 28677
1945 13373 29991
29991 1945 13373
13373 1945 29991
25925 6876 22508
22508 6876 25925
6876 22508 25925
16181 16335 19735
19735 16181 16335
16335 16181 19735
23652 10820 28477
28477 10820 23652
10820 23652 28477
12410 10953 12377
12377 10953 12410
10953 12377 12410
29820 6710 10891
10891 6710 29820
6710 10891 29820
3090 2219 15872
2219 3090 15872
15872 2219 3090
16414 8642 28897
8642 16414 28897
28897 8642 16414
3443 2986 25885
2986 3443 25885
25885 2986 3443
3735 26148 26957
26957 3735 26148
26148 3735 26957
11921 11739 28053
11739 11921 28053
28053 11739 11921
850 283 9737
9737 283 850
283 850 9737
8586 11975 28598
11975 8586 28598
28598 8586 11975
12019 13166 16578
16578 12019 13166
13166 12019 16578
2692 13591 19324
13591 2692 19324
19324 2692 13591
27148 2209 4238
4238 2209 27148
2209 4238 27148
17619 16401 24727
24727 16401 17619
16401 17619 24727
23400 16145 17359
16145 17359 23400
17359 16145 23400
11807 3564 26280
26280 3564 11807
3564 11807 26280
4578 2104 15491
2104 4578 15491
15491 2104 4578
28493 358 14144
14144 358 28493
358 14144 28493
15658 5130 8023
5130 8023 15658
8023 5130 15658
14982 12207 21048
12207 14982 21048
21048 12207 14982
12663 3848 10165
10165 3848 12663
3848 10165 12663
21331 6462 6537
6537 6462 21331
6462 6537 21331
12274 16871 26503
16871 12274 26503
26503 12274 16871
6924 10899 25516
10899 6924 25516
25516 6924 10899
9151 21955 28864
21955 9151 28864
28864 9151 21955
25502 7574 13449
7574 13449 25502
13449 7574 25502
10314 13087 29246
29246 10314 13087
13087 10314 29246
27416 5346 18099
5346 18099 27416
18099 5346 27416
3886 7178 7750
7750 3886 7178
7178 3886 7750
19978 8488 28232
28232 8488 19978
8488 19978 28232
22987 7066 24229
7066 22987 24229
24229 7066 22987
4220 1565 27116
1565 4220 27116
27116 1565 4220
20108 17293 29702
17293 20108 29702
29702 17293 20108
25842 649 16955
649 16955 25842
16955 649 25842
27387 10227 24551
10227 24551 27387
24551 10227 27387
4594 21686 24393
24393 4594 21686
21686 4594 24393
1597 10587 26250
26250 1597 10587
10587 1597 26250
15472 19971 28467
28467 15472 19971
19971 15472 28467
1413 4107 29089
4107 1413 29089
29089 1413 4107
13923 8821 13692
8821 13692 13923
13692 8821 13923
8599 8252 11301
8252 8599 11301
11301 8252 8599
27121 6970 7615
7615 6970 27121
6970 7615 27121
10508 10390 11265
10390 10508 11265
11265 10390 10508
1825 18101 27261
27261 1825 18101
18101 1825 27261
20841 3374 21211
3374 20841 21211
21211 3374 20841
12008 25729 29572
25729 12008 29572
29572 12008 25729
8340 18032 29837
18032 8340 29837
29837 8340 18032
22661 22500 26766
26766 22500 22661
22500 22661 26766
28783 15957 29203
29203 15957 28783
15957 28783 29203
12297 9010 19423
9010 12297 19423
19423 9010 12297
3552 9442 11536
11536 3552 9442
9442 3552 11536
19614 16488 28940
16488 19614 28940
28940 16488 19614
19622 8071 9784
9784 8071 19622
8071 9784 19622
15923 1449 2762
2762 1449 15923
1449 2762 15923
4983 13812 18199
18199 4983 13812
13812 4983 18199
4714 19012 29998
29998 4714 19012
19012 4714 29998
26578 19665 24868
19665 24868 26578
24868 19665 26578
1637 3707 15475
3707 1637 15475
15475 1637 3707
21035 8522 21880
8522 21035 21880
21880 8522 21035
13416 7946 12006
7946 12006 13416
12006 7946 13416
5811 9384 27437
27437 5811 9384
9384 5811 27437
18146 1703 10377
10377 1703 18146
1703 10377 18146
29140 737 1021
1021 737 29140
737 1021 29140
2672 3586 24761
24761 2672 3586
3586 2672 24761
13368 5006 17495
17495 5006 13368
5006 13368 17495
25454 1215 4724
1215 4724 25454
4724 1215 25454
21521 28443 29379
29379 21521 28443
28443 21521 29379
11488 11610 22208
11610 11488 22208
22208 11488 11610
16280 17497 18251
17497 16280 18251
18251 16280 17497
2330 10805 29230
10805 2330 29230
29230 2330 10805
6787 8850 10767
8850 6787 10767
10767 6787 8850
5520 13935 25931
13935 5520 25931
25931 5520 13935
14491 18925 23275
18925 14491 23275
23275 14491 18925
7688 1813 26082
1813 7688 26082
26082 1813 7688
1395 20722 21138
20722 1395 21138
21138 1395 20722
12075 8201 18208
8201 12075 18208
18208 8201 12075
17399 24351 29145
24351 17399 29145
29145 17399 24351
21260 16461 27218
16461 21260 27218
27218 16461 21260
21873 3114 7598
7598 3114 21873
3114 7598 21873
14446 19802 27278
19802 14446 27278
27278 14446 19802
12166 18237 26467
18237 12166 26467
26467 12166 18237
4695 8589 25883
25883 4695 8589
8589 4695 25883
21976 10086 10449
10086 10449 21976
10449 10086 21976
15883 15133 27370
15133 15883 27370
27370 15133 15883
11178 3899 5712
5712 3899 11178
3899 5712 11178
8424 7113 13577
7113 8424 13577
13577 7113 8424
14948 23117 27823
23117 14948 27823
27823 14948 23117
12594 6238 23420
6238 12594 23420
23420 6238 12594
13699 15212 19650
19650 13699 15212
15212 13699 19650
5559 10524 18353
10524 5559 18353
18353 5559 10524
17505 12665 25206
25206 12665 17505
12665 17505 25206
12130 1694 16838
16838 1694 12130
1694 12130 16838
18075 21413 28394
21413 18075 28394
28394 18075 21413
1475 25301 26843
25301 1475 26843
26843 1475 25301
6148 8511 17770
17770 6148 8511
8511 6148 17770
20332 14121 19646
14121 19646 20332
19646 14121 20332
11408 10241 15004
10241 11408 15004
15004 10241 11408
29794 1286 19676
19676 1286 29794
1286 19676 29794
7182 12142 18499
18499 7182 12142
12142 7182 18499
28041 12237 24528
12237 24528 28041
24528 12237 28041
24695 21598 25213
21598 24695 25213
25213 21598 24695
5519 3334 5260
3334 5260 5519
5260 3334 5519
10991 7835 11636
7835 10991 11636
11636 7835 10991
29213 7362 10783
7362 10783 29213
10783 7362 29213
3658 13869 18333
13869 3658 18333
18333 3658 13869
18874 14579 27593
27593 14579 18874
14579 18874 27593
843 10646 13293
10646 843 13293
13293 843 10646
16480 3092 29883
29883 3092 16480
3092 16480 29883
6690 6348 27874
27874 6348 6690
6348 6690 27874
27307 4936 12205
12205 4936 27307
4936 12205 27307
23621 17864 28187
17864 23621 28187
28187 17864 23621
3185 26730 29512
29512 3185 26730
26730 3185 29512
25577 5000 8435
5000 8435 25577
8435 5000 25577
20773 5638 18834
5638 18834 20773
18834 5638 20773
29894 7040 14927
7040 14927 29894
14927 7040 29894
24606 24913 29908
29908 24606 24913
24913 24606 29908
9048 14589 25475
14589 9048 25475
25475 9048 14589
15033 11633 24942
11633 15033 24942
24942 11633 15033
27542 3694 24532
24532 3694 27542
3694 24532 27542
727 17861 25634
17861 727 25634
25634 727 17861
29757 7643 9408
9408 7643 29757
7643 9408 29757
16778 11390 23390
23390 11390 16778
11390 16778 23390
20558 2683 19843
19843 2683 20558
2683 19843 20558
11692 21231 23542
21231 11692 23542
23542 11692 21231
2761 16645 25607
25607 2761 16645
16645 2761 25607
24541 13985 29061
13985 24541 29061
29061 13985 24541
1851 6009 28497
6009 1851 28497
28497 1851 6009
27657 11129 28889
11129 27657 28889
28889 11129 27657
28527 2767 16021
16021 2767 28527
2767 16021 28527
9801 3611 14954
14954 3611 9801
3611 9801 14954
1859 5985 7047
5985 1859 7047
7047 1859 5985
19580 17778 24544
17778 19580 24544
24544 17778 19580
16406 137 16762
16762 137 16406
137 16406 16762
20562 495 18829
18829 495 20562
495 18829 20562
25372 11089 20564
20564 11089 25372
11089 20564 25372
3169 18442 24041
24041 3169 18442
18442 3169 24041
19993 16196 26140
16196 19993 26140
26140 16196 19993
20577 16701 25242
16701 20577 25242
25242 16701 20577
11701 7941 18244
7941 11701 18244
18244 7941 11701
13767 18781 19429
19429 13767 18781
18781 13767 19429
11611 1039 10108
1039 10108 11611
10108 1039 11611
5412 1511 2864
2864 1511 5412
1511 2864 5412
14219 5599 21393
5599 14219 21393
21393 5599 14219
19763 6006 11320
11320 6006 19763
6006 11320 19763
13081 22847 27379
27379 13081 22847
22847 13081 27379
22620 538 25453
25453 538 22620
538 22620 25453
2109 6853 12637
12637 2109 6853
6853 2109 12637
1947 26593 27033
26593 1947 27033
27033 1947 26593
13626 4887 14736
4887 13626 14736
14736 4887 13626
6338 5217 25096
5217 6338 25096
25096 5217 6338
24352 17084 21802
17084 21802 24352
21802 17084 24352
18912 7540 21883
21883 7540 18912
7540 18912 21883
8882 14741 21569
14741 8882 21569
21569 8882 14741
21901 17236 28747
28747 17236 21901
17236 21901 28747
13231 19154 27418
27418 13231 19154
19154 13231 27418
20666 10421 18635
10421 18635 20666
18635 10421 20666
6581 4317 18837
4317 6581 18837
18837 4317 6581
12367 3667 21940
21940 3667 12367
3667 12367 21940
24194 3002 8722
3002 8722 24194
8722 3002 24194
22504 17297 18884
17297 18884 22504
18884 17297 22504
10091 10090 17207
17207 10090 10091
10090 10091 17207
22831 24370 26823
26823 22831 24370
24370 22831 26823
10010 15231 22382
15231 10010 22382
22382 10010 15231
1493 4527 20991
20991 1493 4527
4527 1493 20991
20320 2397 20527
20527 2397 20320
2397 20320 20527
2892 1302 1540
1302 1540 2892
1540 1302 2892
15691 9046 15855
9046 15691 15855
15855 9046 15691
21077 1948 28298
28298 1948 21077
1948 21077 28298
8068 11866 28663
11866 8068 28663
28663 8068 11866
28723 24745 26976
24745 26976 28723
26976 24745 28723
16454 20268 26772
20268 16454 26772
26772 16454 20268
16969 10118 28150
28150 10118 16969
10118 16969 28150
12690 20547 27517
27517 12690 20547
20547 12690 27517
20368 16583 25904
25904 16583 20368
16583 20368 25904
15166 1533 11838
1533 11838 15166
11838 1533 15166
19722 2459 2850
2850 2459 19722
2459 2850 19722
2559 22542 25948
25948 2559 22542
22542 2559 25948
24760 12050 23319
23319 12050 24760
12050 23319 24760
6346 8588 23862
23862 6346 8588
8588 6346 23862
650 2107 17363
17363 650 2107
2107 650 17363
15782 5788 12263
12263 5788 15782
5788 12263 15782
8956 2047 23014
2047 8956 23014
23014 2047 8956
9086 7244 25499
7244 9086 25499
25499 7244 9086
21529 17381 25552
17381 21529 25552
25552 17381 21529
21182 3799 10885
10885 3799 21182
3799 10885 21182
24786 21183 24631
24631 21183 24786
21183 24631 24786
29657 23685 23712
23712 23685 29657
23685 23712 29657
26678 8818 21891
8818 21891 26678
21891 8818 26678
28877 8262 12531
8262 12531 28877
12531 8262 28877
13001 4012 29194
29194 4012 13001
4012 13001 29194
17451 12384 15286
15286 12384 17451
12384 15286 17451
19005 6913 10100
6913 10100 19005
10100 6913 19005
6767 18463 25188
18463 6767 25188
25188 6767 18463
12012 13531 27616
27616 12012 13531
13531 12012 27616
6388 19093 22037
19093 6388 22037
22037 6388 19093
18491 7714 21716
7714 18491 21716
21716 7714 18491
6227 9476 26211
9476 6227 26211
26211 6227 9476
16457 17182 22905
22905 16457 17182
17182 16457 22905
25007 12859 29543
12859 25007 29543
29543 12859 25007
29681 4744 8343
4744 8343 29681
8343 4744 29681
6442 5316 10768
5316 6442 10768
10768 5316 6442
10562 2021 10051
2021 10051 10562
10051 2021 10562
7023 15132 19847
19847 7023 15132
15132 7023 19847
21652 6210 28198
6210 21652 28198
28198 6210 21652
18496 1933 20251
1933 18496 20251
20251 1933 18496
6872 17401 23464
17401 6872 23464
23464 6872 17401
29147 24111 26191
26191 24111 29147
24111 26191 29147
17639 29367 29527
29367 17639 29527
29527 17639 29367
29465 23802 27084
27084 23802 29465
23802 27084 29465
19693 6130 20785
20785 6130 19693
6130 19693 20785
12320 10356 12820
10356 12320 12820
12820 10356 12320
11351 14103 14884
14884 11351 14103
14103 11351 14884
24878 1172 2176
1172 2176 24878
2176 1172 24878
1716 13959 22748
22748 1716 13959
13959 1716 22748
7916 16945 28990
16945 7916 28990
28990 7916 16945
25697 10435 10624
10435 10624 25697
10624 10435 25697
5747 4657 8829
8829 4657 5747
4657 5747 8829
19851 11687 24292
11687 19851 24292
24292 11687 19851
10526 14191 20831
14191 10526 20831
20831 10526 14191
568 16567 29996
16567 568 29996
29996 568 16567
2546 12562 29361
29361 2546 12562
12562 2546 29361
4003 10673 17904
17904 4003 10673
10673 4003 17904
7641 10298 26546
10298 7641 26546
26546 7641 10298
24729 5046 12608
5046 12608 24729
12608 5046 24729
1460 6753 16508
6753 1460 16508
16508 1460 6753
4067 539 18495
18495 539 4067
539 4067 18495
28736 20392 24405
20392 24405 28736
24405 20392 28736
18804 18890 28016
28016 18804 18890
18890 18804 28016
19572 20183 25580
25580 19572 20183
20183 19572 25580
20341 1621 15695
15695 1621 20341
1621 15695 20341
17912 969 7570
969 7570 17912
7570 969 17912
8054 1102 6116
1102 6116 8054
6116 1102 8054
13892 4866 18716
4866 13892 18716
18716 4866 13892
608 4335 28024
4335 608 28024
28024 608 4335
22318 3662 20160
3662 20160 22318
20160 3662 22318
20951 23800 26047
26047 20951 23800
23800 20951 26047
6167 3485 27795
27795 3485 6167
3485 6167 27795
21408 8463 8678
8463 8678 21408
8678 8463 21408
2742 11107 21278
21278 2742 11107
