2537 1280 2754
1280 2537 2754
2754 1280 2537
1721 629 795
795 629 1721
629 795 1721
1791 1917 2393
1917 1791 2393
2393 1791 1917
1799 103 1846
1846 103 1799
103 1799 1846
188 1531 2759
1531 188 2759
2759 188 1531
622 10 1349
1349 10 622
10 622 1349
2996 2099 2484
2099 2484 2996
2484 2099 2996
2356 809 1375
1375 809 2356
809 1375 2356
189 919 1844
919 189 1844
1844 189 919
2088 480 855
480 855 2088
855 480 2088
2552 786 2362
786 2362 2552
2362 786 2552
2280 40 1772
40 1772 2280
1772 40 2280
887 850 987
850 887 987
987 850 887
1209 894 1304
894 1209 1304
1304 894 1209
2492 759 2586
759 2492 2586
2586 759 2492
546 186 2053
186 546 2053
2053 186 546
833 2406 2580
2580 833 2406
2406 833 2580
617 1201 2179
2179 617 1201
1201 617 2179
514 1989 2327
2327 514 1989
1989 514 2327
24 972 1614
1614 24 972
972 24 1614
2632 395 2867
395 2632 2867
2867 395 2632
2118 1015 2355
1015 2118 2355
2355 1015 2118
38 1902 2938
1902 38 2938
2938 38 1902
1103 304 1676
304 1103 1676
1676 304 1103
2799 44 1184
1184 44 2799
44 1184 2799
2977 1615 2544
1615 2544 2977
2544 1615 2977
168 1224 2788
2788 168 1224
1224 168 2788
2001 900 1208
900 1208 2001
1208 900 2001
1303 1199 1290
1290 1199 1303
1199 1290 1303
1479 1580 2395
1580 1479 2395
2395 1479 1580
1806 1887 2294
1887 1806 2294
2294 1806 1887
1809 231 2321
2321 231 1809
231 1809 2321
2199 1409 2253
1409 2199 2253
2253 1409 2199
2555 281 2296
2296 281 2555
281 2296 2555
465 898 1497
898 465 1497
1497 465 898
197 1798 2841
1798 197 2841
2841 197 1798
2389 377 612
377 612 2389
612 377 2389
2231 344 516
344 516 2231
516 344 2231
524 541 1200
1200 524 541
541 524 1200
463 392 2850
2850 392 463
392 463 2850
67 2190 2464
2464 67 2190
2190 67 2464
137 1744 1843
1744 137 1843
1843 137 1744
505 406 570
570 406 505
406 505 570
1071 878 2711
2711 878 1071
878 1071 2711
1253 98 2230
98 1253 2230
2230 98 1253
890 1100 2817
1100 890 2817
2817 890 1100
2597 1569 1575
1569 1575 2597
1575 1569 2597
720 1765 2512
2512 720 1765
1765 720 2512
1260 1712 2237
2237 1260 1712
1712 1260 2237
155 561 657
561 155 657
657 155 561
1963 1081 2063
2063 1081 1963
1081 1963 2063
2272 1002 2508
2508 1002 2272
1002 2272 2508
1014 1190 2793
1190 1014 2793
2793 1014 1190
738 28 69
28 69 738
69 28 738
2422 271 2278
2278 271 2422
271 2278 2422
2012 308 1861
308 1861 2012
1861 308 2012
37 981 1966
981 37 1966
1966 37 981
115 921 1735
921 115 1735
1735 115 921
1168 2470 2578
2470 1168 2578
2578 1168 2470
2871 814 1523
814 1523 2871
1523 814 2871
2325 790 910
790 910 2325
910 790 2325
1990 1334 2542
2542 1334 1990
1334 1990 2542
25 748 821
748 25 821
821 25 748
2640 138 1808
138 1808 2640
1808 138 2640
2090 1051 1723
1723 1051 2090
1051 1723 2090
121 367 1258
367 121 1258
1258 121 367
1070 342 2961
2961 342 1070
342 1070 2961
792 2619 2718
2718 792 2619
2619 792 2718
141 661 682
682 141 661
661 141 682
1868 1084 2285
2285 1084 1868
1084 1868 2285
777 166 2166
2166 166 777
166 777 2166
1824 1467 2571
1467 1824 2571
2571 1467 1824
1955 1491 1977
1491 1955 1977
1977 1491 1955
2736 1403 2379
2379 1403 2736
1403 2379 2736
2232 151 1443
1443 151 2232
151 1443 2232
2847 415 2985
2985 415 2847
415 2847 2985
237 732 823
823 237 732
732 237 823
564 2941 2970
2941 564 2970
2970 564 2941
2670 853 1117
1117 853 2670
853 1117 2670
2005 1780 1898
1898 1780 2005
1780 1898 2005
1561 2612 2675
2675 1561 2612
2612 1561 2675
370 1391 1640
1391 370 1640
1640 370 1391
2065 1044 2399
2399 1044 2065
1044 2065 2399
513 2400 2602
2602 513 2400
2400 513 2602
1839 608 2025
608 1839 2025
2025 608 1839
1135 667 2685
2685 667 1135
667 1135 2685
836 984 2625
2625 836 984
984 836 2625
1236 1248 2832
1248 1236 2832
2832 1236 1248
2674 1335 2251
2251 1335 2674
1335 2251 2674
1700 706 2915
706 1700 2915
2915 706 1700
2982 1675 1726
1726 1675 2982
1675 1726 2982
2934 638 2394
638 2394 2934
2394 638 2934
2981 246 1877
246 1877 2981
1877 246 2981
296 1934 2171
1934 296 2171
2171 296 1934
1145 1083 2790
1083 1145 2790
2790 1083 1145
2751 646 1222
1222 646 2751
646 1222 2751
2525 365 734
365 734 2525
734 365 2525
824 2391 2651
2391 824 2651
2651 824 2391
460 762 776
762 460 776
776 460 762
1829 772 1193
1193 772 1829
772 1193 1829
2798 808 1444
1444 808 2798
808 1444 2798
2638 2100 2853
2100 2638 2853
2853 2100 2638
1566 872 2344
2344 872 1566
872 1566 2344
2636 1305 2637
2637 1305 2636
1305 2636 2637
1369 753 2577
2577 753 1369
753 1369 2577
2974 488 1133
1133 488 2974
488 1133 2974
2775 1475 1991
1475 1991 2775
1991 1475 2775
805 335 1430
335 805 1430
1430 335 805
1864 2643 2697
2643 1864 2697
2697 1864 2643
1929 336 360
336 360 1929
360 336 1929
2426 1275 2416
2416 1275 2426
1275 2416 2426
2214 1042 1373
1042 1373 2214
1373 1042 2214
481 1376 2436
1376 481 2436
2436 481 1376
2656 457 781
781 457 2656
457 781 2656
2293 1835 2722
1835 2293 2722
2722 1835 2293
2488 1915 2184
1915 2184 2488
2184 1915 2488
484 5 2277
2277 5 484
5 484 2277
537 2361 2814
2361 537 2814
2814 537 2361
542 391 2591
391 542 2591
2591 391 542
2978 1254 1337
1337 1254 2978
1254 1337 2978
1912 998 2557
998 1912 2557
2557 998 1912
2570 126 1609
1609 126 2570
126 1609 2570
1511 1099 1539
1539 1099 1511
1099 1511 1539
229 679 2944
679 229 2944
2944 229 679
1295 1727 2087
1727 1295 2087
2087 1295 1727
1308 2115 2350
2350 1308 2115
2115 1308 2350
1577 1578 1900
1578 1577 1900
1900 1577 1578
982 2189 2680
2680 982 2189
2189 982 2680
2965 482 532
532 482 2965
482 532 2965
2782 440 2623
440 2623 2782
2623 440 2782
2127 1065 2795
1065 2127 2795
2795 1065 2127
2923 330 1540
330 1540 2923
1540 330 2923
2180 630 1919
630 1919 2180
1919 630 2180
572 627 2899
2899 572 627
627 572 2899
1821 359 1795
1795 359 1821
359 1795 1821
628 956 1987
1987 628 956
956 628 1987
408 162 538
162 408 538
538 162 408
1294 323 1924
323 1294 1924
1924 323 1294
2270 22 2112
22 2112 2270
2112 22 2270
716 289 1017
1017 289 716
289 716 1017
1175 602 2521
602 1175 2521
2521 602 1175
918 1649 2308
1649 918 2308
2308 918 1649
1933 117 1760
1760 117 1933
117 1760 1933
1599 731 2993
2993 731 1599
731 1599 2993
1635 573 2218
573 1635 2218
2218 573 1635
475 136 352
136 352 475
352 136 475
2117 755 2479
2479 755 2117
755 2117 2479
2607 1296 2402
2402 1296 2607
1296 2402 2607
2161 491 2780
491 2161 2780
2780 491 2161
393 863 1967
863 393 1967
1967 393 863
1563 1776 2290
2290 1563 1776
1776 1563 2290
1627 2176 2312
2176 1627 2312
2312 1627 2176
1122 275 301
301 275 1122
275 301 1122
643 650 2991
650 643 2991
2991 643 650
2894 261 2645
2645 261 2894
261 2645 2894
1962 333 2306
333 1962 2306
2306 333 1962
2082 1050 2202
2202 1050 2082
1050 2082 2202
674 313 2769
313 674 2769
2769 313 674
93 1400 1517
1517 93 1400
1400 93 1517
105 244 2434
244 105 2434
2434 105 244
51 1783 2145
1783 51 2145
2145 51 1783
2437 1552 2728
2728 1552 2437
1552 2437 2728
2480 99 2228
99 2228 2480
2228 99 2480
2772 995 2445
995 2445 2772
2445 995 2772
1361 1750 2467
2467 1361 1750
1750 1361 2467
1948 1032 1172
1032 1172 1948
1172 1032 1948
108 588 943
588 108 943
943 108 588
1470 834 1665
834 1470 1665
1665 834 1470
1514 1786 2465
2465 1514 1786
1786 1514 2465
2574 181 511
181 511 2574
511 181 2574
46 134 2482
2482 46 134
134 46 2482
2254 692 2543
2543 692 2254
692 2254 2543
1174 1232 2351
1232 1174 2351
2351 1174 1232
1153 1068 1790
1068 1153 1790
1790 1068 1153
213 2246 2884
2884 213 2246
2246 213 2884
1826 746 1500
746 1500 1826
1500 746 1826
1313 173 806
173 806 1313
806 173 1313
2964 954 2020
954 2020 2964
2020 954 2964
2324 219 507
219 507 2324
507 219 2324
2575 964 2569
964 2569 2575
2569 964 2575
1238 1457 2102
2102 1238 1457
1457 1238 2102
2442 760 1315
1315 760 2442
760 1315 2442
1330 1321 2396
1321 1330 2396
2396 1321 1330
1509 260 447
447 260 1509
260 447 1509
625 106 2781
2781 106 625
106 625 2781
349 724 1338
724 349 1338
1338 349 724
576 2415 2494
2494 576 2415
2415 576 2494
2748 53 1590
53 1590 2748
1590 53 2748
84 2433 2874
2433 84 2874
2874 84 2433
2771 218 390
390 218 2771
218 390 2771
2281 592 1054
1054 592 2281
592 1054 2281
341 1368 2260
2260 341 1368
1368 341 2260
1892 1229 2693
1229 1892 2693
2693 1229 1892
1751 2283 2755
2283 1751 2755
2755 1751 2283
1997 165 1937
1937 165 1997
165 1937 1997
56 116 2873
2873 56 116
116 56 2873
2007 664 857
857 664 2007
664 857 2007
1935 212 2655
212 1935 2655
2655 212 1935
2957 1702 2713
1702 2713 2957
2713 1702 2957
2999 325 2997
2997 325 2999
325 2997 2999
1367 1417 2998
2998 1367 1417
1417 1367 2998
1496 169 2368
2368 169 1496
169 1496 2368
2522 1230 1958
1958 1230 2522
1230 1958 2522
1689 1144 1850
1850 1144 1689
1144 1689 1850
1779 780 2203
2203 780 1779
780 1779 2203
1670 2222 2390
2390 1670 2222
2222 1670 2390
663 607 1585
1585 607 663
607 663 1585
2425 2462 2838
2462 2425 2838
2838 2425 2462
728 305 1045
305 728 1045
1045 305 728
498 992 2797
2797 498 992
992 498 2797
1406 19 193
19 193 1406
193 19 1406
1465 1008 1286
1008 1286 1465
1286 1008 1465
653 485 1414
485 653 1414
1414 485 653
844 62 1815
1815 62 844
62 844 1815
1219 1053 1266
1053 1219 1266
1266 1053 1219
32 199 2116
199 32 2116
2116 32 199
1333 1639 2375
2375 1333 1639
1639 1333 2375
329 1947 2245
1947 329 2245
2245 329 1947
868 2565 2566
2565 868 2566
2566 868 2565
750 2530 2631
2530 750 2631
2631 750 2530
1276 1731 1762
1762 1276 1731
1731 1276 1762
1198 1972 2016
2016 1198 1972
1972 1198 2016
1018 696 2592
2592 696 1018
696 1018 2592
1293 1094 2762
2762 1094 1293
1094 1293 2762
1493 978 1976
1976 978 1493
978 1493 1976
2794 322 2905
2905 322 2794
322 2794 2905
235 1024 2561
1024 235 2561
2561 235 1024
427 723 1355
723 427 1355
1355 427 723
1554 1461 2410
2410 1461 1554
1461 1554 2410
2618 1604 2615
2615 1604 2618
1604 2615 2618
1013 2081 2131
2131 1013 2081
2081 1013 2131
2765 1069 1273
1069 1273 2765
1273 1069 2765
529 167 928
167 529 928
928 167 529
1316 143 2596
2596 143 1316
143 1316 2596
585 1620 2092
1620 585 2092
2092 585 1620
789 1329 1694
1329 789 1694
1694 789 1329
1472 1257 2812
1257 1472 2812
2812 1257 1472
959 1 1678
1678 1 959
1 959 1678
1939 129 2523
129 1939 2523
2523 129 1939
2205 249 1112
249 1112 2205
1112 249 2205
1741 171 2341
171 1741 2341
2341 171 1741
779 483 1927
1927 483 779
483 779 1927
1555 840 1399
1399 840 1555
840 1399 1555
2947 477 1906
1906 477 2947
477 1906 2947
2252 1557 2018
2018 1557 2252
1557 2018 2252
2608 118 1647
1647 118 2608
118 1647 2608
1354 2778 2906
2778 1354 2906
2906 1354 2778
1709 1049 1801
1049 1709 1801
1801 1049 1709
558 91 2626
2626 91 558
91 558 2626
794 669 1371
669 794 1371
1371 669 794
579 783 2808
783 579 2808
2808 579 783
598 2398 2518
2398 598 2518
2518 598 2398
372 1171 2665
1171 372 2665
2665 372 1171
1692 1769 2471
1769 1692 2471
2471 1692 1769
961 893 1268
1268 893 961
893 961 1268
2424 2220 2225
2225 2220 2424
2220 2225 2424
2056 1142 1447
1447 1142 2056
1142 1447 2056
1001 445 2668
445 1001 2668
2668 445 1001
230 1187 2503
1187 230 2503
2503 230 1187
556 1949 2298
2298 556 1949
1949 556 2298
2469 238 1097
238 1097 2469
1097 238 2469
184 1374 2756
2756 184 1374
1374 184 2756
1522 1471 1944
1471 1522 1944
1944 1471 1522
1629 474 1705
474 1629 1705
1705 474 1629
858 96 2460
96 858 2460
2460 96 858
123 1247 2940
2940 123 1247
1247 123 2940
1331 1495 2695
1495 1331 2695
2695 1331 1495
1090 1570 2238
1570 1090 2238
2238 1090 1570
1357 70 2048
70 1357 2048
2048 70 1357
624 2510 2804
2510 624 2804
2804 624 2510
2136 202 2138
202 2136 2138
2138 202 2136
2083 1035 2194
2194 1035 2083
1035 2083 2194
635 560 1249
1249 560 635
560 635 1249
2295 442 454
454 442 2295
442 454 2295
2791 1656 2323
2323 1656 2791
1656 2323 2791
969 1603 2696
1603 969 2696
2696 969 1603
299 31 222
222 31 299
31 222 299
2777 2641 2950
2950 2641 2777
2641 2777 2950
2599 12 1131
1131 12 2599
12 1131 2599
2573 2620 2642
2642 2573 2620
2620 2573 2642
2070 132 1401
132 1401 2070
1401 132 2070
2313 1445 2633
2633 1445 2313
1445 2313 2633
1468 112 525
112 525 1468
525 112 1468
960 160 2159
160 960 2159
2159 160 960
528 272 698
272 528 698
698 272 528
209 250 1661
1661 209 250
250 209 1661
2227 1870 2165
2165 1870 2227
1870 2165 2227
1807 21 2233
21 1807 2233
2233 21 1807
326 991 1770
1770 326 991
991 326 1770
1118 1320 2611
2611 1118 1320
1320 1118 2611
487 620 1813
620 487 1813
1813 487 620
2730 75 1506
75 1506 2730
1506 75 2730
1317 283 1297
1297 283 1317
283 1297 1317
712 48 3000
3000 48 712
48 712 3000
985 922 1282
1282 922 985
922 985 1282
224 89 100
100 89 224
89 100 224
2392 828 2226
2226 828 2392
828 2226 2392
835 492 906
906 492 835
492 835 906
2357 2678 2949
2678 2357 2949
2949 2357 2678
1143 1052 1622
1622 1052 1143
1052 1143 1622
1298 35 1261
35 1261 1298
1261 35 1298
1872 2315 2880
2880 1872 2315
2315 1872 2880
1228 287 2922
2922 287 1228
287 1228 2922
2122 697 2673
2673 697 2122
697 2122 2673
412 159 479
159 412 479
479 159 412
2568 240 1105
240 1105 2568
1105 240 2568
2029 1535 1679
1679 1535 2029
1535 1679 2029
2559 827 1007
827 1007 2559
1007 827 2559
1388 1994 2244
1994 1388 2244
2244 1388 1994
713 382 2382
2382 382 713
382 713 2382
680 473 1412
1412 473 680
473 680 1412
2627 1283 2800
2800 1283 2627
1283 2627 2800
1210 926 1194
1194 926 1210
926 1194 1210
719 1149 1456
1456 719 1149
1149 719 1456
1921 1034 1823
1823 1034 1921
1034 1823 1921
1787 63 2889
63 1787 2889
2889 63 1787
2547 938 2419
2419 938 2547
938 2419 2547
1499 2201 2514
2514 1499 2201
2201 1499 2514
1715 128 649
649 128 1715
128 649 1715
581 439 2855
439 581 2855
2855 439 581
944 1055 1404
1055 944 1404
1404 944 1055
925 1147 1825
1147 925 1825
1825 925 1147
2624 252 413
252 413 2624
413 252 2624
2634 1227 2075
1227 2075 2634
2075 1227 2634
255 1782 2374
2374 255 1782
1782 255 2374
1986 1140 1360
1360 1140 1986
1140 1360 1986
2358 1078 1157
1078 1157 2358
1157 1078 2358
1941 1582 2472
2472 1582 1941
1582 1941 2472
1681 729 892
892 729 1681
729 892 1681
20 747 2262
747 20 2262
2262 20 747
2074 633 2365
2365 633 2074
633 2074 2365
1242 1719 2271
1719 1242 2271
2271 1242 1719
705 120 2490
120 705 2490
2490 120 705
2687 1080 1111
1080 1111 2687
1111 1080 2687
1093 533 2036
533 1093 2036
2036 533 1093
1611 2497 2925
2925 1611 2497
2497 1611 2925
241 1407 1424
1407 241 1424
1424 241 1407
551 2200 2660
2660 551 2200
2200 551 2660
2721 1618 2535
2535 1618 2721
1618 2535 2721
1632 1161 2856
1161 1632 2856
2856 1161 1632
328 813 1841
1841 328 813
813 328 1841
997 1205 2792
1205 997 2792
2792 997 1205
1617 208 574
208 574 1617
574 208 1617
744 1696 2901
2901 744 1696
1696 744 2901
2654 1318 2959
1318 2654 2959
2959 1318 2654
1738 407 1046
1046 407 1738
407 1046 1738
1020 288 2753
2753 288 1020
288 1020 2753
2132 87 2452
87 2132 2452
2452 87 2132
1385 1037 1452
1037 1385 1452
1452 1037 1385
1586 2828 2945
2828 1586 2945
2945 1586 2828
2175 462 752
752 462 2175
462 752 2175
2738 436 500
436 500 2738
500 436 2738
2440 1667 2606
2606 1667 2440
1667 2440 2606
81 1913 2006
2006 81 1913
1913 81 2006
963 195 2034
2034 195 963
195 963 2034
1545 1311 2123
2123 1311 1545
1311 1545 2123
1834 1964 2174
2174 1834 1964
1964 1834 2174
1819 92 1138
1138 92 1819
92 1138 1819
2709 521 1251
1251 521 2709
521 1251 2709
1492 149 2907
149 1492 2907
2907 149 1492
2000 337 1690
337 1690 2000
1690 337 2000
1380 55 2266
2266 55 1380
55 1380 2266
1698 677 2359
2359 677 1698
677 1698 2359
1088 426 2604
426 1088 2604
2604 426 1088
543 49 1250
49 543 1250
1250 49 543
1886 548 1454
548 1454 1886
1454 548 1886
1322 1663 2516
1663 1322 2516
2516 1322 1663
2963 885 2724
2724 885 2963
885 2724 2963
817 771 2009
2009 771 817
771 817 2009
203 952 2367
952 203 2367
2367 203 952
2648 1483 2662
1483 2648 2662
2662 1483 2648
1107 1344 2968
1344 1107 2968
2968 1107 1344
2647 1036 2807
2807 1036 2647
1036 2647 2807
681 1827 2297
1827 681 2297
2297 681 1827
1740 161 896
896 161 1740
161 896 1740
1905 295 2062
2062 295 1905
295 1905 2062
1998 1217 2548
1217 1998 2548
2548 1217 1998
1030 340 2235
340 1030 2235
2235 340 1030
1753 380 2240
2240 380 1753
380 1753 2240
2529 356 1686
1686 356 2529
356 1686 2529
1370 1408 1579
1408 1370 1579
1579 1370 1408
1980 536 2851
536 1980 2851
2851 536 1980
1716 2337 2534
2534 1716 2337
2337 1716 2534
639 1845 2008
2008 639 1845
1845 639 2008
1862 947 1043
1043 947 1862
947 1043 1862
2505 1066 2084
2084 1066 2505
1066 2084 2505
737 1285 2181
2181 737 1285
1285 737 2181
456 1607 1789
1607 456 1789
1789 456 1607
1754 338 2859
2859 338 1754
338 1754 2859
182 1612 2364
2364 182 1612
1612 182 2364
2700 11 571
11 571 2700
571 11 2700
1734 686 1155
1155 686 1734
686 1155 1734
2154 1574 2820
2820 1574 2154
1574 2154 2820
2504 284 2893
2893 284 2504
284 2504 2893
2664 158 2101
158 2101 2664
2101 158 2664
242 1096 2948
1096 242 2948
2948 242 1096
1613 2072 2219
2219 1613 2072
2072 1613 2219
66 309 2567
309 66 2567
2567 66 309
793 1137 1241
1137 793 1241
1241 793 1137
967 1572 2010
1572 967 2010
2010 967 1572
187 348 1469
348 187 1469
1469 187 348
1646 247 1556
247 1556 1646
1556 247 1646
2499 1364 1847
1364 1847 2499
1847 1364 2499
433 829 2881
829 433 2881
2881 433 829
1428 110 2031
110 1428 2031
2031 110 1428
164 389 2002
2002 164 389
389 164 2002
1804 432 2345
2345 432 1804
432 1804 2345
540 718 2332
718 540 2332
2332 540 718
82 1925 2114
1925 82 2114
2114 82 1925
2848 23 2506
2506 23 2848
23 2506 2848
1525 1979 2438
1979 1525 2438
2438 1525 1979
1372 1005 1875
1875 1005 1372
1005 1372 1875
2384 988 2764
2764 988 2384
988 2384 2764
1814 1195 2267
2267 1195 1814
1195 1814 2267
530 1584 2831
2831 530 1584
1584 530 2831
911 476 2148
2148 476 911
476 911 2148
1548 1182 2478
1182 1548 2478
2478 1182 1548
2304 14 381
14 381 2304
381 14 2304
2017 428 2784
2784 428 2017
428 2017 2784
901 715 2716
715 901 2716
2716 715 901
1183 980 1880
1880 980 1183
980 1183 1880
2340 425 1837
425 1837 2340
1837 425 2340
1666 2151 2314
2151 1666 2314
2314 1666 2151
862 2372 2622
2622 862 2372
2372 862 2622
902 1894 2649
1894 902 2649
2649 902 1894
1074 832 1931
1931 832 1074
832 1074 1931
2317 798 1235
1235 798 2317
798 1235 2317
2147 430 452
430 452 2147
452 430 2147
2979 2694 2704
2694 2704 2979
2704 2694 2979
1697 1533 2917
2917 1533 1697
1533 1697 2917
1166 1657 2858
1657 1166 2858
2858 1166 1657
2349 1420 1889
1889 1420 2349
1420 1889 2349
420 1652 2560
2560 420 1652
1652 420 2560
139 770 2750
770 139 2750
2750 139 770
414 453 820
820 414 453
453 414 820
2786 1717 2366
2366 1717 2786
1717 2366 2786
1216 179 2160
2160 179 1216
179 1216 2160
2301 618 2802
618 2301 2802
2802 618 2301
1873 1695 2258
2258 1695 1873
1695 1873 2258
1116 1029 1269
1029 1116 1269
1269 1029 1116
1995 912 1057
1057 912 1995
912 1057 1995
2491 127 1225
127 1225 2491
1225 127 2491
68 1039 1178
1178 68 1039
1039 68 1178
1831 1092 1530
1530 1092 1831
1092 1530 1831
42 879 2453
2453 42 879
879 42 2453
1271 886 2984
2984 886 1271
886 1271 2984
311 666 2110
666 311 2110
2110 311 666
2144 259 1169
1169 259 2144
259 1169 2144
1259 2111 2239
2111 1259 2239
2239 1259 2111
1272 499 1950
499 1272 1950
1950 499 1272
1952 2143 2731
2143 1952 2731
2731 1952 2143
2582 156 733
733 156 2582
156 733 2582
2827 2316 2939
2939 2316 2827
2316 2827 2939
2107 1625 2610
1625 2107 2610
2610 1625 2107
642 1110 1836
1836 642 1110
1110 642 1836
648 818 2669
818 648 2669
2669 648 818
1812 220 567
567 220 1812
220 567 1812
2911 398 615
615 398 2911
398 615 2911
2064 2055 2888
2055 2064 2888
2888 2055 2064
2854 871 1129
1129 871 2854
871 1129 2854
2259 416 2789
2789 416 2259
416 2259 2789
1699 2745 2936
2745 1699 2936
2936 1699 2745
332 145 198
198 145 332
145 198 332
1747 2563 2864
2563 1747 2864
2864 1747 2563
2068 2067 2477
2067 2068 2477
2477 2067 2068
659 2495 2763
2495 659 2763
2763 659 2495
64 1542 2829
2829 64 1542
1542 64 2829
2447 740 1189
1189 740 2447
740 1189 2447
2106 1274 2169
2169 1274 2106
1274 2106 2169
1683 658 1300
658 1300 1683
1300 658 1683
1869 717 2140
2140 717 1869
717 1869 2140
2803 1342 2657
1342 2657 2803
2657 1342 2803
1239 101 1150
1150 101 1239
101 1150 1239
2450 366 2719
366 2450 2719
2719 366 2450
599 920 1244
920 599 1244
1244 599 920
1532 315 873
315 873 1532
873 315 1532
1600 225 2770
225 1600 2770
2770 225 1600
2458 1215 1463
1463 1215 2458
1215 1463 2458
404 851 1568
1568 404 851
851 404 1568
888 999 2302
2302 888 999
999 888 2302
266 584 1455
1455 266 584
584 266 1455
1938 782 1204
1204 782 1938
782 1204 1938
1462 1416 2286
1416 1462 2286
2286 1416 1462
2133 953 2681
953 2133 2681
2681 953 2133
178 2783 2861
2861 178 2783
2783 178 2861
2431 1793 2887
2887 1793 2431
1793 2431 2887
1082 1802 1988
1988 1082 1802
1802 1082 1988
1926 43 2380
43 1926 2380
2380 43 1926
2137 29 455
455 29 2137
29 455 2137
214 523 749
523 214 749
749 214 523
1060 604 2732
604 1060 2732
2732 604 1060
2483 1328 2069
1328 2069 2483
2069 1328 2483
690 204 1041
1041 204 690
204 690 1041
826 975 2589
975 826 2589
2589 826 975
1167 339 2093
339 1167 2093
2093 339 1167
2078 909 2043
2043 909 2078
909 2043 2078
1128 2509 2581
2509 1128 2581
2581 1128 2509
527 2590 2927
2927 527 2590
2590 527 2927
1739 923 2077
2077 923 1739
923 1739 2077
2263 2059 2071
2071 2059 2263
2059 2071 2263
2809 883 1206
1206 883 2809
883 1206 2809
1423 1006 1954
1006 1423 1954
1954 1006 1423
2206 147 1655
1655 147 2206
147 1655 2206
227 397 2556
397 227 2556
2556 227 397
1218 1527 2715
2715 1218 1527
1527 1218 2715
2553 324 2493
324 2493 2553
2493 324 2553
2417 552 2284
2284 552 2417
552 2284 2417
183 1402 2787
1402 183 2787
2787 183 1402
383 1386 1419
1419 383 1386
1386 383 1419
994 623 2354
623 994 2354
2354 623 994
2496 842 2157
842 2157 2496
2157 842 2496
2045 942 1901
1901 942 2045
942 1901 2045
683 761 2836
761 683 2836
2836 683 761
1314 662 1062
1062 662 1314
662 1062 1314
1777 512 1104
512 1104 1777
1104 512 1777
45 1262 2333
2333 45 1262
1262 45 2333
201 651 1628
1628 201 651
651 201 1628
331 18 2015
2015 18 331
18 331 2015
1306 2348 2414
2414 1306 2348
2348 1306 2414
2919 1874 2320
2320 1874 2919
1874 2320 2919
1048 1451 2343
1451 1048 2343
2343 1048 1451
1025 927 2061
2061 927 1025
927 1025 2061
2603 1270 2536
2536 1270 2603
1270 2536 2603
812 2212 2774
2774 812 2212
2212 812 2774
2702 1893 2209
2209 1893 2702
1893 2209 2702
1576 1203 1541
1203 1541 1576
1541 1203 1576
1595 1186 1437
1437 1186 1595
1186 1437 1595
1448 375 2269
375 1448 2269
2269 375 1448
434 1004 2844
1004 434 2844
2844 434 1004
1605 1637 2869
1637 1605 2869
2869 1605 1637
1660 2671 2960
2671 1660 2960
2960 1660 2671
2371 924 1583
1583 924 2371
924 1583 2371
1856 2614 2929
2614 1856 2929
2929 1856 2614
2473 306 957
957 306 2473
306 957 2473
41 676 2866
676 41 2866
2866 41 676
1701 1240 1243
1243 1240 1701
1240 1243 1701
881 1529 1543
1529 881 1543
1543 881 1529
1378 990 2481
2481 990 1378
990 1378 2481
1113 1691 1775
1775 1113 1691
1691 1113 1775
1558 234 1058
234 1058 1558
1058 234 1558
2691 611 1000
1000 611 2691
611 1000 2691
2229 16 869
869 16 2229
16 869 2229
2163 88 2892
88 2163 2892
2892 88 2163
977 2279 2299
2299 977 2279
2279 977 2299
2584 196 2909
196 2584 2909
2909 196 2584
559 39 1838
39 559 1838
1838 39 559
1549 522 2821
522 1549 2821
2821 522 1549
949 631 2583
2583 631 949
631 949 2583
1477 401 641
401 641 1477
641 401 1477
2564 2511 2717
2717 2511 2564
2511 2564 2717
2234 700 2519
2519 700 2234
700 2234 2519
1642 60 704
704 60 1642
60 704 1642
673 497 2737
497 673 2737
2737 497 673
2692 1009 1292
1292 1009 2692
1009 1292 2692
411 1339 2037
1339 411 2037
2037 411 1339
2197 958 1505
958 1505 2197
1505 958 2197
1658 1067 1560
1067 1560 1658
1560 1067 1658
1478 1978 2962
2962 1478 1978
1978 1478 2962
2463 1911 1999
1911 1999 2463
1999 1911 2463
268 2080 2579
2080 268 2579
2579 268 2080
1482 838 2976
838 1482 2976
2976 838 1482
152 424 825
424 152 825
825 152 424
2109 135 1909
1909 135 2109
135 1909 2109
1213 1653 1932
1932 1213 1653
1653 1213 1932
597 144 955
144 597 955
955 144 597
1023 1608 2500
2500 1023 1608
1608 1023 2500
2928 1714 2890
1714 2890 2928
2890 1714 2928
1865 2833 2935
2833 1865 2935
2935 1865 2833
1353 172 1426
1426 172 1353
172 1353 1426
685 1651 1968
1651 685 1968
1968 685 1651
708 1435 2421
2421 708 1435
1435 708 2421
2322 591 2672
2672 591 2322
591 2322 2672
2600 1119 2767
2767 1119 2600
1119 2600 2767
363 1256 2863
1256 363 2863
2863 363 1256
1684 1859 2052
2052 1684 1859
1859 1684 2052
2178 702 2498
702 2178 2498
2498 702 2178
2501 1418 2942
1418 2501 2942
2942 1418 2501
317 788 1326
1326 317 788
788 317 1326
2830 47 2250
2250 47 2830
47 2250 2830
334 1429 2904
1429 334 2904
2904 334 1429
1743 95 2195
2195 95 1743
95 1743 2195
2217 277 2734
2734 277 2217
277 2217 2734
1395 1781 2969
1781 1395 2969
2969 1395 1781
2834 373 2130
2130 373 2834
373 2130 2834
2261 1832 2538
1832 2261 2538
2538 1832 2261
2729 1895 2243
2243 1895 2729
1895 2243 2729
2902 849 2397
2397 849 2902
849 2397 2902
816 443 2931
2931 443 816
443 816 2931
1156 936 2879
936 1156 2879
2879 936 1156
518 903 2125
903 518 2125
2125 518 903
1460 2129 2726
2726 1460 2129
2129 1460 2726
280 1573 1984
1984 280 1573
1573 280 1984
1923 626 2428
626 1923 2428
2428 626 1923
2703 1725 2819
2819 1725 2703
1725 2703 2819
2908 2882 2885
2882 2885 2908
2885 2882 2908
2507 362 2541
2541 362 2507
362 2507 2541
1098 725 1788
1788 725 1098
725 1098 1788
2811 1481 2712
2712 1481 2811
1481 2712 2811
1191 374 1711
374 1191 1711
1711 374 1191
1351 1019 2413
1019 1351 2413
2413 1019 1351
2256 889 1971
1971 889 2256
889 1971 2256
1038 1606 2126
1606 1038 2126
2126 1038 1606
1885 711 1033
711 1033 1885
1033 711 1885
940 1596 1970
1970 940 1596
1596 940 1970
294 1162 2666
2666 294 1162
1162 294 2666
1207 387 2089
2089 387 1207
387 1207 2089
1120 895 2454
2454 895 1120
895 1120 2454
1170 52 2097
52 1170 2097
2097 52 1170
1136 1441 1674
1674 1136 1441
1441 1136 1674
1486 1587 2766
2766 1486 1587
1587 1486 2766
703 1154 2533
1154 703 2533
2533 703 1154
1152 609 854
609 854 1152
854 609 1152
2282 2329 2468
2468 2282 2329
2329 2282 2468
2826 185 2835
185 2826 2835
2835 185 2826
1784 973 1551
973 1551 1784
1551 973 1784
632 1833 2613
2613 632 1833
1833 632 2613
1879 6 1028
6 1028 1879
1028 6 1879
1277 864 1965
864 1277 1965
1965 864 1277
1810 429 1860
429 1810 1860
1860 429 1810
2051 1671 2842
1671 2051 2842
2842 1671 2051
2363 175 194
175 194 2363
194 175 2363
951 1159 2476
2476 951 1159
1159 951 2476
709 1498 2652
2652 709 1498
1498 709 2652
2369 860 2857
860 2369 2857
2857 860 2369
1704 2124 2975
2975 1704 2124
2124 1704 2975
2486 80 1907
80 1907 2486
1907 80 2486
1778 461 2032
461 1778 2032
2032 461 1778
1076 303 2679
2679 303 1076
303 1076 2679
2198 2418 2741
2741 2198 2418
2418 2198 2741
1682 133 2104
2104 133 1682
133 1682 2104
435 594 1394
594 435 1394
1394 435 594
2846 192 2966
192 2846 2966
2966 192 2846
1089 1087 2466
1087 1089 2466
2466 1087 1089
2409 1319 1501
1319 1501 2409
1501 1319 2409
866 357 1842
357 866 1842
1842 357 866
916 714 822
822 714 916
714 822 916
1312 2747 2822
2822 1312 2747
2747 1312 2822
2435 1890 2943
1890 2435 2943
2943 1890 2435
2331 232 979
979 232 2331
232 979 2331
2085 354 2903
2903 354 2085
354 2085 2903
2033 801 2723
2723 801 2033
801 2033 2723
1571 1040 1324
1324 1040 1571
1040 1324 1571
636 582 845
582 636 845
845 582 636
2813 2539 2839
2839 2539 2813
2539 2813 2839
2595 791 1866
1866 791 2595
791 1866 2595
239 347 448
347 239 448
448 239 347
467 2021 2210
2210 467 2021
2021 467 2210
517 417 1515
417 517 1515
1515 417 517
1891 1458 2142
2142 1458 1891
1458 1891 2142
2441 743 2423
2423 743 2441
743 2423 2441
2616 1063 2562
1063 2562 2616
2562 1063 2616
228 550 1520
1520 228 550
550 228 1520
2134 493 621
621 493 2134
493 621 2134
2066 97 2733
97 2066 2733
2733 97 2066
531 385 796
385 531 796
796 385 531
2307 976 2038
976 2038 2307
2038 976 2307
1785 1192 2986
1192 1785 2986
2986 1192 1785
400 874 2013
874 400 2013
2013 400 874
2168 163 2785
2785 163 2168
163 2168 2785
1768 565 950
565 950 1768
950 565 1768
1151 1148 2248
1148 1151 2248
2248 1148 1151
803 285 2050
2050 285 803
285 803 2050
1564 1163 1881
1881 1163 1564
1163 1564 1881
2843 932 2385
2385 932 2843
932 2385 2843
547 1626 2443
2443 547 1626
1626 547 2443
800 502 2121
2121 502 800
502 800 2121
140 90 1993
1993 90 140
90 140 1993
587 353 2182
353 587 2182
2182 353 587
742 510 904
904 510 742
510 742 904
2688 1547 1884
1547 1884 2688
1884 1547 2688
2779 466 1139
1139 466 2779
466 1139 2779
2456 974 1031
974 1031 2456
1031 974 2456
2255 1012 2451
1012 2255 2451
2451 1012 2255
1016 378 2746
2746 378 1016
378 1016 2746
450 2527 2550
2550 450 2527
2527 450 2550
884 307 2744
307 884 2744
2744 307 884
2528 535 2373
2373 535 2528
535 2373 2528
2455 1433 2810
1433 2455 2810
2810 1433 2455
2824 1484 2585
2585 1484 2824
1484 2585 2824
830 1223 1752
1223 830 1752
1752 830 1223
1301 606 1115
606 1115 1301
1115 606 1301
619 1072 2047
1072 619 2047
2047 619 1072
1848 85 1245
85 1245 1848
1245 85 1848
1803 1196 2635
2635 1196 1803
1196 1803 2635
1366 875 2022
2022 875 1366
875 1366 2022
773 1432 1992
1432 773 1992
1992 773 1432
1553 177 409
409 177 1553
177 409 1553
470 1602 2060
1602 470 2060
2060 470 1602
1759 15 2913
2913 15 1759
15 1759 2913
2895 449 1544
1544 449 2895
449 1544 2895
1680 1508 1729
1508 1680 1729
1729 1508 1680
907 327 810
810 327 907
327 810 907
2113 593 722
722 593 2113
593 722 2113
1476 1466 1943
1466 1476 1943
1943 1466 1476
111 2601 2639
2639 111 2601
2601 111 2639
2291 1377 2288
1377 2288 2291
2288 1377 2291
2135 595 968
968 595 2135
595 968 2135
2249 2720 2900
2720 2249 2900
2900 2249 2720
2587 495 775
775 495 2587
495 775 2587
2650 1442 2658
1442 2650 2658
2658 1442 2650
2292 468 2701
468 2292 2701
2701 468 2292
422 274 2164
274 422 2164
2164 274 422
1160 489 1056
489 1056 1160
1056 489 1160
693 848 1185
848 693 1185
1185 693 848
2459 1518 2526
2526 1518 2459
1518 2459 2526
2098 1961 2223
1961 2098 2223
2223 1961 2098
267 1347 2039
1347 267 2039
2039 267 1347
1490 124 843
124 843 1490
843 124 1490
76 1114 2806
2806 76 1114
1114 76 2806
831 1644 2870
2870 831 1644
1644 831 2870
811 1758 1920
1920 811 1758
1758 811 1920
1431 343 1415
1415 343 1431
343 1415 1431
882 248 1685
1685 248 882
248 882 1685
610 170 589
170 589 610
589 170 610
2886 310 1818
310 1818 2886
1818 310 2886
2309 1264 2988
1264 2309 2988
2988 1264 2309
2761 1888 2992
2992 1888 2761
1888 2761 2992
614 655 870
870 614 655
655 614 870
1108 1830 2336
1830 1108 2336
2336 1108 1830
2257 948 2215
2215 948 2257
948 2215 2257
701 1281 1849
1849 701 1281
1281 701 1849
1896 320 2872
320 1896 2872
2872 320 1896
1728 983 1737
1737 983 1728
983 1728 1737
891 917 1124
1124 891 917
917 891 1124
596 226 1956
226 596 1956
1956 226 596
2264 7 1654
7 1654 2264
1654 7 2264
379 369 877
369 379 877
877 369 379
1173 292 695
695 292 1173
292 695 1173
688 553 2760
553 688 2760
2760 553 688
2091 555 2708
2708 555 2091
555 2091 2708
784 1413 2120
1413 784 2120
2120 784 1413
1996 1365 2630
1365 1996 2630
2630 1365 1996
1766 472 1641
472 1641 1766
1641 472 1766
1598 316 1722
1722 316 1598
316 1598 1722
2956 1946 2545
1946 2545 2956
2545 1946 2956
321 1519 2916
1519 321 2916
2916 321 1519
687 1265 2714
1265 687 2714
2714 687 1265
1079 654 2682
2682 654 1079
654 1079 2682
2971 757 1664
1664 757 2971
757 1664 2971
2954 1180 2896
1180 2896 2954
2896 1180 2954
2740 263 2924
2924 263 2740
263 2740 2924
9 504 745
745 9 504
504 9 745
1086 2274 2860
2860 1086 2274
2274 1086 2860
1332 1718 2758
1718 1332 2758
2758 1332 1718
71 1630 2474
1630 71 2474
2474 71 1630
1710 2146 2825
2146 1710 2825
2825 1710 2146
765 2407 2621
2621 765 2407
2407 765 2621
8 1003 1918
1003 8 1918
1918 8 1003
691 2289 2898
2289 691 2898
2898 691 2289
730 2554 2743
2743 730 2554
2554 730 2743
684 652 660
652 660 684
660 652 684
174 206 1871
1871 174 206
206 174 1871
1816 297 2706
297 1816 2706
2706 297 1816
276 1631 2211
2211 276 1631
1631 276 2211
856 549 1359
549 856 1359
1359 549 856
79 778 2311
2311 79 778
778 79 2311
2432 1828 2489
1828 2432 2489
2489 1828 2432
2757 1102 1121
1102 1121 2757
1121 1102 2757
2185 104 1188
1188 104 2185
104 1188 2185
577 386 1930
386 577 1930
1930 386 577
314 269 2773
2773 269 314
269 314 2773
1473 768 1904
768 1473 1904
1904 768 1473
2408 444 2980
444 2408 2980
2980 444 2408
2705 1212 2196
1212 2196 2705
2196 1212 2705
61 534 1672
534 61 1672
1672 61 534
2865 1951 2386
2386 1951 2865
1951 2386 2865
2710 1302 1427
1302 1427 2710
1427 1302 2710
1022 1693 2339
2339 1022 1693
1693 1022 2339
1123 799 1421
799 1123 1421
1421 799 1123
2405 496 1703
1703 496 2405
496 1703 2405
217 113 1449
113 217 1449
1449 113 217
2845 2268 2659
2268 2659 2845
2659 2268 2845
1165 1179 1562
1562 1165 1179
1179 1165 1562
459 859 1648
859 459 1648
1648 459 859
1957 837 2158
2158 837 1957
837 1957 2158
371 471 2334
471 371 2334
2334 371 471
431 2193 2208
2208 431 2193
2193 431 2208
754 2003 2026
2026 754 2003
2003 754 2026
1805 262 2918
262 1805 2918
2918 262 1805
962 675 2247
2247 675 962
675 962 2247
739 569 1398
569 739 1398
1398 569 739
1356 122 1348
1348 122 1356
122 1348 1356
58 539 2749
2749 58 539
539 58 2749
1634 1287 2768
2768 1287 1634
1287 1634 2768
1636 410 1589
410 1589 1636
1589 410 1636
1278 154 1439
154 1278 1439
1439 154 1278
2430 351 2139
351 2139 2430
2139 351 2430
2677 30 501
501 30 2677
30 501 2677
384 17 672
672 17 384
17 384 672
2108 13 2172
2172 13 2108
13 2108 2172
2318 157 2305
2305 157 2318
157 2305 2318
2213 1883 1910
1910 1883 2213
1883 1910 2213
1969 2739 2967
2967 1969 2739
2739 1969 2967
1882 2439 2876
2876 1882 2439
2439 1882 2876
3 180 1327
180 3 1327
1327 3 180
2191 2141 2167
2167 2141 2191
2141 2167 2191
176 403 1624
403 176 1624
1624 176 403
396 996 2058
2058 396 996
996 396 2058
2207 1916 2303
2303 1916 2207
1916 2207 2303
2937 1346 1623
1623 1346 2937
1346 1623 2937
914 766 1231
766 914 1231
1231 766 914
852 1393 2403
2403 852 1393
1393 852 2403
503 1503 2427
1503 503 2427
2427 503 1503
2572 346 1732
346 1732 2572
1732 346 2572
2628 57 2816
57 2628 2816
2816 57 2628
1211 1502 1516
1502 1211 1516
1516 1211 1502
318 312 2119
312 318 2119
2119 312 318
54 1594 2502
2502 54 1594
1594 54 2502
1616 2897 2972
2972 1616 2897
2897 1616 2972
1075 751 2449
2449 751 1075
751 1075 2449
1027 300 494
300 494 1027
494 300 1027
72 107 2932
2932 72 107
107 72 2932
1559 1101 1425
1101 1425 1559
1425 1101 1559
2735 469 2346
2346 469 2735
469 2346 2735
1410 77 1026
77 1026 1410
1026 77 1410
2310 970 2546
2546 970 2310
970 2310 2546
131 2594 2837
2837 131 2594
2594 131 2837
807 1922 2265
2265 807 1922
1922 807 2265
554 647 2187
647 554 2187
2187 554 647
36 2042 2326
2326 36 2042
2042 36 2326
1176 1059 2276
1059 1176 2276
2276 1059 1176
1474 1633 1942
1633 1474 1942
1942 1474 1633
1593 1550 2347
1550 1593 2347
2347 1550 1593
1325 1181 2852
1181 1325 2852
2852 1181 1325
2549 1246 1854
1246 1854 2549
1854 1246 2549
1899 520 1510
1510 520 1899
520 1510 1899
458 741 1387
1387 458 741
741 458 1387
441 671 1852
671 441 1852
1852 441 671
2420 519 1307
1307 519 2420
519 1307 2420
2155 665 767
767 665 2155
665 767 2155
1974 846 1707
1707 846 1974
846 1707 1974
1982 935 2891
2891 935 1982
935 1982 2891
2079 1011 1983
1983 1011 2079
1011 1983 2079
150 2 908
908 2 150
2 150 908
1592 1234 1794
1794 1234 1592
1234 1592 1794
2953 1581 2676
2676 1581 2953
1581 2676 2953
515 388 2352
388 515 2352
2352 388 515
1384 257 2011
257 1384 2011
2011 257 1384
1358 966 2531
966 1358 2531
2531 966 1358
1106 785 1390
1390 785 1106
785 1106 1390
678 2186 2598
2186 678 2598
2598 678 2186
2044 86 2204
2204 86 2044
86 2044 2204
438 640 965
965 438 640
640 438 965
2073 1379 2684
2684 1379 2073
1379 2073 2684
2338 867 1673
1673 867 2338
867 1673 2338
1567 33 2946
2946 33 1567
33 1567 2946
2028 726 2487
726 2028 2487
2487 726 2028
2849 774 1127
774 1127 2849
1127 774 2849
1221 557 1134
557 1134 1221
1134 557 1221
1299 601 1341
601 1299 1341
1341 601 1299
2105 402 1959
1959 402 2105
402 1959 2105
2024 1197 2287
1197 2024 2287
2287 1197 2024
2046 59 1350
1350 59 2046
59 1350 2046
1757 865 1643
865 1643 1757
1643 865 1757
419 2221 2646
2221 419 2646
2646 419 2221
1521 1126 1724
1126 1521 1724
1724 1126 1521
1659 2411 2990
2411 1659 2990
2990 1659 2411
1450 876 1687
1687 876 1450
876 1450 1687
2019 941 1323
1323 941 2019
941 1323 2019
1202 616 2444
616 1202 2444
2444 616 1202
191 350 1767
1767 191 350
350 191 1767
2576 929 931
931 929 2576
929 931 2576
939 153 590
153 590 939
590 153 939
2796 200 2994
2994 200 2796
200 2796 2994
2183 1446 2236
1446 2183 2236
2236 1446 2183
146 490 1073
1073 146 490
490 146 1073
1867 65 1903
65 1867 1903
1903 65 1867
142 1279 1610
1279 142 1610
1610 142 1279
102 1507 1756
1756 102 1507
1507 102 1756
2933 282 1601
282 1601 2933
1601 282 2933
258 1985 2877
1985 258 2877
2877 258 1985
989 270 2156
2156 270 989
270 989 2156
1396 1438 2515
1438 1396 2515
2515 1396 1438
1453 1288 2188
2188 1288 1453
1288 1453 2188
109 486 1091
1091 109 486
486 109 1091
2173 1336 1436
1336 1436 2173
1436 1336 2173
1897 1220 1730
1220 1730 1897
1730 1220 1897
1352 578 945
578 945 1352
945 578 1352
1047 1309 2446
2446 1047 1309
1309 1047 2446
568 1464 2300
2300 568 1464
1464 568 2300
190 291 2429
291 190 2429
2429 190 291
1267 376 797
376 797 1267
797 376 1267
1914 1748 2524
1748 1914 2524
2524 1748 1914
2699 2014 2485
2485 2014 2699
2014 2485 2699
509 119 2353
2353 119 509
119 509 2353
1526 694 2162
2162 694 1526
694 1526 2162
1340 764 1736
1736 764 1340
764 1340 1736
915 1755 1960
1755 915 1960
1960 915 1755
2862 758 2558
758 2558 2862
2558 758 2862
2910 223 880
880 223 2910
223 880 2910
1774 933 2360
2360 933 1774
933 1774 2360
2653 736 905
736 905 2653
905 736 2653
1591 1534 2335
1534 1591 2335
2335 1534 1591
2609 735 2177
735 2177 2609
2177 735 2609
148 506 1343
1343 148 506
506 148 1343
1713 368 1362
368 1362 1713
1362 368 1713
2377 273 2551
2551 273 2377
273 2377 2551
1853 1822 2605
1822 1853 2605
2605 1822 1853
2629 1480 2661
1480 2629 2661
2661 1480 2629
934 1459 1742
1742 934 1459
1459 934 1742
2955 1252 2883
1252 2883 2955
2883 1252 2955
2170 1771 2095
2095 1771 2170
1771 2095 2170
946 1291 2149
2149 946 1291
1291 946 2149
1397 913 1546
913 1397 1546
1546 913 1397
1440 26 689
26 689 1440
689 26 1440
2593 1876 2875
2875 1876 2593
1876 2593 2875
1688 1021 2376
1021 1688 2376
2376 1021 1688
1158 600 2094
600 1158 2094
2094 600 1158
1536 2383 2989
2383 1536 2989
2989 1536 2383
1761 586 2667
2667 586 1761
586 1761 2667
2242 1763 2378
1763 2242 2378
2378 1763 2242
1820 1528 1857
1528 1820 1857
1857 1528 1820
2412 1237 1638
1638 1237 2412
1237 1638 2412
2049 34 437
437 34 2049
34 437 2049
1792 566 1669
566 1669 1792
1669 566 1792
1512 710 2617
2617 710 1512
710 1512 2617
1706 637 2532
2532 637 1706
637 1706 2532
1745 216 1255
216 1255 1745
1255 216 1745
1851 861 993
993 861 1851
861 993 1851
2914 114 1749
114 1749 2914
1749 114 2914
2540 804 1800
804 1800 2540
1800 804 2540
1405 721 2926
2926 721 1405
721 1405 2926
2801 345 1650
1650 345 2801
345 1650 2801
1708 279 1858
279 1708 1858
1858 279 1708
802 418 2076
2076 418 802
418 802 2076
2370 2513 2840
2840 2370 2513
2513 2370 2840
1132 1345 1940
1940 1132 1345
1345 1132 1940
545 756 986
986 545 756
756 545 986
1010 603 2041
603 1010 2041
2041 603 1010
562 253 1840
1840 253 562
253 562 1840
930 251 1878
251 930 1878
1878 251 930
2216 1565 2401
2401 1565 2216
1565 2216 2401
2328 841 1284
1284 841 2328
841 1284 2328
2823 1363 2128
2128 1363 2823
1363 2128 2823
1434 74 399
74 399 1434
399 74 1434
1233 763 1487
1487 763 1233
763 1233 1487
787 937 1588
937 787 1588
1588 787 937
2725 423 2983
423 2725 2983
2983 423 2725
971 421 1263
421 971 1263
1263 421 971
446 1773 2152
2152 446 1773
1773 446 2152
319 819 1863
1863 319 819
819 319 1863
1668 207 670
670 207 1668
207 670 1668
1177 243 1538
1538 243 1177
243 1177 1538
1975 839 2742
839 1975 2742
2742 839 1975
2995 83 769
83 769 2995
769 83 2995
2027 656 2319
656 2027 2319
2319 656 2027
1085 1109 1130
1130 1085 1109
1109 1085 1130
2663 1125 2707
1125 2663 2707
2707 1125 2663
644 707 1392
1392 644 707
707 644 1392
298 2273 2457
2457 298 2273
2273 298 2457
1908 1485 1494
1485 1494 1908
1494 1485 1908
2689 583 2040
583 2040 2689
2040 583 2689
2150 2818 2912
2912 2150 2818
2818 2150 2912
1855 897 1077
897 1077 1855
1077 897 1855
634 94 2644
94 634 2644
2644 94 634
2030 254 1504
254 1504 2030
1504 254 2030
451 2388 2588
2388 451 2588
2588 451 2388
1513 1645 2275
1645 1513 2275
2275 1513 1645
699 815 1524
1524 699 815
815 699 1524
2054 2461 2868
