48 64 117
64 48 117
117 48 64
209 103 276
276 103 209
103 209 276
213 1 88
88 1 213
1 88 213
134 135 244
135 134 244
244 134 135
71 170 248
170 71 248
248 71 170
49 24 77
77 24 49
24 49 77
294 91 125
125 91 294
91 125 294
249 185 237
237 185 249
185 237 249
41 78 279
279 41 78
78 41 279
169 57 104
57 104 169
104 57 169
176 21 269
269 21 176
21 176 269
166 113 128
128 113 166
113 128 166
254 33 141
33 141 254
141 33 254
83 86 260
86 83 260
260 83 86
146 145 184
184 145 146
145 146 184
196 157 247
157 196 247
247 157 196
264 32 215
32 215 264
215 32 264
85 112 150
112 85 150
150 85 112
285 28 110
110 28 285
28 110 285
23 242 257
242 23 257
257 23 242
158 44 160
160 44 158
44 158 160
74 72 174
72 74 174
174 72 74
262 107 228
228 107 262
107 228 262
121 140 193
140 121 193
193 121 140
15 53 208
53 15 208
208 15 53
8 168 266
266 8 168
168 8 266
284 80 218
80 218 284
218 80 284
143 138 191
191 138 143
138 143 191
281 161 282
161 281 282
282 161 281
3 11 224
11 3 224
224 3 11
195 39 105
39 105 195
105 39 195
164 6 253
6 164 253
253 6 164
95 251 267
251 95 267
267 95 251
67 172 219
219 67 172
172 67 219
101 29 290
29 101 290
290 29 101
252 25 115
115 25 252
25 115 252
116 84 98
84 98 116
98 84 116
256 7 296
296 7 256
7 256 296
12 22 171
171 12 22
22 12 171
19 201 220
201 19 220
220 19 201
268 159 255
255 159 268
159 255 268
233 54 238
238 54 233
54 233 238
177 42 287
42 177 287
287 42 177
173 136 189
136 173 189
189 136 173
300 79 106
79 106 300
106 79 300
61 59 198
59 61 198
198 59 61
63 108 288
108 63 288
288 63 108
190 131 188
131 188 190
188 131 190
18 90 243
90 18 243
243 18 90
214 34 292
292 34 214
34 214 292
199 265 277
277 199 265
265 199 277
142 14 118
14 118 142
118 14 142
38 30 152
152 30 38
30 38 152
270 75 278
75 270 278
278 75 270
194 167 183
183 167 194
167 183 194
132 36 51
51 36 132
36 51 132
246 70 148
70 148 246
148 70 246
26 99 156
99 26 156
156 26 99
76 97 206
206 76 97
97 76 206
109 35 93
35 93 109
93 35 109
212 120 271
271 120 212
120 212 271
263 192 239
192 239 263
239 192 263
65 81 211
211 65 81
81 65 211
68 133 230
133 68 230
230 68 133
293 96 235
96 235 293
235 96 293
2 154 236
154 2 236
236 2 154
58 66 111
66 58 111
111 58 66
181 102 207
207 102 181
102 181 207
229 130 202
202 130 229
130 202 229
100 144 227
144 100 227
227 100 144
20 205 222
222 20 205
205 20 222
9 122 240
122 9 240
240 9 122
179 123 178
123 178 179
178 123 179
272 165 217
217 165 272
165 217 272
200 210 223
210 200 223
223 200 210
40 180 182
182 40 180
180 40 182
139 137 175
137 139 175
175 137 139
43 127 186
186 43 127
127 43 186
274 4 298
298 4 274
4 274 298
69 155 291
155 69 291
291 69 155
50 94 299
94 50 299
299 50 94
273 92 147
147 92 273
92 147 273
114 73 232
73 114 232
232 73 114
46 163 216
163 46 216
216 46 163
153 31 295
295 31 153
31 153 295
126 221 250
221 126 250
250 126 221
231 62 261
261 62 231
62 231 261
47 89 245
89 47 245
245 47 89
203 55 280
55 203 280
280 55 203
10 234 286
286 10 234
234 10 286
27 13 87
87 13 27
13 27 87
82 204 226
226 82 204
204 82 226
258 37 119
37 119 258
119 37 258
17 52 283
283 17 52
52 17 283
162 124 187
124 162 187
187 124 162
149 5 129
129 5 149
5 129 149
45 56 225
56 45 225
225 45 56
197 241 275
275 197 241
241 197 275
60 16 259
16 60 259
259 16 60
151 289 297
289 151 297
297 151 289
