2954 1519 1908
1908 1519 2954
1519 1908 2954
2545 1390 1803
1803 1390 2545
1390 1803 2545
740 471 1868
471 740 1868
1868 471 740
1462 950 1358
1358 950 1462
950 1358 1462
641 2084 2678
2678 641 2084
2084 641 2678
970 1499 2522
2522 970 1499
1499 970 2522
32 267 2600
2600 32 267
267 32 2600
1478 21 705
21 705 1478
705 21 1478
2512 996 1244
996 1244 2512
1244 996 2512
540 431 1977
1977 431 540
431 540 1977
534 1474 2820
1474 534 2820
2820 534 1474
135 811 1287
1287 135 811
811 135 1287
2145 1451 1951
1451 1951 2145
1951 1451 2145
2533 1726 2660
1726 2533 2660
2660 1726 2533
757 130 356
130 356 757
356 130 757
2113 1430 1786
1430 1786 2113
1786 1430 2113
618 1153 1990
1153 618 1990
1990 618 1153
2519 1217 1386
1386 1217 2519
1217 1386 2519
13 418 2496
418 13 2496
2496 13 418
2809 333 1281
1281 333 2809
333 1281 2809
1354 1331 2324
1331 1354 2324
2324 1331 1354
299 1611 2393
1611 299 2393
2393 299 1611
1577 962 2026
962 1577 2026
2026 962 1577
513 847 2238
2238 513 847
847 513 2238
1939 1554 1994
1994 1554 1939
1554 1939 1994
298 1957 2607
2607 298 1957
1957 298 2607
190 1077 1621
1621 190 1077
1077 190 1621
1388 1088 2295
2295 1088 1388
1088 1388 2295
2469 2623 2823
2623 2469 2823
2823 2469 2623
2940 362 2135
2135 362 2940
362 2135 2940
2800 374 863
374 863 2800
863 374 2800
2305 2104 2426
2426 2104 2305
2104 2305 2426
2746 1061 2312
2312 1061 2746
1061 2312 2746
142 1245 2813
2813 142 1245
1245 142 2813
1469 443 2551
2551 443 1469
443 1469 2551
621 22 599
599 22 621
22 599 621
240 2347 2911
2347 240 2911
2911 240 2347
165 550 1252
1252 165 550
550 165 1252
1568 1666 2374
2374 1568 1666
1666 1568 2374
2454 233 2257
2257 233 2454
233 2257 2454
1589 206 2562
2562 206 1589
206 1589 2562
862 1251 2237
2237 862 1251
1251 862 2237
907 2386 2998
2998 907 2386
2386 907 2998
140 1703 1955
1955 140 1703
1703 140 1955
430 530 2515
2515 430 530
530 430 2515
1859 900 2787
2787 900 1859
900 1859 2787
1810 43 1945
1945 43 1810
43 1810 1945
2915 923 2021
2021 923 2915
923 2021 2915
1022 724 1411
1411 724 1022
724 1022 1411
257 542 1677
1677 257 542
542 257 1677
2799 727 1289
727 1289 2799
1289 727 2799
2713 1480 2164
2164 1480 2713
1480 2164 2713
1084 919 1053
919 1053 1084
1053 919 1084
2753 1904 2412
2412 1904 2753
1904 2412 2753
2756 2275 2784
2784 2275 2756
2275 2756 2784
382 1590 2873
1590 382 2873
2873 382 1590
596 223 428
223 428 596
428 223 596
2833 171 1419
171 1419 2833
1419 171 2833
1308 1034 2456
1034 1308 2456
2456 1034 1308
227 2258 2587
2587 227 2258
2258 227 2587
1373 1362 2056
2056 1362 1373
1362 1373 2056
633 912 1055
912 633 1055
1055 633 912
502 380 949
949 380 502
380 502 949
2492 562 2643
562 2492 2643
2643 562 2492
2525 1431 1748
1431 1748 2525
1748 1431 2525
2188 635 2349
2349 635 2188
635 2188 2349
1066 1733 2457
2457 1066 1733
1733 1066 2457
166 1157 1758
1758 166 1157
1157 166 1758
2999 1473 2054
2054 1473 2999
1473 2054 2999
2543 137 379
379 137 2543
137 379 2543
2670 230 2770
230 2670 2770
2770 230 2670
2987 416 1785
1785 416 2987
416 1785 2987
1209 2287 2674
2674 1209 2287
2287 1209 2674
873 1938 2839
2839 873 1938
1938 873 2839
2241 6 1852
1852 6 2241
6 1852 2241
1615 1578 1866
1866 1578 1615
1578 1615 1866
145 68 1724
1724 68 145
68 145 1724
2650 1906 1916
1916 1906 2650
1906 1916 2650
2667 2057 2389
2057 2389 2667
2389 2057 2667
2263 83 456
456 83 2263
83 456 2263
1338 1443 2803
1443 1338 2803
2803 1338 1443
281 1111 2333
2333 281 1111
1111 281 2333
1148 2534 2557
2557 1148 2534
2534 1148 2557
936 1531 2637
2637 936 1531
1531 936 2637
954 841 1692
841 954 1692
1692 841 954
761 525 2783
2783 525 761
525 761 2783
1322 1638 1909
1909 1322 1638
1638 1322 1909
2376 160 1185
160 1185 2376
1185 160 2376
1301 620 2321
2321 620 1301
620 1301 2321
1476 182 2003
182 1476 2003
2003 182 1476
2877 527 1510
527 1510 2877
1510 527 2877
1143 501 2941
2941 501 1143
501 1143 2941
1766 546 1643
1643 546 1766
546 1643 1766
645 1091 1313
1091 645 1313
1313 645 1091
1870 2199 2373
2373 1870 2199
2199 1870 2373
1134 968 2959
968 1134 2959
2959 968 1134
2943 580 2811
580 2811 2943
2811 580 2943
1805 1743 2668
2668 1743 1805
1743 1805 2668
696 269 2568
2568 269 696
269 696 2568
549 2734 2903
2734 549 2903
2903 549 2734
1501 378 500
378 500 1501
500 378 1501
1276 189 1980
1980 189 1276
189 1276 1980
101 1630 1799
1630 101 1799
1799 101 1630
1366 2187 2335
2335 1366 2187
2187 1366 2335
2685 389 1227
389 1227 2685
1227 389 2685
1094 1830 2684
2684 1094 1830
1830 1094 2684
2249 472 1844
472 1844 2249
1844 472 2249
1708 1304 2150
2150 1304 1708
1304 1708 2150
1054 276 1423
276 1054 1423
1423 276 1054
1727 60 681
60 681 1727
681 60 1727
2343 442 1433
442 1433 2343
1433 442 2343
2151 1891 2323
2323 1891 2151
1891 2151 2323
770 1406 2847
1406 770 2847
2847 770 1406
1841 1064 2019
2019 1064 1841
1064 1841 2019
1808 1042 2259
1042 1808 2259
2259 1042 1808
1601 106 1133
1133 106 1601
106 1133 1601
286 1505 2503
2503 286 1505
1505 286 2503
702 168 1817
168 702 1817
1817 168 702
2195 421 2855
2855 421 2195
421 2195 2855
1099 141 931
141 931 1099
931 141 1099
2215 685 1000
1000 685 2215
685 1000 2215
293 929 1632
1632 293 929
929 293 1632
2584 598 2657
598 2584 2657
2657 598 2584
355 2042 2790
2042 355 2790
2790 355 2042
700 202 1435
1435 202 700
202 700 1435
2486 751 1989
751 1989 2486
1989 751 2486
1181 342 2884
2884 342 1181
342 1181 2884
2606 1775 2779
1775 2606 2779
2779 1775 2606
181 450 1014
1014 181 450
450 181 1014
2658 72 1235
1235 72 2658
72 1235 2658
91 2034 2499
2034 91 2499
2499 91 2034
511 876 1543
876 511 1543
1543 511 876
2398 1570 1801
1801 1570 2398
1570 1801 2398
2849 1268 1521
1268 1521 2849
1521 1268 2849
1895 361 2509
361 1895 2509
2509 361 1895
335 1800 2256
2256 335 1800
1800 335 2256
1078 2827 2993
2993 1078 2827
2827 1078 2993
1447 152 1104
152 1104 1447
1104 152 1447
2541 818 2677
818 2541 2677
2677 818 2541
1151 256 1937
1937 256 1151
256 1151 1937
1914 399 2192
2192 399 1914
399 1914 2192
1008 205 437
205 437 1008
437 205 1008
2296 760 2114
2114 760 2296
760 2114 2296
2450 338 837
338 837 2450
837 338 2450
301 944 2045
2045 301 944
944 301 2045
2880 20 1458
1458 20 2880
20 1458 2880
918 109 1682
109 918 1682
1682 109 918
2175 821 2840
821 2175 2840
2840 821 2175
2826 350 2131
2131 350 2826
350 2131 2826
412 278 1097
1097 278 412
278 412 1097
1037 2622 2868
2622 1037 2868
2868 1037 2622
2627 39 1819
39 1819 2627
1819 39 2627
2629 148 836
148 836 2629
836 148 2629
2158 1027 1902
1027 1902 2158
1902 1027 2158
31 393 2081
2081 31 393
393 31 2081
1262 693 1795
1795 693 1262
693 1262 1795
1467 716 2570
2570 716 1467
716 1467 2570
2460 2385 2441
2385 2441 2460
2441 2385 2460
2628 1351 2184
2184 1351 2628
1351 2184 2628
1440 200 2475
2475 200 1440
200 1440 2475
2204 839 1318
839 1318 2204
1318 839 2204
427 832 2032
832 427 2032
2032 427 832
2975 81 744
744 81 2975
81 744 2975
2444 198 897
897 198 2444
198 897 2444
1407 108 2146
2146 108 1407
108 1407 2146
2429 537 2902
2902 537 2429
537 2429 2902
2137 734 1481
1481 734 2137
734 1481 2137
2625 1983 2558
2558 1983 2625
1983 2558 2625
1092 1324 2721
2721 1092 1324
1324 1092 2721
1200 64 576
64 576 1200
576 64 1200
1507 1020 2165
1020 1507 2165
2165 1020 1507
1041 386 1883
386 1041 1883
1883 386 1041
807 2699 2971
2699 807 2971
2971 807 2699
1929 604 1646
604 1646 1929
1646 604 1929
1971 1739 2313
1739 1971 2313
2313 1739 1971
8 638 1899
1899 8 638
638 8 1899
643 414 1240
414 643 1240
1240 414 643
324 46 1030
1030 46 324
46 324 1030
1391 1848 2342
1848 1391 2342
2342 1391 1848
1356 1574 1781
1574 1356 1781
1781 1356 1574
2910 1580 1683
1683 1580 2910
1580 1683 2910
2781 2344 2723
2344 2723 2781
2723 2344 2781
2125 1597 2614
1597 2125 2614
2614 1597 2125
1248 221 1567
1567 221 1248
221 1248 1567
1607 245 1953
1953 245 1607
245 1607 1953
2432 1365 2683
2683 1365 2432
1365 2432 2683
728 947 2876
947 728 2876
2876 728 947
2560 1736 2183
1736 2183 2560
2183 1736 2560
3000 1260 1291
1260 1291 3000
1291 1260 3000
868 1172 2127
1172 868 2127
2127 868 1172
1081 192 629
192 629 1081
629 192 1081
87 359 2934
359 87 2934
2934 87 359
569 51 1073
1073 51 569
51 569 1073
2586 999 2489
999 2489 2586
2489 999 2586
1340 1593 2094
1593 1340 2094
2094 1340 1593
86 325 1395
1395 86 325
325 86 1395
819 2047 2197
2047 819 2197
2197 819 2047
1263 53 2695
53 1263 2695
2695 53 1263
636 183 1194
1194 183 636
183 636 1194
982 865 1858
1858 865 982
865 982 1858
340 872 2711
2711 340 872
872 340 2711
2724 52 787
787 52 2724
52 787 2724
401 1327 2962
1327 401 2962
2962 401 1327
927 1360 2224
1360 927 2224
2224 927 1360
498 708 2326
2326 498 708
708 498 2326
963 1656 1961
1656 963 1961
1961 963 1656
1769 213 266
266 213 1769
213 266 1769
1668 824 2735
2735 824 1668
824 1668 2735
2788 117 2817
2817 117 2788
117 2788 2817
1176 1887 2821
2821 1176 1887
1887 1176 2821
360 123 2214
2214 123 360
123 360 2214
586 384 2230
2230 384 586
384 586 2230
1579 2745 2859
2745 1579 2859
2859 1579 2745
2491 1538 1811
1538 1811 2491
1811 1538 2491
2119 671 2726
671 2119 2726
2726 671 2119
1072 1655 2306
2306 1072 1655
1655 1072 2306
1749 1839 2423
1839 1749 2423
2423 1749 1839
2181 1258 1305
1258 1305 2181
1305 1258 2181
1225 2309 2681
2309 1225 2681
2681 1225 2309
858 766 1114
1114 766 858
766 858 1114
1080 2073 2969
2073 1080 2969
2969 1080 2073
2728 1202 1582
1582 1202 2728
1202 1582 2728
2897 506 2798
2798 506 2897
506 2798 2897
2185 612 2936
2936 612 2185
612 2185 2936
2459 848 1233
848 1233 2459
1233 848 2459
78 659 1723
1723 78 659
659 78 1723
193 2856 2893
2856 193 2893
2893 193 2856
869 82 712
712 82 869
82 712 869
878 687 2588
687 878 2588
2588 687 878
2624 477 564
564 477 2624
477 564 2624
1442 283 2425
283 1442 2425
2425 283 1442
2758 1658 2996
1658 2758 2996
2996 1658 2758
2712 476 2765
2765 476 2712
476 2712 2765
1378 737 1437
1437 737 1378
737 1378 1437
1418 1045 2406
1045 1418 2406
2406 1045 1418
2740 589 2513
2513 589 2740
589 2513 2740
2834 1857 2760
1857 2760 2834
2760 1857 2834
2743 2609 2738
2609 2738 2743
2738 2609 2743
404 1862 1876
1876 404 1862
1862 404 1876
2487 1494 2160
1494 2160 2487
2160 1494 2487
439 251 2710
2710 251 439
251 439 2710
1405 1721 2671
1721 1405 2671
2671 1405 1721
1454 556 1342
1342 556 1454
556 1342 1454
1449 707 1561
707 1449 1561
1561 707 1449
63 287 2748
287 63 2748
2748 63 287
2277 59 2576
2576 59 2277
59 2277 2576
2767 1394 2363
2363 1394 2767
1394 2363 2767
993 510 2837
2837 510 993
510 993 2837
2038 1007 2917
1007 2038 2917
2917 1007 2038
40 1815 2174
2174 40 1815
1815 40 2174
1292 2077 2769
2769 1292 2077
2077 1292 2769
177 2211 2652
2211 177 2652
2652 177 2211
1613 1672 2136
1672 1613 2136
2136 1613 1672
216 1565 1949
1565 216 1949
1949 216 1565
2218 2001 2124
2001 2124 2218
2124 2001 2218
1958 317 864
864 317 1958
317 864 1958
2848 1551 2597
2597 1551 2848
1551 2597 2848
2328 406 2244
2244 406 2328
406 2244 2328
667 838 2029
838 667 2029
2029 667 838
2022 928 2037
928 2022 2037
2037 928 2022
1142 1234 1320
1234 1142 1320
1320 1142 1234
2102 1882 2116
2116 1882 2102
1882 2102 2116
654 2168 2639
2168 654 2639
2639 654 2168
945 608 2632
608 945 2632
2632 608 945
1472 785 1226
785 1226 1472
1226 785 1472
98 1009 1984
1984 98 1009
1009 98 1984
745 1495 1612
1495 745 1612
1612 745 1495
2642 284 445
284 445 2642
445 284 2642
1629 423 2485
2485 423 1629
423 1629 2485
1988 116 1357
116 1357 1988
1357 116 1988
515 1768 2929
1768 515 2929
2929 515 1768
2040 503 1165
503 1165 2040
1165 503 2040
1310 1039 2157
2157 1039 1310
1039 1310 2157
933 2605 2649
2649 933 2605
2605 933 2649
1833 1238 2063
2063 1238 1833
1238 1833 2063
1581 149 574
149 574 1581
574 149 1581
1771 1005 2351
2351 1005 1771
1005 1771 2351
2960 397 764
764 397 2960
397 764 2960
1323 28 780
780 28 1323
28 780 1323
2768 1540 2260
1540 2260 2768
2260 1540 2768
2255 1969 2675
2675 1969 2255
1969 2255 2675
2079 934 1127
934 1127 2079
1127 934 2079
1115 755 2708
755 1115 2708
2708 755 1115
2890 2196 2288
2288 2196 2890
2196 2288 2890
381 2601 2634
2601 381 2634
2634 381 2601
1809 1193 2565
1193 1809 2565
2565 1193 1809
524 804 2964
2964 524 804
804 524 2964
1774 1086 2621
1086 1774 2621
2621 1086 1774
235 1415 2867
2867 235 1415
1415 235 2867
2358 953 1812
1812 953 2358
953 1812 2358
1001 75 650
650 75 1001
75 650 1001
1171 1633 2973
1633 1171 2973
2973 1171 1633
289 185 2087
185 289 2087
2087 185 289
2088 1116 2402
1116 2088 2402
2402 1116 2088
1212 820 2854
2854 820 1212
820 1212 2854
1528 849 2451
2451 849 1528
849 1528 2451
2354 179 2049
2049 179 2354
179 2049 2354
156 1403 2046
2046 156 1403
1403 156 2046
2299 2397 2494
2494 2299 2397
2397 2299 2494
114 323 1286
1286 114 323
323 114 1286
1845 144 833
833 144 1845
144 833 1845
2392 1100 2980
2980 1100 2392
1100 2392 2980
1173 663 1267
1267 663 1173
663 1173 1267
207 309 2731
309 207 2731
2731 207 309
625 1002 2167
1002 625 2167
2167 625 1002
1425 887 2598
887 1425 2598
2598 887 1425
270 146 1004
1004 146 270
146 270 1004
1794 782 1466
1466 782 1794
782 1466 1794
1205 639 2420
639 1205 2420
2420 639 1205
796 795 2612
795 796 2612
2612 795 796
939 425 1747
425 939 1747
1747 425 939
881 1271 1948
1948 881 1271
1271 881 1948
981 2404 2687
2404 981 2687
2687 981 2404
402 577 1506
1506 402 577
577 402 1506
2828 591 1863
1863 591 2828
591 1863 2828
988 969 1416
1416 969 988
969 988 1416
1107 1347 2340
2340 1107 1347
1347 1107 2340
829 1617 2978
1617 829 2978
2978 829 1617
915 304 2924
2924 304 915
304 915 2924
143 212 2227
2227 143 212
212 143 2227
1046 896 1678
1678 896 1046
896 1046 1678
509 758 806
758 509 806
806 509 758
2715 664 1102
664 1102 2715
1102 664 2715
595 2596 2692
2692 595 2596
2596 595 2692
756 2103 2353
2353 756 2103
2103 756 2353
1542 1216 2078
2078 1216 1542
1216 1542 2078
911 2239 2410
2410 911 2239
2239 911 2410
2322 1189 2761
2761 1189 2322
1189 2322 2761
1508 672 2382
2382 672 1508
672 1508 2382
1901 19 1674
1674 19 1901
19 1674 1901
844 2156 2505
2505 844 2156
2156 844 2505
1485 1123 2270
2270 1123 1485
1123 1485 2270
94 243 746
746 94 243
243 94 746
718 1335 2700
2700 718 1335
1335 718 2700
2997 467 1050
467 1050 2997
1050 467 2997
244 375 2553
2553 244 375
375 244 2553
967 1059 2356
1059 967 2356
2356 967 1059
903 2772 2966
2966 903 2772
2772 903 2966
246 1058 1835
1835 246 1058
1058 246 1835
1773 49 1750
1750 49 1773
49 1750 1773
601 613 1487
613 601 1487
1487 601 613
646 1199 2381
1199 646 2381
2381 646 1199
2212 73 1363
73 1363 2212
1363 73 2212
80 1141 2123
2123 80 1141
1141 80 2123
1756 1517 2225
1517 1756 2225
2225 1517 1756
1047 2523 2864
2864 1047 2523
2523 1047 2864
2419 1270 2835
1270 2419 2835
2835 1270 2419
2266 1960 1997
1997 1960 2266
1960 1997 2266
2209 1982 2776
1982 2209 2776
2776 1982 2209
684 1898 1942
1942 684 1898
1898 684 1942
2198 277 1138
1138 277 2198
277 1138 2198
554 1688 2718
1688 554 2718
2718 554 1688
855 879 1903
879 855 1903
1903 855 879
1608 752 2561
752 1608 2561
2561 752 1608
1527 129 1069
1069 129 1527
129 1069 1527
1569 120 627
120 627 1569
627 120 1569
1175 826 1068
1068 826 1175
826 1068 1175
100 2983 2985
2983 100 2985
2985 100 2983
1201 225 2524
2524 225 1201
225 1201 2524
2337 1384 1954
1954 1384 2337
1384 1954 2337
2538 1846 2205
2205 1846 2538
1846 2205 2538
2173 1306 1680
1680 1306 2173
1306 1680 2173
1855 2739 2957
2957 1855 2739
2739 1855 2957
2132 731 932
932 731 2132
731 932 2132
2082 512 2066
2066 512 2082
512 2066 2082
828 204 615
615 204 828
204 615 828
749 1184 2516
2516 749 1184
1184 749 2516
1963 155 1912
1912 155 1963
155 1912 1963
2012 642 2378
642 2012 2378
2378 642 2012
1623 464 1150
464 1150 1623
1150 464 1623
2647 2013 2442
2442 2013 2647
2013 2442 2647
1083 1464 2041
1464 1083 2041
2041 1083 1464
1246 434 2947
2947 434 1246
434 1246 2947
2861 252 490
490 252 2861
252 490 2861
943 44 1752
44 943 1752
1752 44 943
2261 2179 2314
2179 2261 2314
2314 2179 2261
2819 2 347
2 347 2819
347 2 2819
1783 1788 2325
2325 1783 1788
1788 1783 2325
528 470 1160
1160 470 528
470 528 1160
2901 1978 2945
2945 1978 2901
1978 2901 2945
1221 657 2292
657 1221 2292
2292 657 1221
1559 1628 2048
2048 1559 1628
1628 1559 2048
1249 274 1737
1737 274 1249
274 1249 1737
336 1052 1385
1385 336 1052
1052 336 1385
1236 1928 2118
2118 1236 1928
1928 1236 2118
2644 940 1600
940 1600 2644
1600 940 2644
823 1986 2394
2394 823 1986
1986 823 2394
1917 253 2656
2656 253 1917
253 1917 2656
2581 1712 2016
2016 1712 2581
1712 2016 2581
2990 197 2532
2532 197 2990
197 2532 2990
1090 1352 2504
2504 1090 1352
1352 1090 2504
2445 295 1370
1370 295 2445
295 1370 2445
1962 532 1190
532 1190 1962
1190 532 1962
593 1393 2317
2317 593 1393
1393 593 2317
840 460 2170
2170 460 840
460 840 2170
2291 463 1599
1599 463 2291
463 1599 2291
178 1911 2273
1911 178 2273
2273 178 1911
1269 97 2918
2918 97 1269
97 1269 2918
973 914 1339
1339 914 973
914 973 1339
1300 590 2928
2928 590 1300
590 1300 2928
1728 856 1112
856 1112 1728
1112 856 1728
1314 250 2972
250 1314 2972
2972 250 1314
1618 1820 2493
2493 1618 1820
1820 1618 2493
2797 1023 1826
1826 1023 2797
1023 1826 2797
1293 1591 2659
1591 1293 2659
2659 1293 1591
2435 1605 2293
1605 2293 2435
2293 1605 2435
1441 1657 1905
1657 1441 1905
1905 1441 1657
488 736 2461
2461 488 736
736 488 2461
717 631 1627
1627 631 717
631 717 1627
1079 2583 2730
2730 1079 2583
2583 1079 2730
1414 2582 2841
2582 1414 2841
2841 1414 2582
2180 303 1652
1652 303 2180
303 1652 2180
1215 196 1797
196 1215 1797
1797 196 1215
392 1754 2580
1754 392 2580
2580 392 1754
1062 1893 2640
1893 1062 2640
2640 1062 1893
1504 496 1381
496 1381 1504
1381 496 1504
2403 125 2478
2478 125 2403
125 2403 2478
487 842 1821
1821 487 842
842 487 1821
2555 107 748
107 748 2555
748 107 2555
673 1315 1534
1534 673 1315
1315 673 1534
344 1076 2764
1076 344 2764
2764 344 1076
1842 614 2240
614 1842 2240
2240 614 1842
1624 762 2611
762 1624 2611
2611 762 1624
2387 679 1063
1063 679 2387
679 1063 2387
898 1132 1738
1738 898 1132
1132 898 1738
1843 29 1787
1787 29 1843
29 1787 1843
781 1122 1713
1713 781 1122
1122 781 1713
2107 1130 2177
2177 1130 2107
1130 2107 2177
1421 1616 2437
2437 1421 1616
1616 1421 2437
2528 735 1667
1667 735 2528
735 1667 2528
1187 199 275
199 275 1187
275 199 1187
810 644 1163
1163 644 810
644 810 1163
1402 1182 2298
2298 1182 1402
1182 1402 2298
649 830 2569
2569 649 830
830 649 2569
1279 1277 2594
1277 1279 2594
2594 1277 1279
1890 611 2618
611 1890 2618
2618 611 1890
2144 424 1408
424 1408 2144
1408 424 2144
813 408 1296
408 813 1296
1296 408 813
714 2122 2802
2122 714 2802
2802 714 2122
1514 1024 1113
1024 1113 1514
1113 1024 1514
1761 280 935
280 935 1761
935 280 1761
2680 1639 2852
2852 1639 2680
1639 2680 2852
2367 1158 2396
2396 1158 2367
1158 2367 2396
1558 2268 2542
2268 1558 2542
2542 1558 2268
2064 1459 2916
2916 1459 2064
1459 2064 2916
2155 37 2591
2591 37 2155
37 2155 2591
2331 407 1456
407 1456 2331
1456 407 2331
2217 980 2044
2044 980 2217
980 2044 2217
312 697 1920
1920 312 697
697 312 1920
523 316 1813
316 523 1813
1813 316 523
575 369 548
548 369 575
369 548 575
1822 2061 2815
2061 1822 2815
2815 1822 2061
1135 522 2008
522 1135 2008
2008 522 1135
1690 1865 2481
1865 1690 2481
2481 1690 1865
974 715 2307
2307 715 974
715 974 2307
2232 1397 1915
1397 1915 2232
1915 1397 2232
2619 104 2755
2755 104 2619
104 2619 2755
1361 602 1619
1619 602 1361
602 1361 1619
2011 2794 2899
2899 2011 2794
2794 2011 2899
1404 850 886
850 886 1404
886 850 1404
2879 507 2742
2742 507 2879
507 2742 2879
1307 917 998
917 998 1307
998 917 1307
1959 272 1220
272 1220 1959
1220 272 1959
2498 1071 2824
1071 2498 2824
2824 1071 2498
2942 959 2070
959 2070 2942
2070 959 2942
1927 174 255
255 174 1927
174 255 1927
1753 365 1109
1109 365 1753
365 1109 1753
2452 786 1879
786 1879 2452
1879 786 2452
1524 481 1635
481 1524 1635
1635 481 1524
799 38 2626
2626 38 799
38 799 2626
1422 441 812
441 812 1422
812 441 1422
2069 946 1592
946 1592 2069
1592 946 2069
187 1349 2018
1349 187 2018
2018 187 1349
905 1533 2075
1533 905 2075
2075 905 1533
2371 986 2361
986 2361 2371
2361 986 2371
320 505 1259
1259 320 505
505 320 1259
2098 1035 2502
2502 1035 2098
1035 2098 2502
1168 92 2904
2904 92 1168
92 1168 2904
2471 582 1036
1036 582 2471
582 1036 2471
1355 1229 2952
2952 1229 1355
1229 1355 2952
294 2234 2875
2234 294 2875
2875 294 2234
27 1154 2345
1154 27 2345
2345 27 1154
2015 1744 2035
1744 2015 2035
2035 1744 2015
2252 1460 1827
1827 1460 2252
1460 1827 2252
1634 485 2564
485 1634 2564
2564 485 1634
519 1452 2191
1452 519 2191
2191 519 1452
261 948 1321
948 261 1321
1321 261 948
1974 486 1763
486 1763 1974
1763 486 1974
2981 479 2737
2737 479 2981
479 2737 2981
1139 1923 2476
1923 1139 2476
2476 1139 1923
2747 1316 2651
1316 2651 2747
2651 1316 2747
2521 124 1367
1367 124 2521
124 1367 2521
2804 343 1392
343 1392 2804
1392 343 2804
2912 396 2925
2925 396 2912
396 2912 2925
609 743 942
743 609 942
942 609 743
1475 741 1966
1966 741 1475
741 1475 1966
1043 2017 2578
2017 1043 2578
2578 1043 2017
1326 447 801
801 447 1326
447 801 1326
1950 285 772
772 285 1950
285 772 1950
1 1040 2368
1040 1 2368
2368 1 1040
2536 1312 2207
2207 1312 2536
1312 2207 2536
1186 96 535
96 535 1186
535 96 1186
1541 857 2655
2655 857 1541
857 1541 2655
1884 1609 2310
2310 1609 1884
1609 1884 2310
2984 373 653
373 653 2984
653 373 2984
305 186 1450
1450 186 305
186 305 1450
1412 1013 1101
1013 1101 1412
1101 1013 1412
1294 282 2595
2595 282 1294
282 1294 2595
2289 1129 1941
1941 1129 2289
1129 1941 2289
161 603 1374
603 161 1374
1374 161 603
983 105 2479
105 983 2479
2479 105 983
2807 788 1665
1665 788 2807
788 1665 2807
493 1188 1725
1725 493 1188
1188 493 1725
128 157 2407
2407 128 157
157 128 2407
2750 65 2616
2616 65 2750
65 2616 2750
2422 56 248
248 56 2422
56 248 2422
884 825 2871
2871 825 884
825 884 2871
466 159 2350
159 466 2350
2350 159 466
367 889 2058
2058 367 889
889 367 2058
2159 678 1796
678 1796 2159
1796 678 2159
314 802 2329
802 314 2329
2329 314 802
319 1745 1765
1745 319 1765
1765 319 1745
438 517 1389
517 438 1389
1389 438 517
2400 371 1490
371 1490 2400
1490 371 2400
133 626 1017
1017 133 626
626 133 1017
1651 1556 2121
2121 1556 1651
1556 1651 2121
328 139 480
480 139 328
139 328 480
2860 704 2106
704 2106 2860
2106 704 2860
1555 208 1679
208 1555 1679
1679 208 1555
2795 234 1029
1029 234 2795
234 1029 2795
1755 232 1907
1907 232 1755
232 1755 1907
1861 579 2143
579 1861 2143
2143 579 1861
1369 33 191
33 191 1369
191 33 1369
3 790 1125
1125 3 790
790 3 1125
719 2039 2592
2592 719 2039
2039 719 2592
2176 1881 2472
2472 1881 2176
1881 2176 2472
779 1396 2401
1396 779 2401
2401 779 1396
2424 2271 2870
2271 2424 2870
2870 2271 2424
429 1900 2357
1900 429 2357
2357 429 1900
2488 2436 2535
2436 2488 2535
2535 2436 2488
1432 357 1198
1198 357 1432
357 1198 1432
45 871 2311
2311 45 871
871 45 2311
76 42 1448
1448 42 76
42 76 1448
420 866 1242
866 420 1242
1242 420 866
1549 1972 2220
1972 1549 2220
2220 1549 1972
585 2129 2907
2129 585 2907
2907 585 2129
90 1823 2550
2550 90 1823
1823 90 2550
775 2850 2963
2963 775 2850
2850 775 2963
538 263 2574
2574 263 538
263 538 2574
2673 126 1409
126 1409 2673
1409 126 2673
1834 469 1699
1699 469 1834
469 1699 1834
1470 767 2792
2792 767 1470
767 1470 2792
1596 409 2440
409 1596 2440
2440 409 1596
426 2470 2825
2470 426 2825
2825 426 2470
2506 345 1869
1869 345 2506
345 1869 2506
2375 478 624
624 478 2375
478 624 2375
805 859 2593
2593 805 859
859 805 2593
2163 605 1146
1146 605 2163
605 1146 2163
349 754 2446
2446 349 754
754 349 2446
2466 1498 2247
2247 1498 2466
1498 2247 2466
2228 695 1457
695 1457 2228
1457 695 2228
1686 331 2923
331 1686 2923
2923 331 1686
2696 2243 2267
2243 2267 2696
2267 2243 2696
2109 563 2992
563 2109 2992
2992 563 2109
1018 771 2539
771 1018 2539
2539 771 1018
606 809 2286
809 606 2286
2286 606 809
1336 1214 2282
2282 1214 1336
1214 1336 2282
1137 1436 2390
2390 1137 1436
1436 1137 2390
492 1011 1179
1179 492 1011
1011 492 1179
1598 778 1489
778 1489 1598
1489 778 1598
2383 1019 2889
2889 1019 2383
1019 2383 2889
1878 315 2573
315 1878 2573
2573 315 1878
1642 2138 2744
2744 1642 2138
2138 1642 2744
322 491 773
773 322 491
491 322 773
279 2380 2654
2380 279 2654
2654 279 2380
1530 800 1979
1979 800 1530
800 1530 1979
965 258 2874
258 965 2874
2874 258 965
264 753 1275
753 264 1275
1275 264 753
2891 1012 1341
1341 1012 2891
1012 1341 2891
262 172 860
172 262 860
860 172 262
1583 895 909
895 909 1583
909 895 1583
2023 2703 2774
2774 2023 2703
2703 2023 2774
1610 1649 2004
2004 1610 1649
1649 1610 2004
1888 2111 2771
2111 1888 2771
2771 1888 2111
661 377 958
377 661 958
958 377 661
1802 2007 2043
2043 1802 2007
2007 1802 2043
1603 723 2782
2782 723 1603
723 1603 2782
2994 292 1038
1038 292 2994
292 1038 2994
2083 394 822
822 394 2083
394 822 2083
1266 901 2754
901 1266 2754
2754 901 1266
668 2033 2529
2033 668 2529
2529 668 2033
1719 2548 2842
2842 1719 2548
2548 1719 2842
1670 1659 2888
1659 1670 2888
2888 1659 1670
1223 1325 2789
2789 1223 1325
1325 1223 2789
1067 557 2688
2688 557 1067
557 1067 2688
902 1645 1757
1757 902 1645
1645 902 1757
2280 1660 2716
1660 2280 2716
2716 1660 2280
41 2338 2510
2338 41 2510
2510 41 2338
2653 1571 2892
2892 1571 2653
1571 2653 2892
2154 417 1461
1461 417 2154
417 1461 2154
2482 259 2153
259 2153 2482
2153 259 2482
581 797 952
797 581 952
952 581 797
2602 2615 2775
2775 2602 2615
2615 2602 2775
1110 1128 1348
1348 1110 1128
1128 1110 1348
791 607 1572
1572 607 791
607 791 1572
354 1676 2458
1676 354 2458
2458 354 1676
750 1513 2294
2294 750 1513
1513 750 2294
1956 11 1892
1892 11 1956
11 1892 1956
551 330 1177
330 551 1177
1177 330 551
2149 1166 2845
1166 2149 2845
2845 1166 2149
57 1832 2812
1832 57 2812
2812 57 1832
874 54 726
726 54 874
54 726 874
110 1825 2433
2433 110 1825
1825 110 2433
1025 985 991
991 985 1025
985 991 1025
2421 1284 1995
1995 1284 2421
1284 1995 2421
1536 66 1057
66 1057 1536
1057 66 1536
222 521 834
521 222 834
834 222 521
725 489 2751
489 725 2751
2751 489 725
1026 332 1003
1003 332 1026
332 1003 1026
2031 584 1399
584 1399 2031
1399 584 2031
1751 561 2455
2455 561 1751
561 1751 2455
992 1622 2988
1622 992 2988
2988 992 1622
2691 370 454
370 454 2691
454 370 2691
808 2142 2430
2430 808 2142
2142 808 2430
2166 634 2391
634 2166 2391
2391 634 2166
1637 759 997
997 759 1637
759 997 1637
1691 153 2235
153 1691 2235
2235 153 1691
226 2796 2882
2796 226 2882
2882 226 2796
1606 1503 2467
1503 1606 2467
2467 1503 1606
353 803 1463
803 353 1463
1463 353 803
2474 682 1237
682 1237 2474
1237 682 2474
2645 1222 2316
1222 2316 2645
2316 1222 2645
1573 573 583
583 573 1573
573 583 1573
688 1343 2483
1343 688 2483
2483 688 1343
2140 1886 2995
2995 1886 2140
1886 2140 2995
1792 348 2927
2927 348 1792
348 1792 2927
2843 1145 1594
1594 1145 2843
1145 1594 2843
435 2633 2919
2633 435 2919
2919 435 2633
1169 307 1206
1206 307 1169
307 1169 1206
1685 1790 2722
1790 1685 2722
2722 1685 1790
1647 1836 2766
2766 1647 1836
1836 1647 2766
1604 526 1985
1985 526 1604
526 1604 1985
1359 1085 1976
1085 1359 1976
1976 1085 1359
2415 798 1566
798 1566 2415
1566 798 2415
1332 47 2202
2202 47 1332
47 1332 2202
2563 566 1793
566 1793 2563
1793 566 2563
2556 413 2171
413 2171 2556
2171 413 2556
162 956 2829
956 162 2829
2829 162 956
2898 1636 1776
1776 1636 2898
1636 1776 2898
1484 1033 2210
2210 1033 1484
1033 1484 2210
853 1791 2030
1791 853 2030
2030 853 1791
2872 670 1471
1471 670 2872
670 1471 2872
1662 1829 1880
1880 1662 1829
1829 1662 1880
2968 169 1673
169 1673 2968
1673 169 2968
560 2707 2883
2883 560 2707
2707 560 2883
134 1420 2439
2439 134 1420
1420 134 2439
835 321 2495
2495 321 835
321 835 2495
2909 1849 2732
1849 2732 2909
2732 1849 2909
2816 689 2453
2453 689 2816
689 2453 2816
2162 1093 2336
2336 1093 2162
1093 2162 2336
571 2002 2189
2002 571 2189
2189 571 2002
58 1910 2304
2304 58 1910
1910 58 2304
913 35 1947
1947 35 913
35 913 1947
2526 2857 2885
2857 2526 2885
2885 2526 2857
499 1152 2931
1152 499 2931
2931 499 1152
2914 2408 2676
2408 2676 2914
2676 2408 2914
2020 2604 2965
2965 2020 2604
2604 2020 2965
1049 698 1329
698 1049 1329
1329 698 1049
816 845 1720
1720 816 845
845 816 1720
2276 1946 2702
1946 2276 2702
2702 1946 2276
1509 1439 2780
1439 1509 2780
2780 1439 1509
777 1922 2405
2405 777 1922
1922 777 2405
2921 1896 2801
1896 2801 2921
2801 1896 2921
308 1965 1993
1993 308 1965
1965 308 1993
61 122 2099
2099 61 122
122 61 2099
1575 660 1247
660 1247 1575
1247 660 1575
1164 1707 2141
1707 1164 2141
2141 1164 1707
444 1280 2105
1280 444 2105
2105 444 1280
2360 119 1346
119 1346 2360
1346 119 2360
2585 339 1992
1992 339 2585
339 1992 2585
2991 2092 2110
2092 2110 2991
2110 2092 2991
268 1044 1871
1044 268 1871
1871 268 1044
2274 1940 2468
2468 1940 2274
1940 2274 2468
2480 176 2831
2831 176 2480
176 2480 2831
2091 916 2427
2427 916 2091
916 2091 2427
1482 410 2062
2062 410 1482
410 1482 2062
220 236 1328
1328 220 236
236 220 1328
1496 313 699
699 313 1496
313 699 1496
1520 74 792
74 792 1520
792 74 1520
1297 768 2147
768 1297 2147
2147 768 1297
658 2071 2635
2071 658 2635
2635 658 2071
2638 1564 2318
1564 2318 2638
2318 1564 2638
15 1274 2933
2933 15 1274
1274 15 2933
1557 1772 1818
1772 1557 1818
1818 1557 1772
2518 817 2806
817 2518 2806
2806 817 2518
2246 326 1710
326 1710 2246
1710 326 2246
1429 1779 2223
2223 1429 1779
1779 1429 2223
1563 843 2777
843 1563 2777
2777 843 1563
1372 18 327
327 18 1372
18 327 1372
1860 2095 2967
2095 1860 2967
2967 1860 2095
720 113 1631
113 720 1631
1631 113 720
1936 337 2365
2365 337 1936
337 1936 2365
559 238 2631
238 559 2631
2631 238 559
1782 1149 1426
1426 1149 1782
1149 1426 1782
1828 1695 2169
2169 1695 1828
1695 1828 2169
1243 1191 2706
2706 1191 1243
1191 1243 2706
2009 1479 1545
1479 1545 2009
1545 1479 2009
1060 457 2359
457 1060 2359
2359 457 1060
2693 131 2219
2219 131 2693
131 2219 2693
455 2449 2736
2449 455 2736
2736 455 2449
852 265 273
273 265 852
265 273 852
2961 88 1082
1082 88 2961
88 1082 2961
1330 960 1170
960 1170 1330
1170 960 1330
2793 1885 2599
2599 1885 2793
1885 2599 2793
533 1648 2290
1648 533 2290
2290 533 1648
2579 111 2108
111 2108 2579
2108 111 2579
311 628 1120
628 311 1120
1120 311 628
2720 2320 2694
2694 2320 2720
2320 2694 2720
1620 138 2906
2906 138 1620
138 1620 2906
951 419 465
419 465 951
465 419 951
24 867 1401
1401 24 867
867 24 1401
570 1850 2384
2384 570 1850
1850 570 2384
2544 241 1780
241 1780 2544
1780 241 2544
1261 209 249
209 249 1261
249 209 1261
1516 1056 1897
1056 1516 1897
1897 1056 1516
1156 1303 2540
1303 1156 2540
2540 1156 1303
1065 520 2284
520 1065 2284
2284 520 1065
774 701 1511
701 774 1511
1511 701 774
366 67 600
600 67 366
67 366 600
2537 1700 2086
2086 1700 2537
1700 2086 2537
514 290 2025
2025 290 514
290 514 2025
710 1021 1550
1550 710 1021
1021 710 1550
783 588 2024
2024 588 783
588 783 2024
1925 885 1344
885 1344 1925
1344 885 1925
2830 387 2514
387 2514 2830
2514 387 2830
1282 1131 2822
2822 1131 1282
1131 1282 2822
89 459 2620
2620 89 459
459 89 2620
1653 2379 2937
2937 1653 2379
2379 1653 2937
50 84 446
446 50 84
84 50 446
2080 390 2010
390 2010 2080
2010 390 2080
941 1784 1999
1784 941 1999
1999 941 1784
237 2014 2547
2547 237 2014
2014 237 2547
2213 451 1930
451 1930 2213
1930 451 2213
831 2093 2490
2093 831 2490
2490 831 2093
891 55 2851
55 891 2851
2851 55 891
870 1932 2264
1932 870 2264
2264 870 1932
1196 594 2265
2265 594 1196
594 1196 2265
1364 1319 1694
1694 1319 1364
1319 1364 1694
1121 385 411
411 385 1121
385 411 1121
1804 1283 1585
1585 1283 1804
1283 1585 1804
2085 647 1523
647 1523 2085
1523 647 2085
215 271 2315
271 215 2315
2315 215 271
2935 4 851
851 4 2935
4 851 2935
2895 473 1681
1681 473 2895
473 1681 2895
422 14 665
14 422 665
665 14 422
1299 147 1669
1669 147 1299
147 1299 1669
2805 1368 2672
1368 2672 2805
2672 1368 2805
676 69 1147
69 676 1147
1147 69 676
1375 1376 2709
2709 1375 1376
1376 1375 2709
2944 93 2067
2067 93 2944
93 2067 2944
376 541 1705
1705 376 541
541 376 1705
2172 1428 2222
2222 1428 2172
1428 2172 2222
568 1730 2128
1730 568 2128
2128 568 1730
1689 1387 2977
1387 1689 2977
2977 1387 1689
978 984 2115
984 978 2115
2115 978 984
433 458 1535
1535 433 458
458 433 1535
1525 713 894
713 894 1525
894 713 1525
1468 703 2355
2355 703 1468
703 1468 2355
2278 1529 1874
1529 1874 2278
1874 1529 2278
815 721 1195
1195 721 815
721 815 1195
383 1231 1285
1231 383 1285
1285 383 1231
2686 132 2698
132 2686 2698
2698 132 2686
910 363 536
363 536 910
536 363 910
1207 1548 2757
2757 1207 1548
1548 1207 2757
71 1770 1968
1968 71 1770
1770 71 1968
906 1124 2050
2050 906 1124
1124 906 2050
2896 449 2979
449 2896 2979
2979 449 2896
1413 1483 2648
2648 1413 1483
1483 1413 2648
1477 1161 2527
1161 1477 2527
2527 1161 1477
2589 228 652
652 228 2589
228 652 2589
26 1446 2193
2193 26 1446
1446 26 2193
2302 742 908
742 908 2302
908 742 2302
1140 617 1644
617 1140 1644
1644 617 1140
403 163 1434
1434 163 403
163 403 1434
462 62 1197
62 462 1197
1197 62 462
1239 518 1837
518 1239 1837
1837 518 1239
2301 814 2377
814 2301 2377
2377 814 2301
1427 95 1970
1970 95 1427
95 1427 1970
1981 2531 2727
2531 1981 2727
2727 1981 2531
1512 2418 2465
2418 1512 2465
2465 1512 2418
2027 1732 2905
2905 1732 2027
1732 2027 2905
683 1155 2060
2060 683 1155
1155 683 2060
85 784 1424
1424 85 784
784 85 1424
1576 2500 2646
2646 1576 2500
2500 1576 2646
990 300 1944
300 990 1944
1944 300 990
1625 2332 2388
2332 1625 2388
2388 1625 2332
7 1334 1664
1664 7 1334
1334 7 1664
2068 217 2749
2749 217 2068
217 2068 2749
2006 2664 2785
2785 2006 2664
2664 2006 2785
1684 1760 1991
1991 1684 1760
1760 1684 1991
70 2462 2608
2462 70 2608
2608 70 2462
2161 115 2762
2762 115 2161
115 2161 2762
1701 1816 2297
1816 1701 2297
2297 1701 1816
288 1522 2613
1522 288 2613
2613 288 1522
2052 1311 1317
1317 1311 2052
1311 1317 2052
2000 994 1445
1445 994 2000
994 1445 2000
2778 2366 2894
2894 2366 2778
2366 2778 2894
1382 2229 2725
2229 1382 2725
2725 1382 2229
765 738 2352
738 765 2352
2352 738 765
926 2200 2920
2920 926 2200
2200 926 2920
930 957 1777
1777 930 957
957 930 1777
1526 99 351
351 99 1526
99 351 1526
118 474 1544
474 118 1544
1544 118 474
2117 12 2036
12 2036 2117
2036 12 2117
10 1718 2242
2242 10 1718
1718 10 2242
2248 1070 1562
1562 1070 2248
1070 1562 2248
1302 732 1626
732 1302 1626
1626 732 1302
2370 587 1975
1975 587 2370
587 1975 2370
1117 2714 2759
2759 1117 2714
2714 1117 2759
2447 1546 1602
1602 1546 2447
1546 1602 2447
302 180 1759
1759 180 302
180 302 1759
722 167 1087
1087 167 722
167 722 1087
1919 1698 1877
1877 1698 1919
1698 1877 1919
1996 937 1410
937 1410 1996
1410 937 1996
2443 210 2330
210 2330 2443
2330 210 2443
1288 1853 2689
1853 1288 2689
2689 1288 1853
391 1894 2665
2665 391 1894
1894 391 2665
669 1789 2661
1789 669 2661
2661 669 1789
2939 448 2733
2733 448 2939
448 2733 2939
2697 1491 2887
2887 1491 2697
1491 2697 2887
310 793 882
882 310 793
793 310 882
1933 151 364
364 151 1933
151 364 1933
224 1518 1806
1518 224 1806
1806 224 1518
2662 964 1108
964 1108 2662
1108 964 2662
17 675 1298
675 17 1298
1298 17 675
2497 495 1051
495 1051 2497
1051 495 2497
1650 229 2178
2178 229 1650
229 1650 2178
1444 1926 2886
1926 1444 2886
2886 1444 1926
1584 597 2878
597 1584 2878
2878 597 1584
2072 1640 2051
2051 1640 2072
1640 2051 2072
2869 136 955
136 955 2869
955 136 2869
2663 2417 2701
2701 2417 2663
2417 2663 2701
2881 854 1453
1453 854 2881
854 1453 2881
1814 291 1998
1998 291 1814
291 1814 1998
2955 2028 2590
2028 2590 2955
2590 2028 2955
2097 776 2846
2846 776 2097
776 2097 2846
334 1241 2148
1241 334 2148
2148 334 1241
2508 484 2233
484 2233 2508
2233 484 2508
2577 1587 2139
1587 2139 2577
2139 1587 2577
2982 211 544
211 544 2982
544 211 2982
483 888 2434
2434 483 888
888 483 2434
578 398 1333
398 578 1333
1333 398 578
794 1203 2974
1203 794 2974
2974 794 1203
1383 2126 2948
2948 1383 2126
2126 1383 2948
1709 5 2844
5 1709 2844
2844 5 1709
175 504 2206
2206 175 504
504 175 2206
164 1031 1675
1675 164 1031
1031 164 1675
2473 352 2679
2679 352 2473
352 2473 2679
2484 1537 2838
1537 2484 2838
2838 1537 2484
2226 1257 2900
1257 2226 2900
2900 1257 2226
890 219 2636
2636 219 890
219 890 2636
2763 150 2717
2717 150 2763
150 2717 2763
1230 1697 2416
2416 1230 1697
1697 1230 2416
632 1272 2546
2546 632 1272
1272 632 2546
2245 297 1048
297 1048 2245
1048 297 2245
1144 1663 1872
1663 1144 1872
1872 1144 1663
1337 1377 1706
1706 1337 1377
1377 1337 1706
1687 662 2250
2250 662 1687
662 1687 2250
995 694 2262
694 995 2262
2262 694 995
260 9 1867
1867 9 260
9 260 1867
883 938 1089
938 883 1089
1089 883 938
1967 686 2253
2253 686 1967
686 1967 2253
2341 655 1224
1224 655 2341
655 1224 2341
1255 415 789
415 789 1255
789 415 1255
2414 1500 2364
2364 1500 2414
1500 2364 2414
2194 637 846
637 846 2194
846 637 2194
194 1840 2231
1840 194 2231
2231 194 1840
1913 2617 2863
2617 1913 2863
2863 1913 2617
195 1379 1614
1614 195 1379
1379 195 1614
2865 531 2281
531 2281 2865
2281 531 2865
1350 2853 2862
2862 1350 2853
2853 1350 2862
1731 154 1715
1715 154 1731
154 1715 1731
2413 329 2182
2182 329 2413
329 2182 2413
1075 239 2836
239 1075 2836
2836 239 1075
2832 112 1918
112 1918 2832
1918 112 2832
1096 979 2090
979 1096 2090
2090 979 1096
170 1208 2741
1208 170 2741
2741 170 1208
2074 674 1661
674 1661 2074
1661 674 2074
2858 1211 1492
1492 1211 2858
1211 1492 2858
1798 218 1183
1183 218 1798
218 1183 1798
2953 616 2339
616 2339 2953
2339 616 2953
1924 1588 2956
2956 1588 1924
1588 1924 2956
1273 552 2438
552 1273 2438
2438 552 1273
2517 558 2729
558 2517 2729
2729 558 2517
733 763 2501
2501 733 763
763 733 2501
2120 482 2272
2272 482 2120
482 2120 2272
2669 2201 2346
2201 2346 2669
2346 2201 2669
1762 709 1740
1740 709 1762
709 1740 1762
989 2567 2773
2567 989 2773
2773 989 2567
553 254 1873
1873 254 553
254 553 1873
34 2399 2808
2399 34 2808
2808 34 2399
1704 622 2216
622 1704 2216
2216 622 1704
769 475 690
475 690 769
690 475 769
1253 921 2603
2603 921 1253
921 1253 2603
16 1741 2572
1741 16 2572
2572 16 1741
1553 306 1875
306 1553 1875
1875 306 1553
2100 247 904
904 247 2100
247 904 2100
1119 358 1702
1702 358 1119
358 1119 1702
2976 1192 2913
2913 1192 2976
1192 2913 2976
231 2372 2970
2970 231 2372
2372 231 2970
1943 680 2221
2221 680 1943
680 1943 2221
1228 296 1371
296 1228 1371
1371 296 1228
2134 666 1095
1095 666 2134
666 1095 2134
1767 25 1586
25 1586 1767
1586 25 1767
453 1671 1964
1964 453 1671
1671 453 1964
1734 1465 1696
1465 1696 1734
1696 1465 1734
368 648 1764
648 368 1764
1764 368 648
400 875 1015
875 400 1015
1015 400 875
1074 1735 1831
1735 1074 1831
1831 1074 1735
2005 1278 2448
1278 2005 2448
2448 1278 2005
1935 623 2130
2130 623 1935
623 1935 2130
1136 893 1778
893 1136 1778
1778 893 1136
1952 440 567
440 567 1952
567 440 1952
452 30 1264
30 452 1264
1264 30 452
436 77 2203
2203 77 436
77 436 2203
1838 1167 2059
2059 1167 1838
1167 1838 2059
1693 318 2319
318 1693 2319
2319 318 1693
1595 922 1539
922 1539 1595
1539 922 1595
961 346 2308
346 961 2308
2308 346 961
201 508 2530
508 201 2530
2530 201 508
2938 2334 2641
2334 2641 2938
2641 2334 2938
2566 1716 1807
1716 1807 2566
1807 1716 2566
730 1098 1488
1098 730 1488
1488 730 1098
2464 640 1438
1438 640 2464
640 1438 2464
2251 1824 2096
2096 1824 2251
1824 2096 2251
545 1497 2362
2362 545 1497
1497 545 2362
1889 1232 1486
1232 1486 1889
1486 1232 1889
102 1345 1921
1921 102 1345
1345 102 1921
2053 2186 2958
2958 2053 2186
2186 2053 2958
2630 1729 1847
1847 1729 2630
1729 1847 2630
494 103 2932
103 494 2932
2932 103 494
691 79 1028
1028 79 691
79 691 1028
630 468 1515
468 630 1515
1515 468 630
880 1552 1973
1973 880 1552
1552 880 1973
2951 610 677
677 610 2951
610 677 2951
2559 1851 2922
2922 1851 2559
1851 2559 2922
158 214 2101
214 158 2101
2101 158 214
1218 242 2682
2682 242 1218
242 1218 2682
1162 36 1250
36 1162 1250
1250 36 1162
497 341 739
341 497 739
739 341 497
877 592 1105
592 877 1105
1105 592 877
1219 1295 2055
2055 1219 1295
1295 1219 2055
2283 1204 1934
1204 1934 2283
1934 1204 2283
1210 516 2133
2133 516 1210
516 1210 2133
2507 395 977
977 395 2507
395 977 2507
121 2190 2520
2520 121 2190
2190 121 2520
1265 1159 2705
2705 1159 1265
1159 1265 2705
1717 1309 1641
1641 1309 1717
1309 1641 1717
892 432 2152
432 892 2152
2152 432 892
565 1722 2285
1722 565 2285
2285 565 1722
