4640 12762 14188
14188 4640 12762
12762 4640 14188
5560 5677 17923
17923 5560 5677
5677 5560 17923
8726 20254 20545
20254 8726 20545
20545 8726 20254
15214 11003 14487
11003 14487 15214
14487 11003 15214
9511 3827 21077
21077 3827 9511
3827 9511 21077
12874 3180 3995
3995 3180 12874
3180 3995 12874
4858 2924 4545
4545 2924 4858
2924 4545 4858
9439 20228 23368
23368 9439 20228
20228 9439 23368
28973 22318 26939
26939 22318 28973
22318 26939 28973
15875 196 2581
2581 196 15875
196 2581 15875
6071 11477 13150
13150 6071 11477
11477 6071 13150
21212 5433 28588
5433 21212 28588
28588 5433 21212
10539 1865 23280
23280 1865 10539
1865 10539 23280
13800 27620 28353
27620 13800 28353
28353 13800 27620
12138 12653 15862
12653 12138 15862
15862 12138 12653
28024 1141 1357
1357 1141 28024
1141 1357 28024
18436 676 25508
676 18436 25508
25508 676 18436
28382 5903 26889
5903 26889 28382
26889 5903 28382
1382 6957 10202
10202 1382 6957
6957 1382 10202
19445 13151 18249
18249 13151 19445
13151 18249 19445
1037 3047 14175
3047 1037 14175
14175 1037 3047
22379 5048 21054
5048 21054 22379
21054 5048 22379
7682 9969 19050
19050 7682 9969
9969 7682 19050
18186 7100 18164
7100 18164 18186
18164 7100 18186
28322 16443 18267
16443 18267 28322
18267 16443 28322
19821 23471 26583
23471 19821 26583
26583 19821 23471
26341 10805 27743
10805 26341 27743
27743 10805 26341
29699 1250 6359
1250 6359 29699
6359 1250 29699
10534 8466 12829
12829 8466 10534
8466 10534 12829
21568 24196 28347
24196 21568 28347
28347 21568 24196
21661 4156 24134
24134 4156 21661
4156 21661 24134
1033 4673 19169
4673 1033 19169
19169 1033 4673
15316 10861 27008
10861 15316 27008
27008 10861 15316
23782 3326 14889
3326 14889 23782
14889 3326 23782
8872 7714 20572
20572 7714 8872
7714 8872 20572
1632 7728 20017
20017 1632 7728
7728 1632 20017
19339 20986 26229
20986 19339 26229
26229 19339 20986
15164 3401 19724
19724 3401 15164
3401 15164 19724
25855 7368 22586
22586 7368 25855
7368 22586 25855
15421 11063 22955
11063 15421 22955
22955 11063 15421
26585 1961 11966
11966 1961 26585
1961 11966 26585
22217 396 20426
396 20426 22217
20426 396 22217
4262 1455 22801
1455 4262 22801
22801 1455 4262
8803 4782 7414
4782 7414 8803
7414 4782 8803
14170 11810 20162
20162 11810 14170
11810 14170 20162
21839 12376 21004
12376 21004 21839
21004 12376 21839
13796 1439 24606
1439 13796 24606
24606 1439 13796
21359 27544 28332
28332 21359 27544
27544 21359 28332
3713 20344 24812
24812 3713 20344
20344 3713 24812
13677 21006 26468
26468 13677 21006
21006 13677 26468
18530 3378 8567
3378 8567 18530
8567 3378 18530
462 1893 9506
9506 462 1893
1893 462 9506
10577 7244 10719
7244 10577 10719
10719 7244 10577
29281 1443 26543
1443 26543 29281
26543 1443 29281
28158 2274 8837
8837 2274 28158
2274 8837 28158
24563 3103 23488
23488 3103 24563
3103 23488 24563
20142 8728 22880
8728 20142 22880
22880 8728 20142
20461 8476 14169
14169 8476 20461
8476 14169 20461
17323 10291 25238
10291 17323 25238
25238 10291 17323
217 2509 8247
2509 217 8247
8247 217 2509
13691 3099 19849
3099 13691 19849
19849 3099 13691
11665 745 21313
21313 745 11665
745 11665 21313
27318 13311 28658
13311 27318 28658
28658 13311 27318
14424 5124 16076
16076 5124 14424
5124 14424 16076
2506 10604 12726
12726 2506 10604
10604 2506 12726
13364 13952 23840
13952 13364 23840
23840 13364 13952
3457 20003 20773
20773 3457 20003
20003 3457 20773
16301 17879 18198
17879 16301 18198
18198 16301 17879
16506 21580 26746
21580 16506 26746
26746 16506 21580
10002 10713 11073
11073 10002 10713
10713 10002 11073
4636 33 13286
13286 33 4636
33 4636 13286
468 3285 25556
25556 468 3285
3285 468 25556
19888 11292 13234
13234 11292 19888
11292 13234 19888
3337 8558 12568
8558 3337 12568
12568 3337 8558
17428 4484 19543
4484 17428 19543
19543 4484 17428
18546 26919 29740
29740 18546 26919
26919 18546 29740
23244 4250 20546
20546 4250 23244
4250 20546 23244
29749 11119 13853
11119 13853 29749
13853 11119 29749
3480 9832 25099
9832 3480 25099
25099 3480 9832
29768 19693 22439
19693 22439 29768
22439 19693 29768
814 4761 27196
27196 814 4761
4761 814 27196
19878 6066 10287
10287 6066 19878
6066 10287 19878
13320 18498 26430
26430 13320 18498
18498 13320 26430
16419 1532 29361
1532 16419 29361
29361 1532 16419
16008 17318 26505
26505 16008 17318
17318 16008 26505
24031 5673 13475
13475 5673 24031
5673 13475 24031
17032 903 19117
903 17032 19117
19117 903 17032
28865 7308 26173
26173 7308 28865
7308 26173 28865
14730 8298 23123
23123 8298 14730
8298 14730 23123
22784 2049 8375
2049 8375 22784
8375 2049 22784
21393 6497 18996
6497 18996 21393
18996 6497 21393
21779 16097 23313
16097 21779 23313
23313 16097 21779
16589 19366 19739
19739 16589 19366
19366 16589 19739
7085 1386 16541
16541 1386 7085
1386 7085 16541
6535 5740 7565
5740 6535 7565
7565 5740 6535
5713 19938 29311
29311 5713 19938
19938 5713 29311
24656 6528 16229
16229 6528 24656
6528 16229 24656
23163 13200 16544
16544 13200 23163
13200 16544 23163
19705 475 28216
28216 475 19705
475 19705 28216
23737 6712 26668
26668 6712 23737
6712 23737 26668
25562 13412 25530
25530 13412 25562
13412 25530 25562
3581 16253 23622
16253 3581 23622
23622 3581 16253
23751 10611 17941
10611 17941 23751
17941 10611 23751
11765 7221 14426
7221 11765 14426
14426 7221 11765
21095 5893 25766
5893 21095 25766
25766 5893 21095
26069 7998 24415
7998 24415 26069
24415 7998 26069
16030 305 16180
305 16030 16180
16180 305 16030
23459 20484 28883
28883 20484 23459
20484 23459 28883
2668 25278 25399
25278 2668 25399
25399 2668 25278
163 5273 17306
5273 163 17306
17306 163 5273
22699 22023 28850
22023 22699 28850
28850 22023 22699
15841 9151 25680
9151 15841 25680
25680 9151 15841
26442 2793 11083
11083 2793 26442
2793 11083 26442
26917 3224 25342
3224 25342 26917
25342 3224 26917
22711 16770 26561
26561 16770 22711
16770 22711 26561
6967 11121 23326
11121 6967 23326
23326 6967 11121
25638 353 2749
2749 353 25638
353 2749 25638
1956 281 15311
15311 281 1956
281 1956 15311
11242 24576 27009
24576 11242 27009
27009 11242 24576
1769 13349 23630
23630 1769 13349
13349 1769 23630
8085 9636 10703
9636 8085 10703
10703 8085 9636
9837 9101 28982
28982 9101 9837
9101 9837 28982
19462 6168 15792
15792 6168 19462
6168 15792 19462
5595 14232 26267
26267 5595 14232
14232 5595 26267
25021 1204 21816
21816 1204 25021
1204 21816 25021
24647 1291 25512
25512 1291 24647
1291 24647 25512
25844 3952 28323
28323 3952 25844
3952 25844 28323
12315 6075 21931
6075 12315 21931
21931 6075 12315
14375 1634 3115
3115 1634 14375
1634 3115 14375
19541 24009 27696
27696 19541 24009
24009 19541 27696
13178 5533 14966
14966 5533 13178
5533 13178 14966
8504 18145 22085
18145 8504 22085
22085 8504 18145
21597 7618 29647
7618 21597 29647
29647 7618 21597
10908 2590 20098
2590 10908 20098
20098 2590 10908
28061 10720 27222
10720 27222 28061
27222 10720 28061
24670 3768 28209
3768 24670 28209
28209 3768 24670
17725 4972 20394
4972 17725 20394
20394 4972 17725
4610 8012 26102
8012 4610 26102
26102 4610 8012
17152 10752 13221
10752 13221 17152
13221 10752 17152
27652 10549 27961
27961 10549 27652
10549 27652 27961
89 788 24782
788 89 24782
24782 89 788
1846 17045 20509
17045 1846 20509
20509 1846 17045
14803 1882 9281
9281 1882 14803
1882 9281 14803
21720 5989 27922
27922 5989 21720
5989 21720 27922
15327 15114 26437
15114 15327 26437
26437 15114 15327
14684 18895 26121
18895 14684 26121
26121 14684 18895
29697 12638 23646
23646 12638 29697
12638 23646 29697
1118 4222 12936
4222 1118 12936
12936 1118 4222
7893 14330 18440
14330 7893 18440
18440 7893 14330
13516 14423 20897
20897 13516 14423
14423 13516 20897
21725 26541 28778
28778 21725 26541
26541 21725 28778
12747 14270 19299
14270 12747 19299
19299 12747 14270
19514 3364 22823
22823 3364 19514
3364 19514 22823
1785 2118 7943
2118 1785 7943
7943 1785 2118
26038 11513 20390
11513 20390 26038
20390 11513 26038
26654 27349 29744
27349 26654 29744
29744 26654 27349
10732 2800 9268
9268 2800 10732
2800 9268 10732
12659 967 9010
967 9010 12659
9010 967 12659
12410 12569 25403
25403 12410 12569
12569 12410 25403
27706 12177 20085
12177 20085 27706
20085 12177 27706
7974 14769 18206
14769 7974 18206
18206 7974 14769
23036 5627 6823
5627 6823 23036
6823 5627 23036
13203 10821 13949
13949 10821 13203
10821 13203 13949
24531 4028 20693
4028 20693 24531
20693 4028 24531
9543 9444 12954
12954 9444 9543
9444 9543 12954
3886 24638 27551
24638 3886 27551
27551 3886 24638
4993 8246 13567
13567 4993 8246
8246 4993 13567
22233 8254 9946
9946 8254 22233
8254 9946 22233
7658 7130 8768
8768 7130 7658
7130 7658 8768
27109 22028 24985
24985 22028 27109
22028 24985 27109
11894 1668 4677
1668 4677 11894
4677 1668 11894
28996 5978 10736
10736 5978 28996
5978 10736 28996
17978 11152 20989
20989 11152 17978
11152 17978 20989
22019 22503 24836
22503 22019 24836
24836 22019 22503
1203 2845 12280
12280 1203 2845
2845 1203 12280
1867 8606 11461
8606 1867 11461
11461 1867 8606
3331 2539 12178
2539 3331 12178
12178 2539 3331
8724 2744 6289
6289 2744 8724
2744 6289 8724
11285 24773 25746
25746 11285 24773
24773 11285 25746
8051 15240 27174
27174 8051 15240
15240 8051 27174
25038 25713 27799
27799 25038 25713
25713 25038 27799
18369 10075 17957
17957 10075 18369
10075 17957 18369
17878 18767 26883
18767 17878 26883
26883 17878 18767
14314 23653 29037
29037 14314 23653
23653 14314 29037
20847 2855 23333
23333 2855 20847
2855 20847 23333
24949 1888 22727
1888 22727 24949
22727 1888 24949
8720 20879 21770
21770 8720 20879
20879 8720 21770
1402 6038 9926
6038 1402 9926
9926 1402 6038
28094 7796 22569
22569 7796 28094
7796 22569 28094
29838 17368 28549
28549 17368 29838
17368 28549 29838
22551 16834 24675
24675 16834 22551
16834 22551 24675
17122 5625 22391
5625 17122 22391
22391 5625 17122
29344 437 21279
437 21279 29344
21279 437 29344
2487 14129 28513
28513 2487 14129
14129 2487 28513
5691 4927 7984
7984 4927 5691
4927 5691 7984
13570 13252 19889
19889 13252 13570
13252 13570 19889
13294 8240 20293
8240 13294 20293
20293 8240 13294
27290 3709 8230
8230 3709 27290
3709 8230 27290
17075 3670 8212
3670 8212 17075
8212 3670 17075
29398 1767 15266
15266 1767 29398
1767 15266 29398
23762 9341 10928
9341 10928 23762
10928 9341 23762
19078 3829 24838
3829 19078 24838
24838 3829 19078
542 13354 19272
13354 542 19272
19272 542 13354
18188 26122 27881
26122 18188 27881
27881 18188 26122
21310 23509 25137
25137 21310 23509
23509 21310 25137
9304 15816 21056
15816 9304 21056
21056 9304 15816
20063 7827 26055
7827 20063 26055
26055 7827 20063
26705 10625 25724
10625 25724 26705
25724 10625 26705
11726 7211 25184
25184 7211 11726
7211 11726 25184
20497 11149 29427
11149 20497 29427
29427 11149 20497
25245 14708 21009
21009 14708 25245
14708 21009 25245
16275 535 7819
535 7819 16275
7819 535 16275
22574 18947 28902
28902 18947 22574
18947 22574 28902
1057 24218 27509
24218 1057 27509
27509 1057 24218
23456 13837 22607
22607 13837 23456
13837 22607 23456
98 13066 17601
13066 98 17601
17601 98 13066
16779 12057 27325
27325 12057 16779
12057 16779 27325
12996 19157 28429
28429 12996 19157
19157 12996 28429
20593 9604 27334
9604 20593 27334
27334 9604 20593
25222 8038 9188
8038 9188 25222
9188 8038 25222
15904 16569 20589
20589 15904 16569
16569 15904 20589
14227 5229 29730
29730 5229 14227
5229 14227 29730
1605 16529 27731
16529 1605 27731
27731 1605 16529
16212 6268 11897
11897 6268 16212
6268 11897 16212
25612 11448 24111
24111 11448 25612
11448 24111 25612
13999 9897 27226
9897 13999 27226
27226 9897 13999
10256 5582 12243
5582 10256 12243
12243 5582 10256
18792 22101 25201
22101 18792 25201
25201 18792 22101
523 15078 17575
15078 523 17575
17575 523 15078
13337 7236 9934
7236 9934 13337
9934 7236 13337
1786 17486 29758
29758 1786 17486
17486 1786 29758
700 19964 25287
19964 700 25287
25287 700 19964
6717 28107 29165
29165 6717 28107
28107 6717 29165
4032 22834 29980
29980 4032 22834
22834 4032 29980
23446 18828 22371
22371 18828 23446
18828 22371 23446
21847 10792 11625
11625 10792 21847
10792 11625 21847
25859 1178 19598
19598 1178 25859
1178 19598 25859
19656 6428 25593
6428 19656 25593
25593 6428 19656
15880 7332 24687
7332 15880 24687
24687 7332 15880
12797 3425 25374
3425 12797 25374
25374 3425 12797
26046 12860 19520
12860 19520 26046
19520 12860 26046
7871 15076 16305
16305 7871 15076
15076 7871 16305
29109 11766 16522
11766 16522 29109
16522 11766 29109
27517 1555 26967
26967 1555 27517
1555 26967 27517
1782 1281 9750
9750 1281 1782
1281 1782 9750
21362 21976 28461
28461 21362 21976
21976 21362 28461
13980 20806 28046
20806 13980 28046
28046 13980 20806
20962 2906 27136
2906 20962 27136
27136 2906 20962
9473 1494 9944
1494 9473 9944
9944 1494 9473
10177 10269 13611
13611 10177 10269
10269 10177 13611
17585 19927 20504
19927 17585 20504
20504 17585 19927
12373 1999 23234
1999 12373 23234
23234 1999 12373
10950 13783 14694
14694 10950 13783
13783 10950 14694
23795 5588 14397
14397 5588 23795
5588 14397 23795
213 7890 17730
7890 213 17730
17730 213 7890
26434 9919 17259
17259 9919 26434
9919 17259 26434
9962 13225 18644
13225 9962 18644
18644 9962 13225
22666 6339 25350
6339 22666 25350
25350 6339 22666
22918 14592 20141
14592 20141 22918
20141 14592 22918
18381 15937 25794
15937 18381 25794
25794 15937 18381
2115 13134 26321
26321 2115 13134
13134 2115 26321
5546 4037 24508
4037 5546 24508
24508 4037 5546
1359 4343 13448
4343 1359 13448
13448 1359 4343
17279 2898 29127
2898 17279 29127
29127 2898 17279
10972 2030 18744
18744 2030 10972
2030 10972 18744
22786 5258 28732
5258 22786 28732
28732 5258 22786
5755 20445 20797
20445 5755 20797
20797 5755 20445
7398 6847 21735
21735 6847 7398
6847 7398 21735
2253 3023 18000
18000 2253 3023
3023 2253 18000
3246 8838 24071
8838 3246 24071
24071 3246 8838
28863 6828 17682
17682 6828 28863
6828 17682 28863
4523 10595 17995
17995 4523 10595
10595 4523 17995
1672 15644 19579
15644 1672 19579
19579 1672 15644
27426 22463 24041
24041 22463 27426
22463 24041 27426
29862 10261 15602
15602 10261 29862
10261 15602 29862
1343 3319 4503
3319 1343 4503
4503 1343 3319
153 25784 28962
28962 153 25784
25784 153 28962
12094 3538 27990
27990 3538 12094
3538 12094 27990
3315 17207 20430
17207 3315 20430
20430 3315 17207
29523 19635 22758
19635 22758 29523
22758 19635 29523
5499 18960 22115
18960 5499 22115
22115 5499 18960
12620 2713 20061
20061 2713 12620
2713 12620 20061
3113 9939 13481
13481 3113 9939
9939 3113 13481
29179 3837 9264
9264 3837 29179
3837 9264 29179
8459 3530 27179
27179 3530 8459
3530 8459 27179
28077 23494 27528
27528 23494 28077
23494 27528 28077
22954 20827 23367
23367 20827 22954
20827 22954 23367
23537 1240 24813
1240 23537 24813
24813 1240 23537
6263 7153 26178
7153 6263 26178
26178 6263 7153
10 4342 6152
4342 10 6152
6152 10 4342
11198 11335 19228
19228 11198 11335
11335 11198 19228
7391 27041 27649
27649 7391 27041
27041 7391 27649
17937 6972 23596
6972 17937 23596
23596 6972 17937
8555 1136 22183
1136 8555 22183
22183 1136 8555
18766 19125 27916
27916 18766 19125
19125 18766 27916
20518 1087 15634
15634 1087 20518
1087 15634 20518
12748 20097 28804
28804 12748 20097
20097 12748 28804
971 18423 19523
19523 971 18423
18423 971 19523
16616 20871 24572
24572 16616 20871
20871 16616 24572
12092 18100 20451
20451 12092 18100
18100 12092 20451
7206 6812 12884
6812 7206 12884
12884 6812 7206
9477 11219 29541
11219 9477 29541
29541 9477 11219
25732 23612 29755
23612 25732 29755
29755 23612 25732
14737 25934 29857
29857 14737 25934
25934 14737 29857
9227 1927 29408
1927 9227 29408
29408 1927 9227
22456 10607 17336
17336 10607 22456
10607 17336 22456
7904 4924 11218
4924 7904 11218
11218 4924 7904
21076 9468 26703
26703 9468 21076
9468 21076 26703
23711 2311 7763
7763 2311 23711
2311 7763 23711
2159 139 12130
12130 139 2159
139 2159 12130
11816 11280 12891
11280 11816 12891
12891 11280 11816
27323 24090 29420
24090 27323 29420
29420 24090 27323
5859 12548 23094
23094 5859 12548
12548 5859 23094
6520 4325 24346
24346 4325 6520
4325 6520 24346
11439 4797 10750
10750 4797 11439
4797 10750 11439
6455 11774 28018
28018 6455 11774
11774 6455 28018
14775 2139 12335
12335 2139 14775
2139 12335 14775
20568 10646 29304
29304 10646 20568
10646 20568 29304
1944 21368 29148
21368 1944 29148
29148 1944 21368
16006 9052 24781
24781 9052 16006
9052 16006 24781
7064 6470 21923
21923 6470 7064
6470 7064 21923
6439 14455 17773
14455 6439 17773
17773 6439 14455
28087 51 28048
28048 51 28087
51 28048 28087
28636 10479 29692
10479 28636 29692
29692 10479 28636
161 352 4101
352 161 4101
4101 161 352
28660 5028 6903
5028 6903 28660
6903 5028 28660
25600 7442 20541
20541 7442 25600
7442 20541 25600
56 16610 22969
22969 56 16610
16610 56 22969
26771 16592 18807
16592 18807 26771
18807 16592 26771
23806 2190 21962
2190 21962 23806
21962 2190 23806
6738 338 7755
338 6738 7755
7755 338 6738
17196 5800 24403
5800 17196 24403
24403 5800 17196
22307 11489 18391
11489 18391 22307
18391 11489 22307
5600 16147 20707
20707 5600 16147
16147 5600 20707
6626 8461 23306
23306 6626 8461
8461 6626 23306
25377 13485 21089
21089 13485 25377
13485 21089 25377
19979 9861 27624
27624 9861 19979
9861 19979 27624
23826 5131 8233
8233 5131 23826
5131 8233 23826
20446 6710 24578
6710 20446 24578
24578 6710 20446
785 6679 22939
6679 785 22939
22939 785 6679
8108 14524 28481
28481 8108 14524
14524 8108 28481
830 12647 29622
29622 830 12647
12647 830 29622
12669 12432 18275
12432 12669 18275
18275 12432 12669
3392 25001 28610
25001 3392 28610
28610 3392 25001
2763 5242 8127
8127 2763 5242
5242 2763 8127
4623 13597 20652
13597 4623 20652
20652 4623 13597
10125 7245 16638
7245 10125 16638
16638 7245 10125
15237 2035 26225
2035 15237 26225
26225 2035 15237
2884 14590 26706
26706 2884 14590
14590 2884 26706
20161 524 28171
28171 524 20161
524 20161 28171
1803 6233 20475
20475 1803 6233
6233 1803 20475
21506 12239 29811
12239 21506 29811
29811 12239 21506
10705 15220 27362
27362 10705 15220
15220 10705 27362
837 1655 9619
1655 837 9619
9619 837 1655
24067 11528 20350
20350 11528 24067
11528 20350 24067
7544 7378 20505
7378 7544 20505
20505 7378 7544
18392 6335 16622
6335 16622 18392
16622 6335 18392
349 1170 4787
1170 349 4787
4787 349 1170
15495 4627 20569
4627 15495 20569
20569 4627 15495
16219 10522 27829
27829 10522 16219
10522 16219 27829
10632 11474 19650
11474 10632 19650
19650 10632 11474
21978 3010 14937
14937 3010 21978
3010 14937 21978
20287 13049 29236
29236 13049 20287
13049 20287 29236
9095 16806 27933
16806 9095 27933
27933 9095 16806
14246 19253 20305
19253 14246 20305
20305 14246 19253
28333 29640 29976
29976 28333 29640
29640 28333 29976
12521 494 7263
7263 494 12521
494 7263 12521
1844 13340 26001
13340 1844 26001
26001 1844 13340
5255 19105 22515
19105 5255 22515
22515 5255 19105
7493 20059 22131
20059 7493 22131
22131 7493 20059
2795 4102 17880
4102 2795 17880
17880 2795 4102
21969 9961 11345
9961 11345 21969
11345 9961 21969
12360 5623 24080
5623 12360 24080
24080 5623 12360
19538 2389 12664
2389 12664 19538
12664 2389 19538
8875 4536 6572
6572 4536 8875
4536 6572 8875
17761 10169 20551
10169 17761 20551
20551 10169 17761
23252 12962 18036
12962 18036 23252
18036 12962 23252
12914 4334 5771
5771 4334 12914
4334 5771 12914
29733 14490 20756
14490 20756 29733
20756 14490 29733
22973 1068 27682
27682 1068 22973
1068 22973 27682
12143 15884 24516
15884 12143 24516
24516 12143 15884
5026 13657 23081
23081 5026 13657
13657 5026 23081
13359 12782 16919
16919 12782 13359
12782 13359 16919
5689 1558 11702
11702 1558 5689
1558 5689 11702
14934 19402 29586
29586 14934 19402
19402 14934 29586
27850 3186 12008
12008 3186 27850
3186 12008 27850
3940 11451 23108
11451 3940 23108
23108 3940 11451
27129 2439 11101
2439 11101 27129
11101 2439 27129
4813 312 10733
10733 312 4813
312 4813 10733
22882 15690 24270
24270 15690 22882
15690 22882 24270
8934 5924 7040
5924 7040 8934
7040 5924 8934
19623 15142 24121
15142 19623 24121
24121 15142 19623
84 17401 24039
24039 84 17401
17401 84 24039
3887 4309 16037
16037 3887 4309
4309 3887 16037
9124 14293 17977
17977 9124 14293
14293 9124 17977
11755 6855 12119
6855 11755 12119
12119 6855 11755
26003 13912 17787
13912 17787 26003
17787 13912 26003
29263 13664 29486
13664 29263 29486
29486 13664 29263
10941 15825 26181
15825 10941 26181
26181 10941 15825
956 21971 28723
28723 956 21971
21971 956 28723
24068 12622 14488
14488 12622 24068
12622 14488 24068
15098 7060 13477
7060 13477 15098
13477 7060 15098
198 18320 21819
21819 198 18320
18320 198 21819
25204 1633 24084
24084 1633 25204
1633 24084 25204
16542 364 26599
364 16542 26599
26599 364 16542
1413 10566 27641
27641 1413 10566
10566 1413 27641
3252 9778 17197
9778 3252 17197
17197 3252 9778
11641 1083 19526
1083 11641 19526
19526 1083 11641
12223 2381 25135
25135 2381 12223
2381 12223 25135
1065 1225 27454
27454 1065 1225
1225 1065 27454
14445 8512 28683
28683 8512 14445
8512 14445 28683
23824 5000 23109
5000 23109 23824
23109 5000 23824
15854 4221 28570
28570 4221 15854
4221 15854 28570
15912 7848 10728
7848 10728 15912
10728 7848 15912
6935 22585 26384
22585 6935 26384
26384 6935 22585
7278 7581 26264
7581 7278 26264
26264 7278 7581
26994 5358 22964
5358 22964 26994
22964 5358 26994
26303 11698 23558
23558 11698 26303
11698 23558 26303
14571 11374 20121
20121 11374 14571
11374 14571 20121
2505 626 18055
18055 626 2505
626 2505 18055
26842 23906 24622
24622 23906 26842
23906 24622 26842
10557 2247 16509
2247 10557 16509
16509 2247 10557
11043 11329 21537
11329 11043 21537
21537 11043 11329
12148 9766 12047
9766 12047 12148
12047 9766 12148
10591 6784 29545
6784 10591 29545
29545 6784 10591
18951 8265 22118
22118 8265 18951
8265 18951 22118
21778 5173 16455
5173 16455 21778
16455 5173 21778
21199 10576 19247
10576 19247 21199
19247 10576 21199
4009 258 15409
15409 258 4009
258 4009 15409
10679 355 24394
24394 355 10679
355 10679 24394
19914 2288 21209
2288 19914 21209
21209 2288 19914
25893 6533 6833
6833 6533 25893
6533 6833 25893
25425 4580 20549
4580 20549 25425
20549 4580 25425
4244 1497 8655
8655 1497 4244
1497 4244 8655
28307 8234 10647
10647 8234 28307
8234 10647 28307
1401 11827 12496
12496 1401 11827
11827 1401 12496
14065 3161 10415
3161 10415 14065
10415 3161 14065
13775 919 2514
2514 919 13775
919 2514 13775
4377 10680 28501
10680 4377 28501
28501 4377 10680
29087 16456 19239
19239 16456 29087
16456 19239 29087
28329 12691 15698
15698 12691 28329
12691 15698 28329
13447 2550 23224
23224 2550 13447
2550 13447 23224
8785 12494 23779
12494 8785 23779
23779 8785 12494
20908 283 24028
24028 283 20908
283 20908 24028
17679 10798 25748
25748 10798 17679
10798 17679 25748
19687 14122 21466
14122 19687 21466
21466 14122 19687
376 390 18104
390 376 18104
18104 376 390
2216 11041 21303
21303 2216 11041
11041 2216 21303
8193 4167 16014
4167 8193 16014
16014 4167 8193
21198 7628 29144
29144 7628 21198
7628 21198 29144
26401 605 2249
2249 605 26401
605 2249 26401
19665 16605 18265
18265 16605 19665
16605 18265 19665
18613 17900 24055
17900 18613 24055
24055 17900 18613
16719 12246 23361
23361 12246 16719
12246 16719 23361
11504 4954 24335
4954 11504 24335
24335 4954 11504
4759 15152 28126
28126 4759 15152
15152 4759 28126
26991 17758 28164
17758 26991 28164
28164 17758 26991
3316 18203 24238
18203 3316 24238
24238 3316 18203
4510 6018 18157
6018 4510 18157
18157 4510 6018
25116 21331 26297
21331 25116 26297
26297 21331 25116
3788 10701 16819
10701 3788 16819
16819 3788 10701
26013 573 2053
2053 573 26013
573 2053 26013
10251 7375 27575
7375 10251 27575
27575 7375 10251
22904 11012 26753
26753 11012 22904
11012 22904 26753
21636 8457 11876
11876 8457 21636
8457 11876 21636
1783 2149 28138
2149 1783 28138
28138 1783 2149
24922 8288 15692
8288 15692 24922
15692 8288 24922
14749 10310 13712
13712 10310 14749
10310 13712 14749
20716 5865 10596
5865 10596 20716
10596 5865 20716
1505 16729 23964
23964 1505 16729
16729 1505 23964
24750 10641 24542
24542 10641 24750
10641 24542 24750
23931 792 17352
792 17352 23931
17352 792 23931
20623 19980 25333
25333 19980 20623
19980 20623 25333
26814 4400 21457
21457 4400 26814
4400 21457 26814
11510 4140 16043
16043 4140 11510
4140 11510 16043
3971 6632 12123
12123 3971 6632
6632 3971 12123
29120 14104 18044
14104 18044 29120
18044 14104 29120
24800 7330 16379
16379 7330 24800
7330 16379 24800
22642 9988 28669
9988 22642 28669
28669 9988 22642
14604 23205 26260
26260 14604 23205
23205 14604 26260
26325 4444 18729
18729 4444 26325
4444 18729 26325
29630 2012 2639
2639 2012 29630
2012 2639 29630
2555 4065 26353
26353 2555 4065
4065 2555 26353
7803 4762 15707
15707 4762 7803
4762 7803 15707
1529 1493 25159
1493 1529 25159
25159 1493 1529
26025 13003 24598
24598 13003 26025
13003 24598 26025
28298 13862 21148
13862 21148 28298
21148 13862 28298
20527 3528 20258
3528 20258 20527
20258 3528 20527
27815 4592 9405
4592 9405 27815
9405 4592 27815
29781 780 3707
780 3707 29781
3707 780 29781
13962 16358 26470
16358 13962 26470
26470 13962 16358
23863 3304 14145
3304 14145 23863
14145 3304 23863
17129 11250 27557
27557 11250 17129
11250 17129 27557
18652 13732 19104
19104 13732 18652
13732 18652 19104
18255 16163 22651
16163 18255 22651
22651 16163 18255
12859 7503 9442
7503 9442 12859
9442 7503 12859
15647 3334 8552
8552 3334 15647
3334 8552 15647
9492 18053 23242
18053 9492 23242
23242 9492 18053
27364 12193 20513
20513 12193 27364
12193 20513 27364
7181 7339 28701
28701 7181 7339
7339 7181 28701
14847 3171 5686
5686 3171 14847
3171 5686 14847
4323 26873 27884
27884 4323 26873
26873 4323 27884
11763 8052 16746
16746 8052 11763
8052 11763 16746
20343 7066 18357
18357 7066 20343
7066 18357 20343
29470 6304 25220
6304 25220 29470
25220 6304 29470
12218 4783 5422
5422 4783 12218
4783 5422 12218
11807 2783 15852
15852 2783 11807
2783 11807 15852
17922 15770 18747
18747 15770 17922
15770 17922 18747
24624 8003 10543
8003 10543 24624
10543 8003 24624
3715 5995 27257
5995 3715 27257
27257 3715 5995
4981 2816 20181
2816 4981 20181
20181 2816 4981
12395 8615 21885
21885 8615 12395
8615 12395 21885
7925 2009 13666
2009 7925 13666
13666 2009 7925
3395 11478 16463
16463 3395 11478
11478 3395 16463
29297 3399 24826
3399 24826 29297
24826 3399 29297
14767 21586 25867
25867 14767 21586
21586 14767 25867
22288 8412 22451
8412 22288 22451
22451 8412 22288
14655 18083 23932
23932 14655 18083
18083 14655 23932
2443 7693 29048
7693 2443 29048
29048 2443 7693
5081 1488 24733
24733 1488 5081
1488 5081 24733
6810 5711 22631
22631 5711 6810
5711 6810 22631
21793 10890 29978
29978 10890 21793
10890 21793 29978
24682 11120 25742
11120 24682 25742
25742 11120 24682
4664 8603 13895
8603 4664 13895
13895 4664 8603
7454 6788 15938
6788 7454 15938
15938 6788 7454
10346 3923 12186
3923 10346 12186
12186 3923 10346
2420 10548 14058
14058 2420 10548
10548 2420 14058
23078 935 11288
11288 935 23078
935 11288 23078
17609 11820 15391
11820 15391 17609
15391 11820 17609
15174 18901 26611
18901 15174 26611
26611 15174 18901
6530 23933 27699
27699 6530 23933
23933 6530 27699
23401 278 24864
24864 278 23401
278 23401 24864
794 2756 11785
11785 794 2756
2756 794 11785
6774 9377 19409
19409 6774 9377
9377 6774 19409
5409 239 9381
9381 239 5409
239 5409 9381
9898 6231 21935
6231 9898 21935
21935 6231 9898
16313 21965 26660
26660 16313 21965
21965 16313 26660
24386 10121 27891
27891 10121 24386
10121 24386 27891
2501 1680 12076
12076 1680 2501
1680 2501 12076
24811 10616 28595
28595 10616 24811
10616 24811 28595
19622 7224 25132
25132 7224 19622
7224 19622 25132
15838 15803 17485
17485 15803 15838
15803 15838 17485
22594 15881 26895
15881 22594 26895
26895 15881 22594
10565 3675 19654
19654 3675 10565
3675 10565 19654
5912 3029 21917
3029 5912 21917
21917 3029 5912
15917 8595 28565
8595 15917 28565
28565 8595 15917
5792 14422 22382
14422 5792 22382
22382 5792 14422
23304 2217 7688
7688 2217 23304
2217 7688 23304
2392 12624 19242
12624 2392 19242
19242 2392 12624
15198 7953 20495
7953 15198 20495
20495 7953 15198
9916 13648 17071
17071 9916 13648
13648 9916 17071
17580 7632 7640
7632 7640 17580
7640 7632 17580
9782 4273 4384
4384 4273 9782
4273 4384 9782
21950 11257 12179
11257 12179 21950
12179 11257 21950
1665 2143 14347
2143 1665 14347
14347 1665 2143
220 16167 28640
28640 220 16167
16167 220 28640
3824 12879 17966
17966 3824 12879
12879 3824 17966
13760 3758 27822
27822 3758 13760
3758 13760 27822
10506 5102 16061
16061 5102 10506
5102 10506 16061
4274 2597 3685
2597 3685 4274
3685 2597 4274
2158 16751 28873
28873 2158 16751
16751 2158 28873
21485 11672 27667
11672 21485 27667
27667 11672 21485
11884 17391 20268
17391 11884 20268
20268 11884 17391
8329 9804 10693
9804 8329 10693
10693 8329 9804
14158 2569 12586
12586 2569 14158
2569 12586 14158
12858 8244 8498
8244 8498 12858
8498 8244 12858
17971 3348 18701
18701 3348 17971
3348 17971 18701
9031 10435 20592
10435 9031 20592
20592 9031 10435
5246 10942 13325
10942 5246 13325
13325 5246 10942
4488 14834 24788
24788 4488 14834
14834 4488 24788
23498 18678 27255
27255 18678 23498
18678 23498 27255
13209 514 18925
18925 514 13209
514 13209 18925
1922 3853 28578
3853 1922 28578
28578 1922 3853
6518 10179 29299
10179 6518 29299
29299 6518 10179
2419 24182 27992
27992 2419 24182
24182 2419 27992
6635 22200 25371
25371 6635 22200
22200 6635 25371
14648 4284 20805
20805 4284 14648
4284 14648 20805
23251 7058 10716
7058 10716 23251
10716 7058 23251
23324 20139 22912
22912 20139 23324
20139 22912 23324
7430 996 26351
996 7430 26351
26351 996 7430
6551 8804 20281
20281 6551 8804
8804 6551 20281
9520 11189 23553
23553 9520 11189
11189 9520 23553
13263 8106 13457
13457 8106 13263
8106 13263 13457
6321 9408 19037
19037 6321 9408
9408 6321 19037
26237 8890 20704
20704 8890 26237
8890 20704 26237
13127 25447 25669
25669 13127 25447
25447 13127 25669
25214 11447 26485
11447 25214 26485
26485 11447 25214
15038 4238 13735
13735 4238 15038
4238 13735 15038
27477 6500 10739
6500 10739 27477
10739 6500 27477
19271 12717 19593
12717 19271 19593
19593 12717 19271
17619 14581 19695
19695 14581 17619
14581 17619 19695
5454 3627 7021
7021 3627 5454
3627 5454 7021
19531 1850 15679
1850 15679 19531
15679 1850 19531
15636 11911 26433
11911 15636 26433
26433 11911 15636
19333 1710 25980
1710 19333 25980
25980 1710 19333
1041 13013 19985
19985 1041 13013
13013 1041 19985
22667 6964 29139
29139 6964 22667
6964 22667 29139
18963 2482 18086
18086 2482 18963
2482 18086 18963
7037 16042 18623
16042 7037 18623
18623 7037 16042
29821 18242 22194
22194 18242 29821
18242 22194 29821
15575 15705 19449
19449 15575 15705
15705 15575 19449
19550 6656 17468
6656 17468 19550
17468 6656 19550
21792 4138 9618
9618 4138 21792
4138 9618 21792
2200 3771 11134
11134 2200 3771
3771 2200 11134
23344 22721 24365
22721 23344 24365
24365 22721 23344
20302 8740 28464
8740 20302 28464
28464 8740 20302
11303 18725 29984
29984 11303 18725
18725 11303 29984
27785 2750 25774
25774 2750 27785
2750 25774 27785
14351 991 7364
991 7364 14351
7364 991 14351
25901 3569 9003
3569 9003 25901
9003 3569 25901
795 7707 22766
22766 795 7707
7707 795 22766
12242 12850 27375
12850 12242 27375
27375 12242 12850
18016 6020 6597
6020 6597 18016
6597 6020 18016
12655 2702 13836
13836 2702 12655
2702 12655 13836
6692 6395 7035
7035 6395 6692
6395 6692 7035
29925 14113 22185
22185 14113 29925
14113 22185 29925
3640 4459 20496
4459 3640 20496
20496 3640 4459
24020 581 24607
581 24020 24607
24607 581 24020
17627 15235 24177
15235 17627 24177
24177 15235 17627
8870 6270 23691
6270 8870 23691
23691 6270 8870
5362 5830 28649
28649 5362 5830
5830 5362 28649
26454 268 28230
28230 268 26454
268 26454 28230
21370 2566 14555
2566 14555 21370
14555 2566 21370
7814 317 13623
13623 317 7814
317 7814 13623
21719 11557 20103
20103 11557 21719
11557 20103 21719
3593 20687 22226
20687 3593 22226
22226 3593 20687
29439 11053 23190
23190 11053 29439
11053 23190 29439
9186 116 20473
116 9186 20473
20473 116 9186
22671 15 5141
15 5141 22671
5141 15 22671
3049 6682 24474
6682 3049 24474
24474 3049 6682
20191 1308 18253
1308 18253 20191
18253 1308 20191
11002 2507 18724
2507 11002 18724
18724 2507 11002
12323 14325 20049
14325 12323 20049
20049 12323 14325
13087 8029 9108
8029 9108 13087
9108 8029 13087
26722 21215 29154
21215 26722 29154
29154 21215 26722
12067 15900 21200
15900 12067 21200
21200 12067 15900
949 11728 15458
15458 949 11728
11728 949 15458
10627 10914 22338
22338 10627 10914
10914 10627 22338
8393 6073 24153
6073 8393 24153
24153 6073 8393
24708 1312 28419
1312 24708 28419
28419 1312 24708
26347 18400 25818
18400 25818 26347
25818 18400 26347
15382 1311 22488
22488 1311 15382
1311 15382 22488
739 14962 16181
14962 739 16181
16181 739 14962
26418 10806 24273
24273 10806 26418
10806 24273 26418
4544 13195 23701
13195 4544 23701
23701 4544 13195
22659 8350 18647
8350 18647 22659
18647 8350 22659
22609 14821 17544
17544 14821 22609
14821 17544 22609
29498 744 17678
17678 744 29498
744 17678 29498
26922 19235 25520
25520 19235 26922
19235 25520 26922
10213 7355 27003
7355 10213 27003
27003 7355 10213
9681 16164 20996
16164 9681 20996
20996 9681 16164
12561 4612 10906
10906 4612 12561
4612 10906 12561
21891 5806 21371
21371 5806 21891
5806 21371 21891
15934 6350 22293
22293 6350 15934
6350 15934 22293
23203 14003 19568
19568 14003 23203
14003 19568 23203
26815 4414 14004
14004 4414 26815
4414 14004 26815
15660 9707 29467
9707 15660 29467
29467 9707 15660
16247 19385 27883
19385 16247 27883
27883 16247 19385
20819 8598 25977
8598 20819 25977
25977 8598 20819
10639 3487 24729
3487 10639 24729
24729 3487 10639
15386 4899 15981
4899 15386 15981
15981 4899 15386
866 5117 13867
5117 866 13867
13867 866 5117
29051 4893 29246
29246 4893 29051
4893 29051 29246
17466 2651 24338
24338 2651 17466
2651 17466 24338
25607 4115 5751
4115 5751 25607
5751 4115 25607
13841 27060 27726
27726 13841 27060
27060 13841 27726
27260 459 4798
4798 459 27260
459 4798 27260
28180 10444 21893
21893 10444 28180
10444 21893 28180
23173 1042 11661
1042 11661 23173
11661 1042 23173
16868 3835 27234
27234 3835 16868
3835 16868 27234
28740 12944 18281
12944 18281 28740
18281 12944 28740
2404 9660 25111
25111 2404 9660
9660 2404 25111
4633 13802 26509
26509 4633 13802
13802 4633 26509
26892 6219 15407
15407 6219 26892
6219 15407 26892
82 16748 19041
19041 82 16748
16748 82 19041
14287 14521 26602
26602 14287 14521
14521 14287 26602
24925 657 26079
657 24925 26079
26079 657 24925
23588 12957 23916
12957 23588 23916
23916 12957 23588
1368 25009 27670
25009 1368 27670
27670 1368 25009
14110 6644 13938
13938 6644 14110
6644 13938 14110
17432 7992 15204
7992 15204 17432
15204 7992 17432
15248 18997 23097
23097 15248 18997
18997 15248 23097
1060 6979 21964
21964 1060 6979
6979 1060 21964
28613 9016 13593
9016 13593 28613
13593 9016 28613
2594 3301 25718
25718 2594 3301
3301 2594 25718
22968 3275 9464
3275 9464 22968
9464 3275 22968
21867 18786 25570
25570 18786 21867
18786 21867 25570
19257 12490 22632
12490 19257 22632
22632 12490 19257
4953 14067 20462
20462 4953 14067
14067 4953 20462
27007 2664 12502
12502 2664 27007
2664 12502 27007
24251 18337 23438
23438 18337 24251
18337 23438 24251
17189 25815 27912
27912 17189 25815
25815 17189 27912
9655 684 17747
17747 684 9655
684 9655 17747
12845 1936 16679
16679 1936 12845
1936 12845 16679
2093 4822 8810
8810 2093 4822
4822 2093 8810
26699 5845 27311
27311 5845 26699
5845 26699 27311
15773 15684 19073
19073 15684 15773
15684 15773 19073
13990 4982 23514
23514 4982 13990
4982 13990 23514
18035 328 2120
328 2120 18035
2120 328 18035
26552 2888 13170
2888 13170 26552
13170 2888 26552
255 2943 18176
2943 255 18176
18176 255 2943
9486 10606 21709
10606 9486 21709
21709 9486 10606
12298 5375 6863
5375 6863 12298
6863 5375 12298
1221 12431 14402
12431 1221 14402
14402 1221 12431
4941 467 27297
467 4941 27297
27297 467 4941
26858 13327 27549
27549 13327 26858
13327 26858 27549
21653 2643 13641
2643 13641 21653
13641 2643 21653
25903 1362 16140
1362 16140 25903
16140 1362 25903
464 1142 24681
1142 464 24681
24681 464 1142
13280 24472 25756
24472 13280 25756
25756 13280 24472
29720 8683 15222
15222 8683 29720
8683 15222 29720
9122 1336 2126
1336 2126 9122
2126 1336 9122
8151 356 4506
4506 356 8151
356 4506 8151
4298 8070 19786
8070 4298 19786
19786 4298 8070
21879 7261 7949
7949 7261 21879
7261 7949 21879
8053 11904 27501
27501 8053 11904
11904 8053 27501
15494 3531 9701
3531 9701 15494
9701 3531 15494
7997 9270 17832
9270 7997 17832
17832 7997 9270
1069 6815 7899
7899 1069 6815
6815 1069 7899
16614 12120 26191
26191 12120 16614
12120 16614 26191
18389 9581 25270
25270 9581 18389
9581 18389 25270
28998 15471 19144
15471 19144 28998
19144 15471 28998
10089 8296 20371
20371 8296 10089
8296 10089 20371
2728 7551 26990
26990 2728 7551
7551 2728 26990
14559 6982 16966
16966 6982 14559
6982 14559 16966
26887 3840 26937
26937 3840 26887
3840 26887 26937
12704 6661 15140
15140 6661 12704
6661 12704 15140
24648 18437 18646
18437 18646 24648
18646 18437 24648
2334 1987 26508
1987 2334 26508
26508 1987 2334
8765 5190 14338
14338 5190 8765
5190 8765 14338
23974 3498 7656
7656 3498 23974
3498 7656 23974
19322 11685 19690
19690 11685 19322
11685 19322 19690
9067 19434 27720
19434 9067 27720
27720 9067 19434
18988 6069 19095
6069 18988 19095
19095 6069 18988
6452 10174 20041
10174 6452 20041
20041 6452 10174
21116 5959 20696
5959 20696 21116
20696 5959 21116
25155 6540 18634
6540 18634 25155
18634 6540 25155
15766 10381 19310
10381 15766 19310
19310 10381 15766
3489 17080 26973
17080 3489 26973
26973 3489 17080
22380 9121 14400
14400 9121 22380
9121 14400 22380
8751 385 14846
385 8751 14846
14846 385 8751
7490 8964 18615
8964 7490 18615
18615 7490 8964
1031 4411 9347
4411 1031 9347
9347 1031 4411
7233 3432 6693
3432 6693 7233
6693 3432 7233
7944 4639 18130
18130 4639 7944
4639 7944 18130
26447 7745 20239
20239 7745 26447
7745 20239 26447
2339 3450 15967
15967 2339 3450
3450 2339 15967
10757 5960 8411
8411 5960 10757
5960 8411 10757
18362 7255 18380
7255 18362 18380
18380 7255 18362
12434 9303 23187
23187 9303 12434
9303 12434 23187
13551 18630 20222
20222 13551 18630
18630 13551 20222
24798 5346 22514
22514 5346 24798
5346 22514 24798
18075 1572 14958
14958 1572 18075
1572 14958 18075
19783 3578 18888
18888 3578 19783
3578 18888 19783
18677 5583 20242
5583 18677 20242
20242 5583 18677
5609 9277 26106
9277 5609 26106
26106 5609 9277
10347 19642 25432
19642 10347 25432
25432 10347 19642
25740 11094 29060
29060 11094 25740
11094 25740 29060
11622 9559 10212
10212 9559 11622
9559 10212 11622
15535 7609 11850
11850 7609 15535
7609 11850 15535
13323 18165 19716
19716 13323 18165
18165 13323 19716
4507 8573 23609
8573 4507 23609
23609 4507 8573
24657 26547 26931
26931 24657 26547
26547 24657 26931
22568 2310 14321
2310 14321 22568
14321 2310 22568
25959 10929 16884
16884 10929 25959
10929 16884 25959
16760 2229 27632
27632 2229 16760
2229 16760 27632
17261 1708 10220
10220 1708 17261
1708 10220 17261
28917 23466 27686
23466 27686 28917
27686 23466 28917
24168 11797 22025
11797 22025 24168
22025 11797 24168
1741 748 826
826 748 1741
748 826 1741
6225 2872 24723
24723 2872 6225
2872 6225 24723
25107 26417 27642
26417 25107 27642
27642 25107 26417
3146 14390 29548
14390 3146 29548
29548 3146 14390
11756 448 2900
2900 448 11756
448 2900 11756
13424 11159 21711
21711 11159 13424
11159 13424 21711
14340 2606 8165
2606 8165 14340
8165 2606 14340
27809 13976 20436
13976 20436 27809
20436 13976 27809
10581 21855 22974
22974 10581 21855
21855 10581 22974
3865 2284 5146
2284 3865 5146
5146 2284 3865
7831 24839 28432
24839 7831 28432
28432 7831 24839
26312 12911 26051
26051 12911 26312
12911 26051 26312
3260 6153 15754
6153 3260 15754
15754 3260 6153
17378 7450 23183
7450 17378 23183
23183 7450 17378
8873 2672 12806
2672 8873 12806
12806 2672 8873
189 629 14301
14301 189 629
629 189 14301
11610 229 7408
7408 229 11610
229 7408 11610
24629 3679 3919
3679 3919 24629
3919 3679 24629
26074 17962 25249
17962 25249 26074
25249 17962 26074
24688 791 6095
791 6095 24688
6095 791 24688
14138 16599 22033
22033 14138 16599
16599 14138 22033
2462 13631 22207
22207 2462 13631
13631 2462 22207
