2447 17339 29021
29021 2447 17339
17339 2447 29021
12113 7390 27700
7390 12113 27700
27700 7390 12113
29808 1993 26469
26469 1993 29808
1993 26469 29808
7946 23770 25854
25854 7946 23770
23770 7946 25854
16174 10345 12540
10345 12540 16174
12540 10345 16174
18374 26250 27636
27636 18374 26250
26250 18374 27636
27089 11256 24605
24605 11256 27089
11256 24605 27089
16363 27016 29104
27016 16363 29104
29104 16363 27016
19805 20942 23970
23970 19805 20942
20942 19805 23970
17178 63 23160
23160 63 17178
63 17178 23160
4534 11992 14274
11992 4534 14274
14274 4534 11992
1602 4136 24262
24262 1602 4136
4136 1602 24262
28195 21150 24044
24044 21150 28195
21150 24044 28195
9804 1358 1914
1914 1358 9804
1358 1914 9804
18929 13392 18477
13392 18477 18929
18477 13392 18929
6209 1664 11882
1664 6209 11882
11882 1664 6209
10884 14186 27723
14186 10884 27723
27723 10884 14186
28925 14793 27605
14793 27605 28925
27605 14793 28925
23906 2491 18763
18763 2491 23906
2491 18763 23906
27878 4494 22988
4494 22988 27878
22988 4494 27878
13071 448 27478
448 13071 27478
27478 448 13071
10623 2793 22209
22209 2793 10623
2793 10623 22209
10456 10438 23311
23311 10438 10456
10438 10456 23311
29866 3378 23239
23239 3378 29866
3378 23239 29866
7031 18643 22188
22188 7031 18643
18643 7031 22188
18281 8381 13792
13792 8381 18281
8381 13792 18281
28822 25779 25820
25820 25779 28822
25779 25820 28822
13689 13543 29497
13543 13689 29497
29497 13543 13689
18807 11616 19138
19138 11616 18807
11616 18807 19138
21879 14179 20736
20736 14179 21879
14179 20736 21879
1065 1103 17498
1103 1065 17498
17498 1065 1103
18587 1182 14925
14925 1182 18587
1182 14925 18587
8364 15671 29216
29216 8364 15671
15671 8364 29216
16308 7205 29161
7205 16308 29161
29161 7205 16308
15424 22539 28622
22539 15424 28622
28622 15424 22539
22825 2812 11623
11623 2812 22825
2812 11623 22825
5257 13050 16149
16149 5257 13050
13050 5257 16149
18277 21045 29120
21045 18277 29120
29120 18277 21045
13194 2956 14112
14112 2956 13194
2956 13194 14112
7989 7442 24368
7442 7989 24368
24368 7442 7989
28886 1468 1803
1468 1803 28886
1803 1468 28886
1160 4559 19532
4559 1160 19532
19532 1160 4559
25400 11696 26889
26889 11696 25400
11696 25400 26889
20381 12871 28742
28742 12871 20381
12871 20381 28742
5383 3390 19035
19035 3390 5383
3390 5383 19035
5365 17101 18504
18504 5365 17101
17101 5365 18504
29621 3636 8856
3636 8856 29621
8856 3636 29621
18701 418 22944
418 18701 22944
22944 418 18701
17536 4564 19780
4564 17536 19780
19780 4564 17536
22855 10482 11334
11334 10482 22855
10482 11334 22855
14552 20096 29088
20096 14552 29088
29088 14552 20096
9031 4911 17670
4911 9031 17670
17670 4911 9031
9825 17319 18088
18088 9825 17319
17319 9825 18088
11131 17065 17580
17065 11131 17580
17580 11131 17065
23255 8540 12657
8540 12657 23255
12657 8540 23255
27355 3407 9239
9239 3407 27355
3407 9239 27355
12280 7053 27342
7053 12280 27342
27342 7053 12280
21670 7476 24632
24632 7476 21670
7476 21670 24632
10329 4219 8503
4219 8503 10329
8503 4219 10329
13500 7474 18708
18708 7474 13500
7474 13500 18708
7275 12008 13328
12008 7275 13328
13328 7275 12008
21733 4405 26865
26865 4405 21733
4405 21733 26865
14556 22464 29461
22464 14556 29461
29461 14556 22464
10591 2125 8179
2125 8179 10591
8179 2125 10591
1952 8911 13075
13075 1952 8911
8911 1952 13075
5087 7131 10582
7131 5087 10582
10582 5087 7131
18208 9434 20657
9434 18208 20657
20657 9434 18208
13130 3469 28437
3469 13130 28437
28437 3469 13130
21925 5634 12905
5634 12905 21925
12905 5634 21925
23236 15842 24381
24381 15842 23236
15842 23236 24381
1348 5116 8624
8624 1348 5116
5116 1348 8624
13421 15687 29531
15687 13421 29531
29531 13421 15687
26114 829 27572
27572 829 26114
829 26114 27572
18338 3671 23619
3671 18338 23619
23619 3671 18338
12841 2012 9595
2012 9595 12841
9595 2012 12841
17074 2220 8638
8638 2220 17074
2220 8638 17074
5492 9708 23275
23275 5492 9708
9708 5492 23275
531 9311 10311
9311 531 10311
10311 531 9311
13974 14238 17131
14238 13974 17131
17131 13974 14238
15291 17143 27308
17143 15291 27308
27308 15291 17143
20102 11986 19554
19554 11986 20102
11986 19554 20102
1497 23829 26507
23829 1497 26507
26507 1497 23829
23646 2421 24425
2421 23646 24425
24425 2421 23646
24965 20510 22958
20510 22958 24965
22958 20510 24965
8530 25146 25204
25204 8530 25146
25146 8530 25204
28359 29069 29640
29640 28359 29069
29069 28359 29640
15367 6763 23923
6763 15367 23923
23923 6763 15367
29517 7285 13206
7285 13206 29517
13206 7285 29517
23076 8229 21873
8229 21873 23076
21873 8229 23076
16978 14538 25485
14538 16978 25485
25485 14538 16978
1818 1669 15698
15698 1669 1818
1669 1818 15698
16509 10959 18383
18383 10959 16509
10959 16509 18383
12252 1955 2534
2534 1955 12252
1955 2534 12252
29466 248 27194
248 27194 29466
27194 248 29466
19184 18625 23134
18625 19184 23134
23134 18625 19184
8663 12285 17424
12285 8663 17424
17424 8663 12285
21440 9186 22640
22640 9186 21440
9186 21440 22640
11685 2805 29363
29363 2805 11685
2805 11685 29363
5914 4353 8455
4353 5914 8455
8455 4353 5914
20142 18818 19383
19383 18818 20142
18818 19383 20142
15946 19527 22009
19527 15946 22009
22009 15946 19527
29873 18538 26473
18538 26473 29873
26473 18538 29873
17645 6865 22233
6865 17645 22233
22233 6865 17645
594 21138 24122
24122 594 21138
21138 594 24122
20394 14667 20861
14667 20394 20861
20861 14667 20394
11862 13793 28811
28811 11862 13793
13793 11862 28811
15659 11592 26770
26770 11592 15659
11592 15659 26770
10313 4481 19863
19863 4481 10313
4481 10313 19863
883 26887 29411
29411 883 26887
26887 883 29411
2939 2243 3438
3438 2243 2939
2243 2939 3438
15448 2518 13350
13350 2518 15448
2518 13350 15448
7233 20135 26135
26135 7233 20135
20135 7233 26135
28748 6700 15904
15904 6700 28748
6700 15904 28748
9754 5547 28453
28453 5547 9754
5547 9754 28453
5917 542 1941
1941 542 5917
542 1941 5917
23092 3814 15355
15355 3814 23092
3814 15355 23092
23254 8253 24313
8253 23254 24313
24313 8253 23254
6618 9604 26523
9604 6618 26523
26523 6618 9604
9457 13527 23720
13527 9457 23720
23720 9457 13527
20000 17080 20646
20646 17080 20000
17080 20000 20646
27927 27354 29633
27354 27927 29633
29633 27354 27927
16854 12798 25922
12798 16854 25922
25922 12798 16854
28346 1519 21400
1519 21400 28346
21400 1519 28346
24164 9478 11845
9478 11845 24164
11845 9478 24164
29472 19077 25439
19077 25439 29472
25439 19077 29472
10954 6610 11576
11576 6610 10954
6610 10954 11576
1228 10715 13539
13539 1228 10715
10715 1228 13539
6824 5536 16645
5536 6824 16645
16645 5536 6824
1287 16848 26205
26205 1287 16848
16848 1287 26205
28873 9226 16628
16628 9226 28873
9226 16628 28873
20825 14490 24653
14490 20825 24653
24653 14490 20825
16450 1208 23033
23033 1208 16450
1208 16450 23033
26264 4247 25111
4247 25111 26264
25111 4247 26264
26400 23386 26441
26441 23386 26400
23386 26400 26441
1479 3086 18992
18992 1479 3086
3086 1479 18992
22818 5955 15151
15151 5955 22818
5955 15151 22818
5255 25042 26109
26109 5255 25042
25042 5255 26109
26562 10351 11106
11106 10351 26562
10351 11106 26562
15963 20854 26397
20854 15963 26397
26397 15963 20854
7819 5145 27288
27288 5145 7819
5145 7819 27288
14268 13180 19425
13180 14268 19425
19425 13180 14268
17597 2486 17628
17628 2486 17597
2486 17597 17628
9878 5509 10681
5509 9878 10681
10681 5509 9878
9551 9342 13362
13362 9342 9551
9342 9551 13362
10723 510 11643
510 10723 11643
11643 510 10723
26474 9903 25841
25841 9903 26474
9903 25841 26474
23570 8279 9564
8279 9564 23570
9564 8279 23570
28068 5461 24973
24973 5461 28068
5461 24973 28068
25077 3122 6181
3122 6181 25077
6181 3122 25077
21831 14166 21062
21062 14166 21831
14166 21062 21831
11614 10921 15444
15444 10921 11614
10921 11614 15444
11139 14330 21139
21139 11139 14330
14330 11139 21139
28152 8735 12731
12731 8735 28152
8735 12731 28152
20719 14146 21557
14146 20719 21557
21557 14146 20719
5344 16048 18320
16048 5344 18320
18320 5344 16048
18449 9387 23106
23106 9387 18449
9387 18449 23106
11827 41 10503
41 10503 11827
10503 41 11827
22834 11657 12010
11657 12010 22834
12010 11657 22834
1400 13923 29258
29258 1400 13923
13923 1400 29258
16326 20300 24849
24849 16326 20300
20300 16326 24849
27426 6044 10538
10538 6044 27426
6044 10538 27426
21288 184 29340
29340 184 21288
184 21288 29340
13467 2007 20981
2007 13467 20981
20981 2007 13467
15353 4107 7704
7704 4107 15353
4107 7704 15353
6516 10065 17938
10065 6516 17938
17938 6516 10065
18616 20415 23587
23587 18616 20415
20415 18616 23587
29031 2132 24020
2132 24020 29031
24020 2132 29031
4972 6121 14738
6121 4972 14738
14738 4972 6121
26482 16861 27376
16861 26482 27376
27376 16861 26482
23365 424 12163
12163 424 23365
424 12163 23365
19427 21347 24976
21347 19427 24976
24976 19427 21347
23238 1027 21710
1027 21710 23238
21710 1027 23238
26687 5194 15106
5194 15106 26687
15106 5194 26687
17637 811 14298
811 14298 17637
14298 811 17637
9326 11459 12824
12824 9326 11459
11459 9326 12824
21135 8733 29772
29772 8733 21135
8733 21135 29772
7424 20326 24944
20326 7424 24944
24944 7424 20326
22042 22080 29306
29306 22042 22080
22080 22042 29306
10091 17741 17861
17741 10091 17861
17861 10091 17741
16612 3286 28862
3286 16612 28862
28862 3286 16612
2723 8029 25182
25182 2723 8029
8029 2723 25182
5603 5627 20088
20088 5603 5627
5627 5603 20088
21917 643 4131
643 4131 21917
4131 643 21917
28372 188 8760
8760 188 28372
188 8760 28372
24988 17772 20370
20370 17772 24988
17772 20370 24988
6155 15130 24707
24707 6155 15130
15130 6155 24707
18653 3104 21391
3104 18653 21391
21391 3104 18653
5077 12042 25760
12042 5077 25760
25760 5077 12042
24549 7184 16399
16399 7184 24549
7184 16399 24549
27356 13644 29545
13644 27356 29545
29545 13644 27356
17559 12981 29415
29415 12981 17559
12981 17559 29415
10570 9720 20183
9720 10570 20183
20183 9720 10570
7760 6175 14000
14000 6175 7760
6175 7760 14000
8718 5673 15807
15807 5673 8718
5673 8718 15807
10553 1281 14421
1281 10553 14421
14421 1281 10553
5201 4690 20203
20203 4690 5201
4690 5201 20203
13557 1145 11451
11451 1145 13557
1145 11451 13557
28118 7312 15636
15636 7312 28118
7312 15636 28118
2900 19368 24269
24269 2900 19368
19368 2900 24269
9345 16070 23535
16070 9345 23535
23535 9345 16070
5784 6272 8832
6272 5784 8832
8832 5784 6272
29421 4861 18915
18915 4861 29421
4861 18915 29421
12517 15329 17870
17870 12517 15329
15329 12517 17870
21024 48 21253
48 21024 21253
21253 48 21024
6972 7855 13682
7855 6972 13682
13682 6972 7855
29670 4691 15234
4691 15234 29670
15234 4691 29670
5378 5156 26492
26492 5156 5378
5156 5378 26492
24485 14659 18129
14659 18129 24485
18129 14659 24485
18541 19387 22515
22515 18541 19387
19387 18541 22515
11558 7257 23341
23341 7257 11558
7257 11558 23341
5571 4026 17931
4026 5571 17931
17931 4026 5571
19115 10007 11669
11669 10007 19115
10007 11669 19115
4503 8611 22396
8611 4503 22396
22396 4503 8611
713 15303 18331
18331 713 15303
15303 713 18331
5714 20837 27808
20837 5714 27808
27808 5714 20837
5059 604 2987
604 2987 5059
2987 604 5059
22353 16336 25342
16336 22353 25342
25342 16336 22353
13998 13202 13303
13202 13303 13998
13303 13202 13998
25799 17423 25106
17423 25106 25799
25106 17423 25799
23551 17259 29940
17259 23551 29940
29940 17259 23551
3042 6423 12498
12498 3042 6423
6423 3042 12498
11001 3627 17779
3627 11001 17779
17779 3627 11001
19050 12681 21178
21178 12681 19050
12681 19050 21178
19160 12326 23440
12326 19160 23440
23440 12326 19160
10203 5171 10131
10131 5171 10203
5171 10131 10203
1434 9660 11317
9660 1434 11317
11317 1434 9660
9014 1509 6584
1509 6584 9014
6584 1509 9014
18474 5058 12403
12403 5058 18474
5058 12403 18474
3819 9830 27652
9830 3819 27652
27652 3819 9830
4935 8968 27425
8968 4935 27425
27425 4935 8968
8621 21608 25164
21608 8621 25164
25164 8621 21608
10010 4333 24798
24798 4333 10010
4333 10010 24798
3145 377 13642
377 3145 13642
13642 377 3145
11866 9030 10285
10285 9030 11866
9030 10285 11866
20177 5893 14643
5893 14643 20177
14643 5893 20177
17790 6190 21219
21219 6190 17790
6190 17790 21219
24539 495 15774
495 15774 24539
15774 495 24539
9247 731 16330
16330 731 9247
731 9247 16330
17679 3463 23993
23993 3463 17679
3463 17679 23993
16891 1215 13656
13656 1215 16891
1215 13656 16891
18876 15318 26859
26859 15318 18876
15318 18876 26859
26006 20006 21469
20006 21469 26006
21469 20006 26006
25612 9870 13423
9870 13423 25612
13423 9870 25612
28348 14479 17185
17185 14479 28348
14479 17185 28348
16367 22964 27157
27157 16367 22964
22964 16367 27157
21515 10189 12968
12968 10189 21515
10189 12968 21515
21646 7763 27199
7763 21646 27199
27199 7763 21646
23694 2693 4477
2693 4477 23694
4477 2693 23694
8016 1938 4018
1938 4018 8016
4018 1938 8016
11283 21101 29726
21101 11283 29726
29726 11283 21101
26925 9714 28674
9714 26925 28674
28674 9714 26925
10346 15733 29171
29171 10346 15733
15733 10346 29171
2740 16235 17082
17082 2740 16235
16235 2740 17082
23733 15255 24479
15255 23733 24479
24479 15255 23733
20799 6417 25508
25508 6417 20799
6417 20799 25508
16206 5667 12017
5667 12017 16206
12017 5667 16206
14588 9357 11613
11613 9357 14588
9357 11613 14588
4982 2326 29400
29400 2326 4982
2326 4982 29400
924 479 4928
4928 479 924
479 924 4928
17565 8612 13299
13299 8612 17565
8612 13299 17565
9687 12920 21128
12920 9687 21128
21128 9687 12920
10493 20577 26710
20577 10493 26710
26710 10493 20577
12945 1489 19161
19161 1489 12945
1489 12945 19161
29123 4568 23342
4568 23342 29123
23342 4568 29123
2946 4639 9521
9521 2946 4639
4639 2946 9521
23179 17411 26429
17411 23179 26429
26429 17411 23179
23974 22869 24270
24270 22869 23974
22869 23974 24270
20971 1767 12641
12641 1767 20971
1767 12641 20971
27069 8914 21949
8914 21949 27069
21949 8914 27069
26322 4317 25412
25412 4317 26322
4317 25412 26322
10555 10292 23396
10292 10555 23396
23396 10292 10555
4870 10164 25961
25961 4870 10164
10164 4870 25961
435 5345 17279
17279 435 5345
5345 435 17279
29819 9358 26394
9358 26394 29819
26394 9358 29819
8646 10231 26000
26000 8646 10231
10231 8646 26000
2703 9698 15508
15508 2703 9698
9698 2703 15508
23391 9981 26352
9981 23391 26352
26352 9981 23391
16559 23705 24374
24374 16559 23705
23705 16559 24374
28353 5312 27123
5312 27123 28353
27123 5312 28353
18659 7261 11703
11703 7261 18659
7261 11703 18659
18168 1341 7981
1341 7981 18168
7981 1341 18168
28535 20040 21657
21657 20040 28535
20040 21657 28535
14683 9152 12327
12327 9152 14683
9152 12327 14683
28268 6874 12216
12216 6874 28268
6874 12216 28268
9032 1018 21123
21123 1018 9032
1018 9032 21123
13159 8346 22758
8346 13159 22758
22758 8346 13159
22650 27134 27240
27134 22650 27240
27240 22650 27134
1366 12375 26268
12375 1366 26268
26268 1366 12375
11726 10628 22043
10628 11726 22043
22043 10628 11726
179 18055 20815
20815 179 18055
18055 179 20815
24917 966 15076
966 15076 24917
15076 966 24917
7324 20005 29305
29305 7324 20005
20005 7324 29305
29254 135 23132
23132 135 29254
135 23132 29254
26478 16722 20211
20211 16722 26478
16722 20211 26478
15540 5656 7375
7375 5656 15540
5656 7375 15540
18213 988 16825
988 16825 18213
16825 988 18213
6151 24433 25825
25825 6151 24433
24433 6151 25825
9996 12861 14288
12861 9996 14288
14288 9996 12861
21048 13727 28513
28513 13727 21048
13727 21048 28513
10009 5832 9303
5832 9303 10009
9303 5832 10009
14073 21415 26208
21415 14073 26208
26208 14073 21415
6622 5659 22934
5659 6622 22934
22934 5659 6622
587 10515 15482
15482 587 10515
10515 587 15482
24154 13871 24413
24413 13871 24154
13871 24154 24413
5514 18664 27429
18664 5514 27429
27429 5514 18664
8285 8325 24336
24336 8285 8325
8325 8285 24336
17873 5444 22546
5444 17873 22546
22546 5444 17873
9484 13936 17491
17491 9484 13936
13936 9484 17491
1644 8144 20786
20786 1644 8144
8144 1644 20786
6985 8829 29561
8829 6985 29561
29561 6985 8829
25657 23768 25972
25972 23768 25657
23768 25657 25972
5251 5298 24348
24348 5251 5298
5298 5251 24348
19220 11702 17285
11702 17285 19220
17285 11702 19220
4120 11362 12795
12795 4120 11362
11362 4120 12795
25900 1251 27974
1251 25900 27974
27974 1251 25900
16731 12883 22980
22980 12883 16731
12883 16731 22980
23058 24144 26187
26187 23058 24144
24144 23058 26187
14475 18877 27795
27795 14475 18877
18877 14475 27795
8184 4080 8243
8243 4080 8184
4080 8184 8243
10855 24263 24877
24877 10855 24263
24263 10855 24877
6751 14041 26898
26898 6751 14041
14041 6751 26898
15625 3712 9337
3712 9337 15625
9337 3712 15625
29328 9701 18679
9701 18679 29328
18679 9701 29328
10902 7496 9444
9444 7496 10902
7496 9444 10902
23976 14135 26015
26015 14135 23976
14135 23976 26015
14847 14928 26823
26823 14847 14928
14928 14847 26823
8912 1332 15885
1332 8912 15885
15885 1332 8912
3290 13181 24977
24977 3290 13181
13181 3290 24977
3069 16349 27849
27849 3069 16349
16349 3069 27849
22576 4264 22339
22339 4264 22576
4264 22339 22576
17782 14703 27430
14703 17782 27430
27430 14703 17782
8713 12877 21589
12877 8713 21589
21589 8713 12877
13035 13550 22392
13550 13035 22392
22392 13035 13550
6829 20885 26418
26418 6829 20885
20885 6829 26418
29872 9367 15320
15320 9367 29872
9367 15320 29872
17925 4254 28378
4254 17925 28378
28378 4254 17925
9191 17455 23704
17455 9191 23704
23704 9191 17455
16422 18931 20926
18931 16422 20926
20926 16422 18931
22449 6860 29063
6860 22449 29063
29063 6860 22449
10671 10302 21597
10302 10671 21597
21597 10302 10671
6667 17877 26527
26527 6667 17877
17877 6667 26527
28879 2905 7509
7509 2905 28879
2905 7509 28879
16079 1017 9248
1017 9248 16079
9248 1017 16079
12493 13653 20480
20480 12493 13653
13653 12493 20480
26972 20160 21713
21713 20160 26972
20160 21713 26972
18017 1407 11553
1407 11553 18017
11553 1407 18017
452 8481 9690
8481 452 9690
9690 452 8481
22482 14085 23966
23966 14085 22482
14085 22482 23966
4557 9634 12959
12959 4557 9634
9634 4557 12959
450 14455 29996
29996 450 14455
14455 450 29996
7428 20251 20459
20459 7428 20251
20251 7428 20459
27618 2747 28057
28057 2747 27618
2747 27618 28057
7392 616 13697
616 7392 13697
13697 616 7392
532 6627 29288
29288 532 6627
6627 532 29288
8026 3604 28634
3604 8026 28634
28634 3604 8026
19381 2659 13480
2659 13480 19381
13480 2659 19381
4868 7502 29831
7502 4868 29831
29831 4868 7502
22689 7450 24998
24998 7450 22689
7450 22689 24998
3333 1595 5091
1595 3333 5091
5091 1595 3333
4569 637 26454
26454 637 4569
637 4569 26454
18761 8199 27743
27743 8199 18761
8199 18761 27743
7847 5141 15903
5141 7847 15903
15903 5141 7847
22796 4685 19122
19122 4685 22796
4685 19122 22796
2002 9100 26174
26174 2002 9100
9100 2002 26174
21106 21250 29109
29109 21106 21250
21250 21106 29109
290 3144 20927
20927 290 3144
3144 290 20927
16778 17952 27881
17952 16778 27881
27881 16778 17952
11804 3661 6877
6877 3661 11804
3661 6877 11804
11651 4461 10769
10769 4461 11651
4461 10769 11651
23426 4746 16849
4746 16849 23426
16849 4746 23426
18729 17939 21706
21706 17939 18729
17939 18729 21706
3034 10359 22397
10359 3034 22397
22397 3034 10359
29267 1545 10294
10294 1545 29267
1545 10294 29267
19014 7725 15729
15729 7725 19014
7725 15729 19014
11080 9169 11228
9169 11080 11228
11228 9169 11080
18490 12707 23339
12707 18490 23339
23339 12707 18490
25512 1853 24066
1853 24066 25512
24066 1853 25512
18543 25947 28751
25947 18543 28751
28751 18543 25947
11982 10165 15140
15140 10165 11982
10165 11982 15140
13712 6339 12562
12562 6339 13712
6339 12562 13712
26522 10947 24672
10947 24672 26522
24672 10947 26522
22115 26902 27560
26902 22115 27560
27560 22115 26902
11883 4515 19743
4515 11883 19743
19743 4515 11883
22395 1875 11174
1875 11174 22395
11174 1875 22395
15331 6492 26705
6492 15331 26705
26705 6492 15331
9170 18400 22792
22792 9170 18400
18400 9170 22792
16670 13499 26936
13499 16670 26936
26936 13499 16670
26161 17378 25897
17378 25897 26161
25897 17378 26161
15846 18698 28553
18698 15846 28553
28553 15846 18698
140 3022 7523
7523 140 3022
3022 140 7523
21125 3075 19501
3075 19501 21125
19501 3075 21125
22711 5254 23213
23213 5254 22711
5254 22711 23213
3400 14077 25775
14077 3400 25775
25775 3400 14077
12428 22254 27742
27742 12428 22254
22254 12428 27742
3391 16596 27900
16596 3391 27900
27900 3391 16596
29379 19078 28460
19078 28460 29379
28460 19078 29379
20524 17955 25952
17955 20524 25952
25952 17955 20524
26014 13443 18351
18351 13443 26014
13443 18351 26014
25641 16762 17369
16762 17369 25641
17369 16762 25641
3380 2739 18524
18524 2739 3380
2739 3380 18524
26387 10828 12322
12322 10828 26387
10828 12322 26387
25358 28568 29151
28568 25358 29151
29151 25358 28568
24081 9134 26298
9134 24081 26298
26298 9134 24081
25756 8072 19940
19940 8072 25756
8072 19940 25756
25688 4403 22225
4403 22225 25688
22225 4403 25688
5660 10805 27136
10805 5660 27136
27136 5660 10805
5057 14617 15292
15292 5057 14617
14617 5057 15292
27988 6504 15114
15114 6504 27988
6504 15114 27988
20345 15276 17700
17700 15276 20345
15276 17700 20345
4504 20810 20965
20810 4504 20965
20965 4504 20810
20451 11521 12597
12597 11521 20451
11521 12597 20451
18648 7 24131
24131 7 18648
7 18648 24131
21439 16925 28074
16925 21439 28074
28074 16925 21439
22472 10820 19833
19833 10820 22472
10820 19833 22472
20604 3123 3567
3567 3123 20604
3123 3567 20604
18184 13214 27404
13214 18184 27404
27404 13214 18184
16447 24871 27105
27105 16447 24871
24871 16447 27105
19346 3973 14018
14018 3973 19346
3973 14018 19346
23663 973 17520
17520 973 23663
973 17520 23663
12183 12523 23431
23431 12183 12523
12523 12183 23431
10081 17803 27544
27544 10081 17803
17803 10081 27544
294 24464 25662
24464 294 25662
25662 294 24464
12263 3419 29062
3419 12263 29062
29062 3419 12263
2598 2810 11717
11717 2598 2810
2810 2598 11717
1412 1187 13357
13357 1187 1412
1187 1412 13357
22083 1694 15068
1694 15068 22083
15068 1694 22083
1375 90 7556
7556 90 1375
90 1375 7556
5293 21795 25855
25855 5293 21795
21795 5293 25855
27261 4520 8228
4520 8228 27261
8228 4520 27261
29582 2289 17230
17230 2289 29582
2289 17230 29582
6828 24869 27033
24869 6828 27033
27033 6828 24869
17214 22431 23214
23214 17214 22431
22431 17214 23214
10905 4936 19568
4936 10905 19568
19568 4936 10905
7310 4865 20039
4865 7310 20039
20039 4865 7310
3146 7469 23194
23194 3146 7469
7469 3146 23194
28612 12838 21056
21056 12838 28612
12838 21056 28612
27885 21659 25716
25716 21659 27885
21659 25716 27885
10389 7794 11674
11674 7794 10389
7794 10389 11674
753 24941 25506
25506 753 24941
24941 753 25506
15677 7438 22244
7438 15677 22244
22244 7438 15677
7805 1172 16429
16429 1172 7805
1172 7805 16429
2859 805 14814
805 2859 14814
14814 805 2859
9368 9044 11119
9044 9368 11119
11119 9044 9368
28659 7211 7942
7211 7942 28659
7942 7211 28659
22947 3725 26600
3725 22947 26600
26600 3725 22947
18453 19051 20423
20423 18453 19051
19051 18453 20423
22354 7593 19430
19430 7593 22354
7593 19430 22354
21514 11388 16253
11388 16253 21514
16253 11388 21514
24466 3247 14743
3247 14743 24466
14743 3247 24466
15007 25056 29008
25056 15007 29008
29008 15007 25056
29901 12159 25200
12159 25200 29901
25200 12159 29901
10066 9827 29150
29150 9827 10066
9827 10066 29150
21871 12349 13691
12349 13691 21871
13691 12349 21871
5460 12243 22359
12243 5460 22359
22359 5460 12243
19209 11035 11465
11035 11465 19209
11465 11035 19209
23954 8406 16356
8406 16356 23954
16356 8406 23954
15640 18362 24951
18362 15640 24951
24951 15640 18362
10827 9507 13487
13487 9507 10827
9507 10827 13487
8411 2247 4562
2247 4562 8411
4562 2247 8411
25136 4676 15325
15325 4676 25136
4676 15325 25136
12700 17146 27934
17146 12700 27934
27934 12700 17146
5131 6654 10046
6654 5131 10046
10046 5131 6654
11541 9994 28305
9994 11541 28305
28305 9994 11541
12225 4942 8628
4942 8628 12225
8628 4942 12225
21371 17352 25115
17352 21371 25115
25115 17352 21371
22967 934 2907
2907 934 22967
934 2907 22967
11561 10988 28356
28356 10988 11561
10988 11561 28356
8678 4162 14386
4162 8678 14386
14386 4162 8678
25710 7681 16828
7681 16828 25710
16828 7681 25710
16426 14580 23327
23327 14580 16426
14580 16426 23327
21337 7116 8891
7116 8891 21337
8891 7116 21337
28072 9942 25916
25916 9942 28072
9942 25916 28072
14920 9671 26738
9671 14920 26738
26738 9671 14920
2971 1303 19224
1303 2971 19224
19224 1303 2971
5825 9036 13039
9036 5825 13039
13039 5825 9036
27561 27333 29810
27333 27561 29810
29810 27333 27561
16636 13718 22034
22034 13718 16636
13718 16636 22034
2309 1009 13994
1009 2309 13994
13994 1009 2309
27303 213 21490
21490 213 27303
213 21490 27303
24985 9020 13329
9020 13329 24985
13329 9020 24985
10228 11828 19505
19505 10228 11828
11828 10228 19505
5983 23806 27457
23806 5983 27457
27457 5983 23806
465 9304 20947
9304 465 20947
20947 465 9304
20704 19499 27985
27985 19499 20704
19499 20704 27985
3256 12622 20830
12622 3256 20830
20830 3256 12622
16445 16918 28363
28363 16445 16918
16918 16445 28363
24443 974 27084
974 24443 27084
27084 974 24443
21970 5340 9288
5340 9288 21970
9288 5340 21970
29414 2942 22926
2942 22926 29414
22926 2942 29414
6030 3940 5778
5778 3940 6030
3940 5778 6030
29593 204 13193
13193 204 29593
204 13193 29593
2378 399 1526
399 1526 2378
1526 399 2378
9939 2037 15311
2037 9939 15311
15311 2037 9939
25459 10366 27641
27641 10366 25459
10366 25459 27641
12301 8390 16139
8390 12301 16139
16139 8390 12301
353 1840 26440
1840 353 26440
26440 353 1840
3838 1737 19088
19088 1737 3838
1737 3838 19088
28720 702 20664
20664 702 28720
702 20664 28720
1115 3371 14355
3371 1115 14355
14355 1115 3371
14597 21394 25276
21394 14597 25276
25276 14597 21394
15014 4439 8952
8952 4439 15014
4439 8952 15014
24525 13098 24592
13098 24525 24592
24592 13098 24525
7957 6927 28575
28575 6927 7957
6927 7957 28575
21444 12788 13277
13277 12788 21444
12788 13277 21444
1949 11854 25861
25861 1949 11854
11854 1949 25861
3840 7672 7751
7672 3840 7751
7751 3840 7672
26612 726 13938
13938 726 26612
726 13938 26612
8698 469 26226
26226 469 8698
469 8698 26226
8961 13389 17979
17979 8961 13389
13389 8961 17979
26288 28003 28472
28472 26288 28003
28003 26288 28472
10093 2134 25272
25272 2134 10093
2134 10093 25272
8585 8855 16041
8855 8585 16041
16041 8585 8855
3842 26191 28342
26191 3842 28342
28342 3842 26191
24694 6036 21072
21072 6036 24694
6036 21072 24694
3989 3995 23568
23568 3989 3995
3995 3989 23568
15477 17858 22935
17858 15477 22935
22935 15477 17858
19260 351 5992
351 5992 19260
5992 351 19260
11138 25528 27019
27019 11138 25528
25528 11138 27019
20685 16118 22303
16118 20685 22303
22303 16118 20685
1692 1043 7412
1043 1692 7412
7412 1043 1692
22581 1368 16456
1368 16456 22581
16456 1368 22581
14837 4917 22864
22864 4917 14837
4917 14837 22864
26232 447 3343
447 3343 26232
3343 447 26232
9265 23093 26419
23093 9265 26419
26419 9265 23093
2238 21481 29052
29052 2238 21481
21481 2238 29052
9493 10980 17022
10980 9493 17022
17022 9493 10980
10488 19819 27861
27861 10488 19819
19819 10488 27861
526 211 2621
211 526 2621
2621 211 526
6388 13847 18899
13847 6388 18899
18899 6388 13847
20826 1558 22006
1558 20826 22006
22006 1558 20826
13182 3243 8336
3243 8336 13182
8336 3243 13182
10772 1406 19291
1406 10772 19291
19291 1406 10772
4163 4525 29604
29604 4163 4525
4525 4163 29604
21839 10249 24743
24743 10249 21839
10249 21839 24743
19243 19720 21889
19720 19243 21889
21889 19243 19720
19087 5159 18704
5159 18704 19087
18704 5159 19087
4042 13269 15962
13269 4042 15962
15962 4042 13269
15172 1663 7036
7036 1663 15172
1663 7036 15172
20339 1350 2203
1350 2203 20339
2203 1350 20339
13472 5513 10605
5513 10605 13472
10605 5513 13472
9987 15362 27402
15362 9987 27402
27402 9987 15362
14300 178 18378
18378 178 14300
178 14300 18378
14211 19371 25028
19371 14211 25028
25028 14211 19371
5063 5197 9685
5197 5063 9685
9685 5063 5197
4955 18330 29634
29634 4955 18330
18330 4955 29634
12611 2760 17575
17575 2760 12611
2760 12611 17575
26485 5610 21801
5610 21801 26485
21801 5610 26485
16099 12616 26857
12616 16099 26857
26857 12616 16099
15937 927 25956
927 15937 25956
25956 927 15937
7793 9190 19874
9190 7793 19874
19874 7793 9190
9376 10936 19855
10936 9376 19855
19855 9376 10936
28971 14416 27049
14416 27049 28971
27049 14416 28971
8848 18853 29675
29675 8848 18853
18853 8848 29675
24906 4602 28752
4602 24906 28752
28752 4602 24906
16384 16633 21635
21635 16384 16633
16633 16384 21635
21960 24293 28360
28360 21960 24293
24293 21960 28360
13113 11981 22528
11981 13113 22528
22528 11981 13113
3630 8736 15386
15386 3630 8736
8736 3630 15386
29518 14620 19529
19529 14620 29518
14620 19529 29518
27293 14958 27148
27148 14958 27293
14958 27148 27293
29777 7451 11095
7451 11095 29777
11095 7451 29777
27176 16153 18993
18993 16153 27176
16153 18993 27176
24732 23245 27043
23245 24732 27043
27043 23245 24732
11746 14471 24904
14471 11746 24904
24904 11746 14471
26664 1372 12656
12656 1372 26664
1372 12656 26664
16656 21613 24874
24874 16656 21613
21613 16656 24874
4302 23430 27951
23430 4302 27951
27951 4302 23430
1063 14440 19446
14440 1063 19446
19446 1063 14440
5532 8206 10427
10427 5532 8206
8206 5532 10427
6666 1170 23395
1170 6666 23395
23395 1170 6666
2425 2218 7284
7284 2218 2425
2218 2425 7284
962 7625 13685
13685 962 7625
7625 962 13685
15326 4240 26019
26019 4240 15326
4240 15326 26019
2669 11453 18581
11453 2669 18581
18581 2669 11453
15430 3524 29127
29127 3524 15430
3524 15430 29127
26837 17601 27526
17601 26837 27526
27526 17601 26837
20059 3822 14093
14093 3822 20059
3822 14093 20059
24338 10286 15059
15059 10286 24338
10286 15059 24338
20924 3494 5908
5908 3494 20924
3494 5908 20924
23038 23868 28016
28016 23038 23868
23868 23038 28016
2402 14180 21664
21664 2402 14180
14180 2402 21664
4367 6506 18954
18954 4367 6506
6506 4367 18954
11409 5967 8533
5967 8533 11409
8533 5967 11409
21569 14966 29573
14966 21569 29573
29573 14966 21569
219 283 18770
283 219 18770
18770 219 283
10755 739 3580
739 3580 10755
3580 739 10755
8853 9587 22959
22959 8853 9587
9587 8853 22959
7548 7812 8758
7812 7548 8758
8758 7548 7812
5974 15873 24396
24396 5974 15873
15873 5974 24396
21957 13709 19682
19682 13709 21957
13709 19682 21957
24246 2227 27309
2227 24246 27309
27309 2227 24246
18379 6405 29090
6405 18379 29090
29090 6405 18379
1657 9586 25007
25007 1657 9586
9586 1657 25007
10773 7106 17862
17862 7106 10773
7106 10773 17862
28121 5135 5568
5135 5568 28121
5568 5135 28121
20252 25882 29228
29228 20252 25882
25882 20252 29228
18873 2926 5549
5549 2926 18873
2926 5549 18873
1729 13066 19139
19139 1729 13066
13066 1729 19139
24476 15951 21874
21874 15951 24476
15951 21874 24476
14692 5082 7318
7318 5082 14692
5082 7318 14692
13690 9065 24859
9065 13690 24859
24859 9065 13690
25723 1207 7545
7545 1207 25723
1207 7545 25723
5286 3323 26560
3323 5286 26560
26560 3323 5286
23737 1452 15033
1452 15033 23737
15033 1452 23737
4783 16758 26179
16758 4783 26179
26179 4783 16758
16259 1504 4125
4125 1504 16259
1504 4125 16259
19049 1850 10347
1850 10347 19049
10347 1850 19049
8378 12889 29619
12889 8378 29619
29619 8378 12889
20886 24119 24214
24119 20886 24214
24214 20886 24119
5379 13617 28379
28379 5379 13617
13617 5379 28379
19945 2231 29099
29099 2231 19945
2231 19945 29099
11851 15148 15506
15506 11851 15148
15148 11851 15506
26366 11767 13301
11767 13301 26366
13301 11767 26366
29474 11269 19022
11269 19022 29474
19022 11269 29474
15435 7759 22322
22322 7759 15435
7759 15435 22322
3091 3485 19689
3485 3091 19689
19689 3091 3485
18108 2501 16552
16552 2501 18108
2501 16552 18108
10188 5995 8670
8670 5995 10188
5995 8670 10188
9159 7464 12564
7464 9159 12564
12564 7464 9159
3730 15623 20727
15623 3730 20727
20727 3730 15623
7878 730 26221
730 7878 26221
26221 730 7878
15450 8009 29710
29710 8009 15450
8009 15450 29710
8366 1710 26604
26604 1710 8366
1710 8366 26604
4821 10624 11456
10624 4821 11456
11456 4821 10624
7104 6739 7230
6739 7104 7230
7230 6739 7104
26912 12578 17503
12578 17503 26912
17503 12578 26912
26152 8212 9002
8212 9002 26152
9002 8212 26152
7421 11303 22264
11303 7421 22264
22264 7421 11303
19786 2015 22230
2015 19786 22230
22230 2015 19786
1335 4782 24840
24840 1335 4782
4782 1335 24840
27612 17376 29465
17376 27612 29465
29465 17376 27612
10334 16303 17235
17235 10334 16303
16303 10334 17235
12947 13063 19076
19076 12947 13063
13063 12947 19076
10918 2516 18030
2516 10918 18030
18030 2516 10918
22012 7547 9204
9204 7547 22012
7547 9204 22012
9568 16530 28369
28369 9568 16530
16530 9568 28369
10243 10889 16247
16247 10243 10889
10889 10243 16247
7497 3740 22280
3740 7497 22280
22280 3740 7497
5437 8449 23197
8449 5437 23197
23197 5437 8449
25576 1082 5144
1082 5144 25576
5144 1082 25576
22379 3229 28463
28463 3229 22379
3229 22379 28463
14212 609 16054
609 14212 16054
16054 609 14212
25085 9713 24048
24048 9713 25085
9713 24048 25085
26490 3041 4980
4980 3041 26490
3041 4980 26490
14640 2404 4144
2404 4144 14640
4144 2404 14640
22485 527 21921
527 21921 22485
21921 527 22485
29607 2967 24199
2967 24199 29607
24199 2967 29607
28673 16690 20206
16690 20206 28673
20206 16690 28673
1544 9160 11832
9160 1544 11832
11832 1544 9160
14363 10210 20608
20608 10210 14363
10210 14363 20608
23452 8318 10080
8318 10080 23452
10080 8318 23452
14618 10897 27133
10897 14618 27133
27133 10897 14618
18005 8774 18254
18254 8774 18005
8774 18005 18254
576 7402 29513
7402 576 29513
29513 576 7402
24390 16791 20533
16791 20533 24390
20533 16791 24390
22382 3392 16025
16025 3392 22382
3392 16025 22382
10986 20827 29324
20827 10986 29324
29324 10986 20827
3113 1294 1569
1294 1569 3113
1569 1294 3113
28043 5535 28866
5535 28043 28866
28866 5535 28043
23980 24429 26546
26546 23980 24429
24429 23980 26546
11130 21530 26995
21530 11130 26995
26995 11130 21530
10615 6087 15470
6087 10615 15470
15470 6087 10615
5548 3804 10878
3804 5548 10878
10878 3804 5548
2974 1284 15566
1284 2974 15566
15566 1284 2974
18237 3436 18703
18703 3436 18237
3436 18237 18703
18468 15095 27394
15095 18468 27394
27394 15095 18468
24728 1701 22208
1701 22208 24728
22208 1701 24728
4287 4995 9018
4995 4287 9018
9018 4287 4995
19531 8752 12208
12208 8752 19531
8752 12208 19531
26931 24484 25790
24484 25790 26931
25790 24484 26931
17835 8374 20812
20812 8374 17835
8374 17835 20812
21324 159 25920
25920 159 21324
159 21324 25920
5426 17496 27423
17496 5426 27423
27423 5426 17496
18442 15758 23953
15758 18442 23953
23953 15758 18442
11344 10831 20703
10831 11344 20703
20703 10831 11344
5085 67 7192
67 5085 7192
7192 67 5085
15828 4466 18146
18146 4466 15828
4466 15828 18146
29280 1923 21164
1923 21164 29280
21164 1923 29280
4255 5672 12496
5672 4255 12496
12496 4255 5672
27655 1630 23398
23398 1630 27655
1630 23398 27655
8636 8779 13177
8779 8636 13177
13177 8636 8779
8417 3599 21692
3599 8417 21692
21692 3599 8417
8085 11857 19504
11857 8085 19504
19504 8085 11857
3781 8395 11940
11940 3781 8395
8395 3781 11940
7350 2172 2577
2172 2577 7350
2577 2172 7350
18360 17126 29233
17126 18360 29233
29233 17126 18360
16084 17442 19062
17442 16084 19062
19062 16084 17442
8480 20675 24169
24169 8480 20675
20675 8480 24169
9058 12804 29468
29468 9058 12804
12804 9058 29468
11490 2511 7485
7485 2511 11490
2511 7485 11490
6548 8933 11789
11789 6548 8933
8933 6548 11789
1995 13641 15488
13641 1995 15488
15488 1995 13641
2618 9423 22184
22184 2618 9423
9423 2618 22184
9340 7583 27892
7583 9340 27892
27892 7583 9340
8561 7229 20768
20768 7229 8561
7229 8561 20768
11938 6205 25671
6205 11938 25671
25671 6205 11938
6334 15825 28840
28840 6334 15825
15825 6334 28840
19722 6746 26724
6746 19722 26724
26724 6746 19722
27524 18391 20400
18391 20400 27524
20400 18391 27524
13618 6005 18193
6005 13618 18193
18193 6005 13618
17814 20848 21611
20848 17814 21611
21611 17814 20848
28936 9025 15876
15876 9025 28936
9025 15876 28936
12067 13990 26592
13990 12067 26592
26592 12067 13990
6510 12936 16498
12936 6510 16498
16498 6510 12936
11489 9375 20601
9375 11489 20601
20601 9375 11489
22579 22234 24009
22234 22579 24009
24009 22234 22579
18525 11060 12946
11060 12946 18525
12946 11060 18525
26620 17987 21878
17987 21878 26620
21878 17987 26620
17261 6493 14495
6493 14495 17261
14495 6493 17261
18248 13406 17492
13406 17492 18248
17492 13406 18248
28489 12886 15996
12886 15996 28489
15996 12886 28489
6319 3081 15232
15232 3081 6319
3081 6319 15232
27558 12016 16487
12016 16487 27558
16487 12016 27558
2620 21937 27040
21937 2620 27040
27040 2620 21937
24827 20844 25305
25305 20844 24827
20844 24827 25305
28316 810 24895
810 24895 28316
24895 810 28316
14625 15637 24708
24708 14625 15637
15637 14625 24708
3984 13862 17863
13862 3984 17863
17863 3984 13862
21000 16970 18732
16970 18732 21000
18732 16970 21000
22479 2692 18867
18867 2692 22479
2692 18867 22479
20636 5569 16724
16724 5569 20636
5569 16724 20636
22456 4937 23291
23291 4937 22456
4937 22456 23291
8125 2154 22380
22380 2154 8125
2154 8125 22380
20013 1297 19436
1297 19436 20013
19436 1297 20013
10089 492 9268
9268 492 10089
492 9268 10089
9620 11627 23073
11627 9620 23073
23073 9620 11627
24073 22846 24676
24676 22846 24073
22846 24073 24676
18631 15925 23404
23404 15925 18631
15925 18631 23404
4779 1060 7636
1060 4779 7636
7636 1060 4779
2224 3336 5330
3336 2224 5330
5330 2224 3336
23047 2865 8817
2865 8817 23047
8817 2865 23047
103 16465 22571
16465 103 22571
22571 103 16465
3586 8886 14047
14047 3586 8886
8886 3586 14047
21055 16789 28130
16789 21055 28130
28130 16789 21055
333 10195 25495
25495 333 10195
10195 333 25495
26126 5092 5260
5092 5260 26126
5260 5092 26126
5122 10495 11249
11249 5122 10495
10495 5122 11249
24820 7144 28266
7144 24820 28266
28266 7144 24820
10784 14198 29867
14198 10784 29867
29867 10784 14198
20966 21828 27150
27150 20966 21828
21828 20966 27150
1743 18571 20078
20078 1743 18571
18571 1743 20078
22679 13796 19024
19024 13796 22679
13796 19024 22679
1739 1478 5698
1478 1739 5698
5698 1478 1739
22757 19803 24695
24695 19803 22757
19803 22757 24695
3493 25943 27319
27319 3493 25943
25943 3493 27319
26269 3569 24410
24410 3569 26269
3569 24410 26269
26582 22224 24547
24547 22224 26582
22224 24547 26582
9107 19352 23456
19352 9107 23456
23456 9107 19352
196 13635 28579
28579 196 13635
13635 196 28579
8619 11028 28931
28931 8619 11028
11028 8619 28931
25246 10223 23695
23695 10223 25246
10223 23695 25246
3653 2708 25147
2708 3653 25147
25147 2708 3653
2215 20347 24377
20347 2215 24377
24377 2215 20347
28583 13378 21280
21280 13378 28583
13378 21280 28583
21531 3614 26317
26317 3614 21531
3614 21531 26317
1369 1661 24709
1661 1369 24709
24709 1369 1661
21265 10288 20634
20634 10288 21265
10288 20634 21265
14310 3737 11330
3737 11330 14310
11330 3737 14310
9091 15315 17121
17121 9091 15315
15315 9091 17121
11596 11585 12549
12549 11585 11596
11585 11596 12549
22793 19380 28736
19380 22793 28736
28736 19380 22793
10656 14220 19712
19712 10656 14220
14220 10656 19712
21610 4404 19896
19896 4404 21610
4404 19896 21610
25334 11978 22602
22602 11978 25334
11978 22602 25334
3658 5006 17775
5006 3658 17775
17775 3658 5006
9243 1550 2074
2074 1550 9243
1550 2074 9243
28297 6214 15587
6214 15587 28297
15587 6214 28297
1013 7240 10147
10147 1013 7240
7240 1013 10147
2189 4567 26062
4567 2189 26062
26062 2189 4567
20119 14326 29766
14326 20119 29766
29766 14326 20119
10224 11905 14151
14151 10224 11905
11905 10224 14151
29146 2287 8342
2287 8342 29146
8342 2287 29146
17487 24801 27454
24801 17487 27454
27454 17487 24801
11720 21142 22407
21142 11720 22407
22407 11720 21142
1185 11264 29931
29931 1185 11264
11264 1185 29931
18067 461 15382
461 15382 18067
15382 461 18067
16053 6670 6945
6945 6670 16053
6670 6945 16053
13976 1266 9468
9468 1266 13976
1266 9468 13976
3910 23472 25420
23472 3910 25420
25420 3910 23472
9320 15882 17147
17147 9320 15882
15882 9320 17147
26993 14769 15077
14769 15077 26993
15077 14769 26993
3983 14731 26610
14731 3983 26610
26610 3983 14731
28433 394 11418
11418 394 28433
394 11418 28433
22534 5647 20222
20222 5647 22534
5647 20222 22534
10738 9999 24811
9999 10738 24811
24811 9999 10738
11103 3459 28785
3459 11103 28785
28785 3459 11103
29762 15684 24557
15684 24557 29762
24557 15684 29762
252 24759 25049
25049 252 24759
24759 252 25049
11270 22308 26964
22308 11270 26964
26964 11270 22308
