22736 14461 16228
14461 16228 22736
16228 14461 22736
16153 6532 29036
6532 16153 29036
29036 6532 16153
18624 15029 16321
16321 15029 18624
15029 16321 18624
16733 3209 25617
3209 16733 25617
25617 3209 16733
10178 11323 11870
11870 10178 11323
11323 10178 11870
15392 187 20461
20461 187 15392
187 15392 20461
20172 17980 20168
20168 17980 20172
17980 20168 20172
22577 18491 26604
26604 18491 22577
18491 22577 26604
4961 13643 24974
13643 4961 24974
24974 4961 13643
7286 339 4103
339 4103 7286
4103 339 7286
18928 11684 28219
11684 18928 28219
28219 11684 18928
15800 6775 24890
24890 6775 15800
6775 15800 24890
21799 4040 11443
4040 11443 21799
11443 4040 21799
7128 8465 22275
8465 7128 22275
22275 7128 8465
16043 15192 21279
15192 16043 21279
21279 15192 16043
22016 8468 23396
23396 8468 22016
8468 22016 23396
824 9015 23727
9015 824 23727
23727 824 9015
18318 9794 17741
9794 17741 18318
17741 9794 18318
6652 680 2302
2302 680 6652
680 2302 6652
15612 5106 25131
5106 15612 25131
25131 5106 15612
15956 12803 19038
19038 12803 15956
12803 15956 19038
15791 1617 28943
28943 1617 15791
1617 15791 28943
18783 7651 29510
7651 18783 29510
29510 7651 18783
16242 3154 9791
3154 9791 16242
9791 3154 16242
28982 2811 4092
2811 4092 28982
4092 2811 28982
10621 86 8941
86 8941 10621
8941 86 10621
29839 16238 24228
24228 16238 29839
16238 24228 29839
17542 130 29909
130 17542 29909
29909 130 17542
10607 9290 28556
28556 9290 10607
9290 10607 28556
8096 2800 17015
2800 8096 17015
17015 2800 8096
11906 1640 29686
29686 1640 11906
1640 11906 29686
25152 600 10705
600 10705 25152
10705 600 25152
25694 5109 12629
12629 5109 25694
5109 12629 25694
27411 20184 27030
27030 20184 27411
20184 27030 27411
28468 27093 27849
27093 27849 28468
27849 27093 28468
3763 3222 29698
3222 3763 29698
29698 3222 3763
1666 9828 23499
23499 1666 9828
9828 1666 23499
17816 6049 29153
29153 6049 17816
6049 17816 29153
7292 240 12612
12612 240 7292
240 7292 12612
25982 10867 20985
20985 10867 25982
10867 20985 25982
29994 11624 15778
11624 15778 29994
15778 11624 29994
2840 14121 29956
29956 2840 14121
14121 2840 29956
20636 13003 18974
18974 13003 20636
13003 18974 20636
2899 10054 27055
10054 2899 27055
27055 2899 10054
23682 1276 27566
27566 1276 23682
1276 23682 27566
27614 13390 21839
21839 13390 27614
13390 21839 27614
29613 7845 20810
7845 20810 29613
20810 7845 29613
23927 4148 24490
24490 4148 23927
4148 23927 24490
2348 12895 26508
12895 2348 26508
26508 2348 12895
25798 17039 28130
17039 25798 28130
28130 17039 25798
21671 11227 26074
26074 11227 21671
11227 21671 26074
7872 2952 19104
2952 7872 19104
19104 2952 7872
1014 4536 9502
9502 1014 4536
4536 1014 9502
11204 9659 18393
9659 11204 18393
18393 9659 11204
3844 4950 8138
8138 3844 4950
4950 3844 8138
23737 1703 22298
22298 1703 23737
1703 22298 23737
10773 6786 11941
6786 10773 11941
11941 6786 10773
8901 5981 6713
6713 5981 8901
5981 6713 8901
19909 3391 24698
24698 3391 19909
3391 19909 24698
1737 11862 23992
11862 1737 23992
23992 1737 11862
21913 6099 18839
6099 18839 21913
18839 6099 21913
26057 19553 25957
19553 25957 26057
25957 19553 26057
26779 4660 26216
26216 4660 26779
4660 26216 26779
27831 17802 18663
18663 17802 27831
17802 18663 27831
21679 335 1581
335 1581 21679
1581 335 21679
18310 545 9453
545 9453 18310
9453 545 18310
13560 16126 23169
16126 13560 23169
23169 13560 16126
8596 12032 25518
25518 8596 12032
12032 8596 25518
12113 3639 5666
3639 5666 12113
5666 3639 12113
26038 603 12244
603 12244 26038
12244 603 26038
7685 9376 17350
17350 7685 9376
9376 7685 17350
23552 9253 24076
24076 9253 23552
9253 23552 24076
28818 13386 15681
13386 15681 28818
15681 13386 28818
5182 2022 24704
24704 2022 5182
2022 5182 24704
18742 7524 14658
7524 14658 18742
14658 7524 18742
13209 7474 8289
8289 7474 13209
7474 8289 13209
23150 5334 16049
16049 5334 23150
5334 16049 23150
29397 2970 24674
2970 24674 29397
24674 2970 29397
682 10884 22544
22544 682 10884
10884 682 22544
24866 1065 6983
6983 1065 24866
1065 6983 24866
6820 15978 16860
15978 6820 16860
16860 6820 15978
21497 4866 18572
18572 4866 21497
4866 18572 21497
3996 10529 26550
26550 3996 10529
10529 3996 26550
29252 24818 27908
27908 24818 29252
24818 27908 29252
481 4354 16107
4354 481 16107
16107 481 4354
16957 4453 5098
4453 5098 16957
5098 4453 16957
10437 14803 26222
14803 10437 26222
26222 10437 14803
5677 9887 19428
19428 5677 9887
9887 5677 19428
24634 6720 17832
17832 6720 24634
6720 17832 24634
6952 10429 14326
10429 6952 14326
14326 6952 10429
28721 1066 6197
1066 6197 28721
6197 1066 28721
9947 15604 23152
15604 9947 23152
23152 9947 15604
3160 6569 18837
18837 3160 6569
6569 3160 18837
16752 2844 14057
2844 14057 16752
14057 2844 16752
2305 3581 19003
19003 2305 3581
3581 2305 19003
10458 21450 27529
27529 10458 21450
21450 10458 27529
4778 4916 10062
4916 4778 10062
10062 4778 4916
12955 2735 14354
14354 2735 12955
2735 12955 14354
296 13164 16404
13164 296 16404
16404 296 13164
26048 5342 23613
23613 5342 26048
5342 23613 26048
7558 7366 14094
14094 7366 7558
7366 7558 14094
12739 4321 15084
4321 12739 15084
15084 4321 12739
13014 16866 24010
24010 13014 16866
16866 13014 24010
4575 8895 15275
8895 4575 15275
15275 4575 8895
21017 2636 7868
2636 7868 21017
7868 2636 21017
24189 14277 25090
25090 14277 24189
14277 24189 25090
8169 7258 18849
7258 8169 18849
18849 7258 8169
16826 1192 16521
1192 16521 16826
16521 1192 16826
19467 14563 26567
14563 19467 26567
26567 14563 19467
17226 8733 12228
8733 12228 17226
12228 8733 17226
16502 13551 15912
15912 13551 16502
13551 15912 16502
23438 10388 11593
11593 10388 23438
10388 11593 23438
21008 10938 16629
16629 10938 21008
10938 16629 21008
4629 3834 17925
17925 3834 4629
3834 4629 17925
13969 10506 20341
20341 10506 13969
10506 13969 20341
21209 26994 27389
27389 21209 26994
26994 21209 27389
79 844 16611
844 79 16611
16611 79 844
9504 4166 9688
9688 4166 9504
4166 9504 9688
18808 3063 14060
3063 14060 18808
14060 3063 18808
997 19678 22941
22941 997 19678
19678 997 22941
18327 10734 21103
10734 18327 21103
21103 10734 18327
9343 4403 10356
4403 9343 10356
10356 4403 9343
6041 9380 22613
22613 6041 9380
9380 6041 22613
14621 864 9140
9140 864 14621
864 9140 14621
6764 21930 29563
29563 6764 21930
21930 6764 29563
11692 4230 11683
11683 4230 11692
4230 11683 11692
18012 24554 24624
24624 18012 24554
24554 18012 24624
10290 23849 29596
29596 10290 23849
23849 10290 29596
21990 12822 19696
12822 19696 21990
19696 12822 21990
23972 10750 12707
10750 12707 23972
12707 10750 23972
26095 7244 26717
26717 7244 26095
7244 26095 26717
27600 11225 11413
11225 11413 27600
11413 11225 27600
18472 1660 15503
15503 1660 18472
1660 15503 18472
613 18853 20363
20363 613 18853
18853 613 20363
22542 9254 23337
23337 9254 22542
9254 22542 23337
10198 12204 26310
12204 10198 26310
26310 10198 12204
375 537 8615
537 375 8615
8615 375 537
17355 2928 9066
9066 2928 17355
2928 9066 17355
13144 6630 26753
26753 6630 13144
6630 13144 26753
7571 19597 27020
27020 7571 19597
19597 7571 27020
12950 12477 25171
12477 12950 25171
25171 12477 12950
15010 21447 23179
23179 15010 21447
21447 15010 23179
13279 8438 24337
8438 13279 24337
24337 8438 13279
4887 4146 23731
4146 4887 23731
23731 4146 4887
29519 10015 20173
10015 20173 29519
20173 10015 29519
7768 11386 23359
11386 7768 23359
23359 7768 11386
1197 12019 28082
28082 1197 12019
12019 1197 28082
17410 5685 7166
5685 7166 17410
7166 5685 17410
13383 1987 6907
1987 6907 13383
6907 1987 13383
7980 12405 19673
19673 7980 12405
12405 7980 19673
13078 10486 21433
10486 13078 21433
21433 10486 13078
29095 9093 20154
9093 20154 29095
20154 9093 29095
18970 19903 22229
19903 18970 22229
22229 18970 19903
28859 7585 9145
7585 9145 28859
9145 7585 28859
11098 16269 28322
28322 11098 16269
16269 11098 28322
14892 9326 22576
22576 9326 14892
9326 14892 22576
7398 4959 12981
4959 7398 12981
12981 4959 7398
18861 16314 24427
24427 16314 18861
16314 18861 24427
28869 17325 26645
26645 17325 28869
17325 26645 28869
1813 9729 29726
29726 1813 9729
9729 1813 29726
11289 10877 18540
18540 10877 11289
10877 11289 18540
6139 551 4831
551 4831 6139
4831 551 6139
14112 11428 11469
11428 11469 14112
11469 11428 14112
3326 1300 28483
1300 3326 28483
28483 1300 3326
20023 6695 25216
6695 20023 25216
25216 6695 20023
6578 11849 14463
14463 6578 11849
11849 6578 14463
2761 1163 15118
15118 1163 2761
1163 2761 15118
23310 5632 19333
19333 5632 23310
5632 19333 23310
22158 351 28388
28388 351 22158
351 22158 28388
16433 15488 23117
15488 16433 23117
23117 15488 16433
23956 16628 17784
16628 17784 23956
17784 16628 23956
9968 10092 14320
14320 9968 10092
10092 9968 14320
17822 1665 10405
1665 10405 17822
10405 1665 17822
9896 5972 18666
18666 5972 9896
5972 9896 18666
8499 17766 24506
24506 8499 17766
17766 8499 24506
9070 20033 20252
20033 9070 20252
20252 9070 20033
14059 13367 20277
13367 14059 20277
20277 13367 14059
16480 17562 18442
18442 16480 17562
17562 16480 18442
7318 10670 22077
10670 7318 22077
22077 7318 10670
2118 8997 20574
20574 2118 8997
8997 2118 20574
24680 10624 14343
10624 14343 24680
14343 10624 24680
21506 20338 28720
28720 20338 21506
20338 21506 28720
20587 7983 20645
20645 7983 20587
7983 20587 20645
14641 5010 8753
5010 8753 14641
8753 5010 14641
6198 26189 29440
29440 6198 26189
26189 6198 29440
28919 19090 27274
19090 27274 28919
27274 19090 28919
11157 15748 22942
15748 11157 22942
22942 11157 15748
5201 18755 21872
21872 5201 18755
18755 5201 21872
4907 9141 22717
22717 4907 9141
9141 4907 22717
18512 11055 12404
12404 11055 18512
11055 12404 18512
3199 11103 13811
11103 3199 13811
13811 3199 11103
13581 19450 24688
19450 13581 24688
24688 13581 19450
4355 8755 20264
8755 4355 20264
20264 4355 8755
14798 4262 12372
4262 12372 14798
12372 4262 14798
29030 10321 11725
11725 10321 29030
10321 11725 29030
841 10640 22258
10640 841 22258
22258 841 10640
8079 15072 19969
19969 8079 15072
15072 8079 19969
14496 23349 26126
23349 14496 26126
26126 14496 23349
26365 1262 17913
17913 1262 26365
1262 17913 26365
19649 22634 24464
24464 19649 22634
22634 19649 24464
16605 4364 8619
8619 4364 16605
4364 8619 16605
3262 21140 22808
21140 3262 22808
22808 3262 21140
14806 8875 26549
26549 8875 14806
8875 14806 26549
17351 9560 21922
21922 9560 17351
9560 17351 21922
22809 8209 23875
8209 22809 23875
23875 8209 22809
20719 10151 28903
10151 20719 28903
28903 10151 20719
13529 533 17579
17579 533 13529
533 13529 17579
29249 12237 18084
18084 12237 29249
12237 18084 29249
15570 23587 26788
23587 15570 26788
26788 15570 23587
13692 10174 16927
10174 13692 16927
16927 10174 13692
17247 2510 17160
17160 2510 17247
2510 17160 17247
19628 16030 24677
16030 19628 24677
24677 16030 19628
20681 15013 21232
15013 20681 21232
21232 15013 20681
14734 12736 16284
16284 12736 14734
12736 14734 16284
19989 22537 22564
22564 19989 22537
22537 19989 22564
10349 11053 18685
11053 10349 18685
18685 10349 11053
17849 12747 14726
14726 12747 17849
12747 14726 17849
18822 9526 11907
11907 9526 18822
9526 11907 18822
13633 22260 24329
24329 13633 22260
22260 13633 24329
27706 1230 22124
1230 22124 27706
22124 1230 27706
28099 4784 9164
9164 4784 28099
4784 9164 28099
16858 13875 16125
16125 13875 16858
13875 16125 16858
22136 8717 10436
10436 8717 22136
8717 10436 22136
10652 7908 13624
13624 7908 10652
7908 10652 13624
24941 22018 22381
22018 22381 24941
22381 22018 24941
26154 10281 13801
13801 10281 26154
10281 13801 26154
27252 5036 17738
5036 17738 27252
17738 5036 27252
20649 1152 26643
1152 20649 26643
26643 1152 20649
28881 11441 24533
24533 11441 28881
11441 24533 28881
8922 20589 24149
24149 8922 20589
20589 8922 24149
7916 6255 23535
23535 6255 7916
6255 7916 23535
27567 21885 23486
23486 21885 27567
21885 23486 27567
8219 17999 23391
23391 8219 17999
17999 8219 23391
2857 13837 27658
27658 2857 13837
13837 2857 27658
19492 20577 23273
23273 19492 20577
20577 19492 23273
26857 11192 12813
11192 12813 26857
12813 11192 26857
14278 3141 11120
3141 11120 14278
11120 3141 14278
9884 1738 24282
24282 1738 9884
1738 9884 24282
29642 27187 28580
28580 27187 29642
27187 28580 29642
13359 6515 28259
6515 13359 28259
28259 6515 13359
18462 6670 20254
20254 6670 18462
6670 18462 20254
24022 4894 13039
13039 4894 24022
4894 13039 24022
8190 8377 16394
8377 8190 16394
16394 8190 8377
23500 20460 21986
20460 21986 23500
21986 20460 23500
18835 12942 16968
16968 12942 18835
12942 16968 18835
15063 6678 19646
6678 15063 19646
19646 6678 15063
23320 4526 10859
10859 4526 23320
4526 10859 23320
5446 12374 16434
16434 5446 12374
12374 5446 16434
27825 4957 22147
4957 22147 27825
22147 4957 27825
4089 2658 17862
2658 4089 17862
17862 2658 4089
22317 7312 8816
8816 7312 22317
7312 8816 22317
2439 4174 20106
20106 2439 4174
4174 2439 20106
2999 6256 13370
6256 2999 13370
13370 2999 6256
29165 27217 29278
29278 27217 29165
27217 29165 29278
1920 452 6401
452 1920 6401
6401 452 1920
4680 7050 18280
7050 4680 18280
18280 4680 7050
2084 16290 16622
16290 2084 16622
16622 2084 16290
12790 4048 26292
4048 12790 26292
26292 4048 12790
22583 15454 16552
16552 15454 22583
15454 16552 22583
14842 4044 15782
15782 4044 14842
4044 14842 15782
7860 8114 16500
8114 7860 16500
16500 7860 8114
10984 8777 21242
21242 8777 10984
8777 10984 21242
14614 4027 28080
4027 14614 28080
28080 4027 14614
21906 5792 21650
5792 21650 21906
21650 5792 21906
25952 3423 6602
6602 3423 25952
3423 6602 25952
23195 15551 28808
28808 15551 23195
15551 23195 28808
22083 6942 23546
23546 6942 22083
6942 22083 23546
26291 22288 27956
27956 22288 26291
22288 26291 27956
22399 7387 29893
7387 22399 29893
29893 7387 22399
14895 18806 23200
23200 14895 18806
18806 14895 23200
23480 16155 28601
28601 16155 23480
16155 23480 28601
7761 16885 27654
27654 7761 16885
16885 7761 27654
12864 9499 27269
9499 12864 27269
27269 9499 12864
9487 14691 18775
14691 9487 18775
18775 9487 14691
8868 2108 14446
2108 8868 14446
14446 2108 8868
9228 11030 20167
20167 9228 11030
11030 9228 20167
27136 9095 9617
9617 9095 27136
9095 9617 27136
28872 20475 24990
24990 20475 28872
20475 24990 28872
7282 7345 24100
24100 7282 7345
7345 7282 24100
18691 12303 29774
12303 18691 29774
29774 12303 18691
19167 3367 10003
3367 10003 19167
10003 3367 19167
12064 20957 22698
20957 12064 22698
22698 12064 20957
2571 17827 21328
17827 2571 21328
21328 2571 17827
27965 22314 29518
29518 22314 27965
22314 27965 29518
10953 4306 18926
4306 10953 18926
18926 4306 10953
15868 6100 19772
6100 15868 19772
19772 6100 15868
599 6575 26186
26186 599 6575
6575 599 26186
24406 21170 25635
21170 24406 25635
25635 21170 24406
7233 5907 28381
28381 5907 7233
5907 7233 28381
5944 1167 24836
1167 5944 24836
24836 1167 5944
12295 4657 12337
4657 12295 12337
12337 4657 12295
8456 2633 25110
2633 8456 25110
25110 2633 8456
3347 12441 29347
29347 3347 12441
12441 3347 29347
17801 2593 12531
2593 12531 17801
12531 2593 17801
17094 1153 8303
1153 8303 17094
8303 1153 17094
620 3692 19035
3692 620 19035
19035 620 3692
1006 18626 24675
18626 1006 24675
24675 1006 18626
24184 8195 22977
8195 22977 24184
22977 8195 24184
2094 3219 26872
26872 2094 3219
3219 2094 26872
27467 15259 17628
15259 17628 27467
17628 15259 27467
2503 3527 14947
3527 2503 14947
14947 2503 3527
6335 4771 13365
13365 4771 6335
4771 6335 13365
29741 2138 17992
2138 17992 29741
17992 2138 29741
5816 27082 29320
27082 5816 29320
29320 5816 27082
23085 10194 28462
10194 23085 28462
28462 10194 23085
26268 3569 24271
24271 3569 26268
3569 24271 26268
22037 4339 23907
4339 22037 23907
23907 4339 22037
25183 5247 27204
5247 25183 27204
27204 5247 25183
9856 9012 25311
25311 9012 9856
9012 9856 25311
19898 10406 28335
28335 10406 19898
10406 19898 28335
14305 14506 17208
14506 14305 17208
17208 14305 14506
21914 4144 18008
18008 4144 21914
4144 18008 21914
9805 6631 13705
13705 6631 9805
6631 9805 13705
8988 2115 21416
2115 8988 21416
21416 2115 8988
14230 16450 24650
24650 14230 16450
16450 14230 24650
559 12039 18113
18113 559 12039
12039 559 18113
8403 924 22778
22778 924 8403
924 8403 22778
27792 16262 25965
25965 16262 27792
16262 25965 27792
10245 15491 27817
15491 10245 27817
27817 10245 15491
17251 8399 29177
29177 8399 17251
8399 17251 29177
25751 12280 22978
12280 22978 25751
22978 12280 25751
28967 1949 18924
1949 18924 28967
18924 1949 28967
24602 13656 23051
23051 13656 24602
13656 23051 24602
28399 11581 16560
11581 16560 28399
16560 11581 28399
10840 21678 23153
21678 10840 23153
23153 10840 21678
3071 2033 5466
2033 3071 5466
5466 2033 3071
15521 14996 21360
21360 14996 15521
14996 15521 21360
19295 11182 24589
24589 11182 19295
11182 19295 24589
21162 11595 25363
11595 21162 25363
25363 11595 21162
19208 20305 27034
27034 19208 20305
20305 19208 27034
13432 18598 29895
18598 13432 29895
29895 13432 18598
5484 4722 26348
4722 5484 26348
26348 4722 5484
20498 2204 9058
2204 9058 20498
9058 2204 20498
10837 6653 17914
6653 10837 17914
17914 6653 10837
3095 1154 11802
11802 1154 3095
1154 3095 11802
21998 9059 14845
14845 9059 21998
9059 14845 21998
25376 10100 12074
10100 12074 25376
12074 10100 25376
28162 7888 14914
7888 14914 28162
14914 7888 28162
9026 15871 29148
29148 9026 15871
15871 9026 29148
28032 17432 25512
17432 25512 28032
25512 17432 28032
2121 6634 22774
6634 2121 22774
22774 2121 6634
3532 2575 7487
2575 3532 7487
7487 2575 3532
26842 13623 17787
17787 13623 26842
13623 17787 26842
18102 2774 14569
14569 2774 18102
2774 14569 18102
22953 15854 28111
28111 15854 22953
15854 22953 28111
27521 26409 29934
29934 26409 27521
26409 27521 29934
11928 7411 12613
7411 11928 12613
12613 7411 11928
24192 14026 19980
19980 14026 24192
14026 19980 24192
20825 18105 25779
25779 18105 20825
18105 20825 25779
6860 1602 14616
1602 6860 14616
14616 1602 6860
12602 21091 25227
25227 12602 21091
21091 12602 25227
1877 9051 23742
9051 1877 23742
23742 1877 9051
13575 6462 27376
6462 13575 27376
27376 6462 13575
23198 1654 10988
1654 10988 23198
10988 1654 23198
7833 2064 23097
2064 7833 23097
23097 2064 7833
7450 3324 13895
13895 3324 7450
3324 7450 13895
273 3453 26656
3453 273 26656
26656 273 3453
16640 9151 18283
18283 9151 16640
9151 16640 18283
19277 19549 23663
19549 19277 23663
23663 19277 19549
29054 15944 19029
15944 19029 29054
19029 15944 29054
15394 19634 26346
26346 15394 19634
19634 15394 26346
4392 2564 23845
2564 4392 23845
23845 2564 4392
17737 434 24197
434 17737 24197
24197 434 17737
11685 4756 5023
4756 5023 11685
5023 4756 11685
2026 4863 12123
4863 2026 12123
12123 2026 4863
24911 8488 28674
28674 8488 24911
8488 24911 28674
27582 16827 28129
28129 16827 27582
16827 27582 28129
9562 305 25030
305 9562 25030
25030 305 9562
1452 19082 20933
20933 1452 19082
19082 1452 20933
22118 12688 22285
22285 12688 22118
12688 22118 22285
7110 9712 18301
9712 7110 18301
18301 7110 9712
11804 3675 10503
10503 3675 11804
3675 10503 11804
14769 489 22380
489 14769 22380
22380 489 14769
16044 2737 29371
2737 16044 29371
29371 2737 16044
11652 10140 28657
28657 10140 11652
10140 11652 28657
4954 8312 29272
8312 4954 29272
29272 4954 8312
20641 25442 29535
25442 20641 29535
29535 20641 25442
19509 5009 17760
17760 5009 19509
5009 17760 19509
15357 986 29161
29161 986 15357
986 15357 29161
24241 16161 29807
29807 16161 24241
16161 24241 29807
21138 1850 11079
1850 11079 21138
11079 1850 21138
21695 16728 20926
16728 20926 21695
20926 16728 21695
24854 16688 28558
28558 16688 24854
16688 24854 28558
19833 15918 29295
15918 19833 29295
29295 15918 19833
27897 6657 18100
18100 6657 27897
6657 18100 27897
16822 5529 13029
5529 13029 16822
13029 5529 16822
10957 8331 19283
8331 10957 19283
19283 8331 10957
11366 10400 17664
17664 10400 11366
10400 11366 17664
27227 15582 26307
15582 26307 27227
26307 15582 27227
6074 14966 25708
14966 6074 25708
25708 6074 14966
3308 22891 28961
22891 3308 28961
28961 3308 22891
16835 11636 17119
17119 11636 16835
11636 16835 17119
473 2773 12066
12066 473 2773
2773 473 12066
15399 406 13827
406 13827 15399
13827 406 15399
4702 15752 18898
18898 4702 15752
15752 4702 18898
12785 7909 12605
7909 12605 12785
12605 7909 12785
17794 19598 28641
19598 17794 28641
28641 17794 19598
3709 2107 3227
2107 3227 3709
3227 2107 3709
27619 17302 21722
21722 17302 27619
17302 21722 27619
12454 18486 21326
21326 12454 18486
18486 12454 21326
29785 8392 10995
8392 10995 29785
10995 8392 29785
5133 6773 15542
15542 5133 6773
6773 5133 15542
24386 20227 23993
20227 23993 24386
23993 20227 24386
26670 12257 28294
12257 26670 28294
28294 12257 26670
21187 19657 26599
19657 21187 26599
26599 19657 21187
16174 15073 20043
15073 16174 20043
20043 15073 16174
25060 6925 7425
7425 6925 25060
6925 7425 25060
4127 1057 16052
16052 1057 4127
1057 4127 16052
20064 6067 18315
6067 18315 20064
18315 6067 20064
26556 6607 18140
18140 6607 26556
6607 18140 26556
27648 1673 9830
9830 1673 27648
1673 9830 27648
26436 14184 26747
14184 26436 26747
26747 14184 26436
26721 1525 29338
29338 1525 26721
1525 26721 29338
20253 20463 27889
20463 20253 27889
27889 20253 20463
28479 2313 14490
2313 14490 28479
14490 2313 28479
20948 11587 15332
15332 11587 20948
11587 15332 20948
20301 20010 23371
23371 20010 20301
20010 20301 23371
20448 5691 12418
5691 12418 20448
12418 5691 20448
20856 4237 28776
28776 4237 20856
4237 20856 28776
16761 4072 16775
4072 16761 16775
16775 4072 16761
21901 20456 22559
20456 21901 22559
22559 20456 21901
25462 12129 28486
12129 25462 28486
28486 12129 25462
10465 4426 26503
4426 10465 26503
26503 4426 10465
29415 4065 19929
4065 19929 29415
19929 4065 29415
316 5377 7259
5377 316 7259
7259 316 5377
22539 12525 20393
12525 20393 22539
20393 12525 22539
12313 24308 29251
29251 12313 24308
24308 12313 29251
25609 6273 26352
26352 6273 25609
6273 25609 26352
6688 8915 29734
8915 6688 29734
29734 6688 8915
21364 20621 26565
26565 20621 21364
20621 21364 26565
3005 8627 22509
22509 3005 8627
8627 3005 22509
18181 21040 24186
21040 18181 24186
24186 18181 21040
6043 8254 9963
8254 6043 9963
9963 6043 8254
2502 2323 28428
2323 2502 28428
28428 2323 2502
18537 362 12128
12128 362 18537
362 12128 18537
5385 16411 28663
28663 5385 16411
16411 5385 28663
16498 24530 24889
24889 16498 24530
24530 16498 24889
27683 6503 21018
21018 6503 27683
6503 21018 27683
24819 3373 29599
29599 3373 24819
3373 24819 29599
22690 3943 16689
16689 3943 22690
3943 16689 22690
15718 13100 22487
13100 15718 22487
22487 13100 15718
3204 27718 28666
28666 3204 27718
27718 3204 28666
7617 21147 29491
29491 7617 21147
21147 7617 29491
8320 10378 21644
10378 8320 21644
21644 8320 10378
19894 10685 18142
18142 10685 19894
10685 18142 19894
5825 21792 24919
21792 5825 24919
24919 5825 21792
5094 2099 25504
2099 5094 25504
25504 2099 5094
25017 8519 12640
8519 12640 25017
12640 8519 25017
27745 1588 27009
27009 1588 27745
1588 27009 27745
15334 4609 13269
4609 13269 15334
13269 4609 15334
1876 1928 18441
18441 1876 1928
1928 1876 18441
3287 15883 26333
15883 3287 26333
26333 3287 15883
27581 1669 11523
11523 1669 27581
1669 11523 27581
15979 4632 24751
24751 4632 15979
4632 15979 24751
12775 2180 12641
2180 12641 12775
12641 2180 12775
29634 6629 9189
9189 6629 29634
6629 9189 29634
13867 3315 21829
3315 13867 21829
21829 3315 13867
12373 17779 24846
24846 12373 17779
17779 12373 24846
25784 13301 19502
13301 19502 25784
19502 13301 25784
2709 1243 1956
1956 1243 2709
1243 1956 2709
2331 6137 24921
6137 2331 24921
24921 2331 6137
2530 290 6387
6387 290 2530
290 2530 6387
29705 10676 15097
10676 15097 29705
15097 10676 29705
13931 11779 17753
11779 13931 17753
17753 11779 13931
22156 14225 17206
17206 14225 22156
14225 17206 22156
16272 6698 21505
6698 16272 21505
21505 6698 16272
7265 3451 21254
21254 3451 7265
3451 7265 21254
26472 12465 28592
28592 12465 26472
12465 26472 28592
26152 26967 29389
26967 26152 29389
29389 26152 26967
8148 5974 20620
5974 8148 20620
20620 5974 8148
28163 5400 20522
20522 5400 28163
5400 20522 28163
26704 14163 23618
23618 14163 26704
14163 23618 26704
27083 5189 16112
16112 5189 27083
5189 16112 27083
20152 3230 11671
11671 3230 20152
3230 11671 20152
2339 3118 11687
3118 2339 11687
11687 2339 3118
6160 3601 8380
8380 3601 6160
3601 6160 8380
5515 25544 28452
25544 5515 28452
28452 5515 25544
17577 9473 25725
25725 9473 17577
9473 17577 25725
1940 6319 10190
10190 1940 6319
6319 1940 10190
13740 573 8469
8469 573 13740
573 8469 13740
8454 24872 27848
27848 8454 24872
24872 8454 27848
28136 332 14646
14646 332 28136
332 14646 28136
28282 6157 20378
6157 20378 28282
20378 6157 28282
16383 10255 28958
28958 10255 16383
10255 16383 28958
11146 21343 21486
21486 11146 21343
21343 11146 21486
12181 5943 27037
5943 12181 27037
27037 5943 12181
19638 10285 11787
10285 11787 19638
11787 10285 19638
12358 6135 22787
22787 6135 12358
6135 12358 22787
19785 13206 28906
28906 13206 19785
13206 19785 28906
1997 17342 18357
18357 1997 17342
17342 1997 18357
11855 64 16050
16050 64 11855
64 11855 16050
11926 1098 14084
1098 11926 14084
14084 1098 11926
8304 7517 8260
8260 7517 8304
7517 8260 8304
4594 13079 28358
28358 4594 13079
13079 4594 28358
20095 8408 8964
8408 8964 20095
8964 8408 20095
9975 24604 25855
25855 9975 24604
24604 9975 25855
18035 4613 5588
5588 4613 18035
4613 5588 18035
8532 8450 28344
8450 8532 28344
28344 8450 8532
7464 8117 11065
8117 7464 11065
11065 7464 8117
23717 956 2050
956 2050 23717
2050 956 23717
1706 926 17162
17162 926 1706
926 1706 17162
24320 1305 27012
27012 1305 24320
1305 24320 27012
952 15314 16435
16435 952 15314
15314 952 16435
13973 123 23164
123 13973 23164
23164 123 13973
19051 1150 29000
29000 1150 19051
1150 19051 29000
8899 14738 24821
24821 8899 14738
14738 8899 24821
19821 17087 24416
17087 19821 24416
24416 17087 19821
20905 8235 15595
15595 8235 20905
8235 15595 20905
6900 420 27352
420 6900 27352
27352 420 6900
19332 2363 23573
2363 19332 23573
23573 2363 19332
15524 22395 24398
22395 15524 24398
24398 15524 22395
19374 738 3575
3575 738 19374
738 3575 19374
5525 16470 21566
16470 5525 21566
21566 5525 16470
17850 14077 21582
14077 17850 21582
21582 14077 17850
14412 13105 24342
24342 13105 14412
13105 14412 24342
22818 1551 28244
1551 22818 28244
28244 1551 22818
24720 8545 9417
9417 8545 24720
8545 9417 24720
29847 18010 21063
18010 21063 29847
21063 18010 29847
10247 7609 26188
7609 10247 26188
26188 7609 10247
9803 7738 13114
7738 9803 13114
13114 7738 9803
11014 1121 25102
25102 1121 11014
1121 11014 25102
9447 16346 27946
27946 9447 16346
16346 9447 27946
2810 1396 19018
19018 1396 2810
1396 2810 19018
20370 10283 20608
10283 20370 20608
20608 10283 20370
6451 11570 13901
13901 6451 11570
11570 6451 13901
17180 23055 26274
23055 17180 26274
26274 17180 23055
10879 15780 22802
15780 10879 22802
22802 10879 15780
28544 19935 27329
19935 27329 28544
27329 19935 28544
6535 23686 24280
24280 6535 23686
23686 6535 24280
14303 14656 19043
14656 14303 19043
19043 14303 14656
7255 7483 14284
7483 7255 14284
14284 7255 7483
25228 11344 11448
11344 11448 25228
11448 11344 25228
26957 2834 24845
2834 24845 26957
24845 2834 26957
17689 318 9451
9451 318 17689
318 9451 17689
18401 10913 19481
10913 18401 19481
19481 10913 18401
11354 522 12212
522 11354 12212
12212 522 11354
9864 828 15287
15287 828 9864
828 9864 15287
20361 13336 20946
20946 13336 20361
13336 20361 20946
5874 1864 14681
1864 5874 14681
14681 1864 5874
8343 12046 21662
21662 8343 12046
12046 8343 21662
4687 3439 15917
3439 4687 15917
15917 3439 4687
27138 6647 13578
13578 6647 27138
6647 13578 27138
24478 5535 20786
20786 5535 24478
5535 20786 24478
19131 15822 23462
23462 15822 19131
15822 19131 23462
10532 26303 28948
28948 10532 26303
26303 10532 28948
23456 13285 25674
13285 23456 25674
25674 13285 23456
9996 7135 8597
8597 7135 9996
7135 8597 9996
10351 3866 10173
10173 3866 10351
3866 10173 10351
10882 12449 23855
12449 10882 23855
23855 10882 12449
18190 28953 29792
29792 18190 28953
28953 18190 29792
22242 12365 15114
15114 12365 22242
12365 15114 22242
23683 838 5917
5917 838 23683
838 5917 23683
6044 9634 27317
9634 6044 27317
27317 6044 9634
6407 8808 16608
16608 6407 8808
8808 6407 16608
10581 26415 27301
26415 10581 27301
27301 10581 26415
10052 7494 28697
7494 10052 28697
28697 7494 10052
8170 23617 24366
23617 8170 24366
24366 8170 23617
3929 12712 14945
12712 3929 14945
14945 3929 12712
7039 725 12423
725 7039 12423
12423 725 7039
182 22550 27549
27549 182 22550
22550 182 27549
28123 25310 27221
25310 27221 28123
27221 25310 28123
6030 4500 11689
4500 6030 11689
11689 4500 6030
23794 21921 24122
21921 23794 24122
24122 21921 23794
6374 20307 23701
23701 6374 20307
20307 6374 23701
20980 1046 17051
17051 1046 20980
1046 17051 20980
6524 6804 14543
6804 6524 14543
14543 6524 6804
9881 693 6439
6439 693 9881
693 6439 9881
4194 10756 12306
10756 4194 12306
12306 4194 10756
9182 10516 16061
16061 9182 10516
10516 9182 16061
11991 14755 27023
27023 11991 14755
14755 11991 27023
24964 9554 18245
18245 9554 24964
9554 18245 24964
9330 24455 27178
24455 9330 27178
27178 9330 24455
11503 1867 29447
1867 11503 29447
29447 1867 11503
831 20412 21987
20412 831 21987
21987 831 20412
23466 6456 14557
6456 14557 23466
14557 6456 23466
2248 8847 14699
14699 2248 8847
8847 2248 14699
13439 5239 10909
10909 5239 13439
5239 10909 13439
4590 7446 10443
10443 4590 7446
7446 4590 10443
20071 11715 29460
29460 11715 20071
11715 20071 29460
8383 4203 13549
4203 8383 13549
13549 4203 8383
15269 18059 21924
21924 15269 18059
18059 15269 21924
11853 13059 27463
13059 11853 27463
27463 11853 13059
60 6355 9349
9349 60 6355
6355 60 9349
22742 11286 19734
19734 11286 22742
11286 19734 22742
24592 13297 15139
13297 15139 24592
15139 13297 24592
17282 11565 24609
11565 17282 24609
24609 11565 17282
10293 12004 16476
12004 10293 16476
16476 10293 12004
12157 26190 27124
26190 12157 27124
27124 12157 26190
3395 2270 6599
2270 3395 6599
6599 2270 3395
21903 2856 18552
2856 18552 21903
18552 2856 21903
371 5107 13483
5107 371 13483
13483 371 5107
802 20379 28739
20379 802 28739
28739 802 20379
21795 4283 7095
7095 4283 21795
4283 7095 21795
1166 13024 21079
21079 1166 13024
13024 1166 21079
26037 24093 27416
27416 24093 26037
24093 26037 27416
22338 11637 20019
11637 20019 22338
20019 11637 22338
14578 11412 14481
11412 14481 14578
14481 11412 14578
9598 2377 16309
16309 2377 9598
2377 9598 16309
25656 5690 11145
11145 5690 25656
5690 11145 25656
3923 14335 25099
25099 3923 14335
14335 3923 25099
18218 5753 15644
15644 5753 18218
5753 15644 18218
977 14140 22586
14140 977 22586
22586 977 14140
14445 23441 27584
23441 14445 27584
27584 14445 23441
14375 10011 11243
11243 10011 14375
10011 11243 14375
10415 9430 27239
27239 9430 10415
9430 10415 27239
28073 21370 23230
23230 21370 28073
21370 23230 28073
3924 12080 13323
13323 3924 12080
12080 3924 13323
23090 7272 16940
16940 7272 23090
7272 16940 23090
13414 4902 17627
4902 13414 17627
17627 4902 13414
6776 897 25947
897 6776 25947
25947 897 6776
3348 5968 21080
5968 3348 21080
21080 3348 5968
4933 2146 19709
19709 2146 4933
2146 4933 19709
14081 6644 13363
13363 6644 14081
6644 13363 14081
2929 6583 7006
7006 2929 6583
6583 2929 7006
27990 16168 22363
16168 22363 27990
22363 16168 27990
13282 19612 24651
19612 13282 24651
24651 13282 19612
10662 1539 11602
11602 1539 10662
1539 10662 11602
8750 2868 5096
2868 5096 8750
5096 2868 8750
19119 12544 14183
14183 12544 19119
12544 14183 19119
7016 5714 6916
6916 5714 7016
5714 6916 7016
12832 17608 18631
17608 12832 18631
18631 12832 17608
24405 27141 27161
27161 24405 27141
27141 24405 27161
1473 16010 20100
20100 1473 16010
16010 1473 20100
4269 7742 21293
7742 4269 21293
21293 4269 7742
4647 775 18376
775 4647 18376
18376 775 4647
3598 15268 16698
15268 3598 16698
16698 3598 15268
9597 3025 20415
3025 9597 20415
20415 3025 9597
18157 9374 11943
9374 11943 18157
11943 9374 18157
26640 13872 20330
13872 20330 26640
20330 13872 26640
22127 790 11716
790 11716 22127
11716 790 22127
4467 2990 25625
2990 4467 25625
25625 2990 4467
21439 21608 22010
22010 21439 21608
21608 21439 22010
26598 9348 27063
27063 9348 26598
9348 26598 27063
1957 16036 24240
16036 1957 24240
24240 1957 16036
23534 5424 17280
17280 5424 23534
5424 17280 23534
17022 10147 17688
17688 10147 17022
10147 17022 17688
14776 17048 18282
18282 14776 17048
17048 14776 18282
14906 21031 28410
28410 14906 21031
21031 14906 28410
1186 8224 29985
8224 1186 29985
29985 1186 8224
8578 488 4379
4379 488 8578
488 4379 8578
25084 19661 26466
26466 19661 25084
19661 25084 26466
29381 8625 10983
10983 8625 29381
8625 10983 29381
22053 76 24978
76 22053 24978
24978 76 22053
10924 9298 13509
13509 9298 10924
9298 10924 13509
1678 7274 9422
9422 1678 7274
7274 1678 9422
28211 1793 27660
1793 27660 28211
27660 1793 28211
12903 13377 18273
13377 12903 18273
18273 12903 13377
16964 9916 19802
9916 16964 19802
19802 9916 16964
4015 8623 12239
8623 4015 12239
12239 4015 8623
25637 4956 12339
4956 12339 25637
12339 4956 25637
28916 21557 26000
21557 26000 28916
26000 21557 28916
26648 16154 20983
16154 20983 26648
20983 16154 26648
22516 14529 15423
15423 14529 22516
14529 15423 22516
8937 1907 24298
24298 1907 8937
1907 8937 24298
21496 5861 6244
5861 6244 21496
6244 5861 21496
11003 12276 15939
12276 11003 15939
15939 11003 12276
3762 25489 29296
25489 3762 29296
29296 3762 25489
14385 20155 22217
20155 14385 22217
22217 14385 20155
2418 3477 15343
3477 2418 15343
15343 2418 3477
19774 1133 7072
7072 1133 19774
1133 7072 19774
24839 12497 15122
15122 12497 24839
12497 15122 24839
23678 18719 21472
21472 18719 23678
18719 21472 23678
12522 4412 23769
23769 4412 12522
4412 12522 23769
23030 13484 15378
13484 15378 23030
15378 13484 23030
23800 14657 22924
22924 14657 23800
14657 22924 23800
19273 229 16918
16918 229 19273
229 16918 19273
12430 4969 20664
4969 12430 20664
20664 4969 12430
164 27554 28538
28538 164 27554
27554 164 28538
50 4947 22443
4947 50 22443
22443 50 4947
23822 13923 22664
22664 13923 23822
13923 22664 23822
162 9317 26145
9317 162 26145
26145 162 9317
8818 7217 28194
7217 8818 28194
28194 7217 8818
16861 8646 20642
8646 16861 20642
20642 8646 16861
6238 4853 29021
4853 6238 29021
29021 4853 6238
6624 21683 26766
26766 6624 21683
21683 6624 26766
7147 11806 17796
11806 7147 17796
17796 7147 11806
23490 11278 16659
11278 16659 23490
16659 11278 23490
16612 1365 28366
1365 16612 28366
28366 1365 16612
4549 4845 9611
9611 4549 4845
4845 4549 9611
26792 19864 26233
19864 26233 26792
26233 19864 26792
9601 4236 20770
20770 4236 9601
4236 9601 20770
21059 5190 19648
5190 19648 21059
19648 5190 21059
20017 2187 3203
2187 3203 20017
3203 2187 20017
9885 18893 28293
18893 9885 28293
28293 9885 18893
22099 9491 27800
27800 9491 22099
9491 22099 27800
28932 20255 20394
20255 20394 28932
20394 20255 28932
2848 16820 27559
27559 2848 16820
16820 2848 27559
3114 4714 14762
4714 3114 14762
14762 3114 4714
23207 12743 19411
12743 19411 23207
19411 12743 23207
16090 6000 24018
6000 16090 24018
24018 6000 16090
18435 21889 28930
28930 18435 21889
21889 18435 28930
11298 15434 26121
26121 11298 15434
15434 11298 26121
1471 14448 26092
26092 1471 14448
14448 1471 26092
3511 6212 24023
6212 3511 24023
24023 3511 6212
14129 3915 11613
3915 11613 14129
11613 3915 14129
8107 19379 19790
19379 8107 19790
19790 8107 19379
1176 6723 6737
6737 1176 6723
6723 1176 6737
5777 22449 27328
27328 5777 22449
22449 5777 27328
13964 1621 10653
1621 10653 13964
10653 1621 13964
3214 13995 15966
15966 3214 13995
13995 3214 15966
16584 5188 11196
5188 11196 16584
11196 5188 16584
13054 5211 29533
29533 5211 13054
5211 13054 29533
28386 1407 12726
12726 1407 28386
1407 12726 28386
26391 12108 28807
28807 12108 26391
12108 26391 28807
4592 6844 27005
27005 4592 6844
6844 4592 27005
25517 19946 22221
19946 22221 25517
22221 19946 25517
8243 28944 29652
28944 8243 29652
29652 8243 28944
19749 23280 25212
23280 19749 25212
25212 19749 23280
11359 1512 11272
1512 11272 11359
11272 1512 11359
8413 1434 6385
6385 1434 8413
1434 6385 8413
27917 18648 29760
18648 27917 29760
29760 18648 27917
12811 7713 28201
7713 12811 28201
28201 7713 12811
25192 13977 21809
21809 13977 25192
13977 21809 25192
15193 12016 16780
12016 15193 16780
16780 12016 15193
15657 3054 8943
8943 3054 15657
3054 8943 15657
16199 5413 8655
5413 8655 16199
8655 5413 16199
28338 17043 22685
17043 22685 28338
22685 17043 28338
25298 19838 25040
25040 19838 25298
19838 25040 25298
26413 453 24764
24764 453 26413
453 24764 26413
27510 9703 12196
12196 9703 27510
9703 12196 27510
1852 7565 26764
26764 1852 7565
7565 1852 26764
14815 18249 22093
18249 14815 22093
22093 14815 18249
13103 10772 15380
15380 10772 13103
10772 13103 15380
24622 625 3130
625 3130 24622
3130 625 24622
12576 11422 13441
11422 12576 13441
13441 11422 12576
27995 19472 20232
19472 20232 27995
20232 19472 27995
17852 27710 28087
28087 17852 27710
27710 17852 28087
16245 5343 18697
5343 16245 18697
18697 5343 16245
16587 15152 24717
15152 16587 24717
24717 15152 16587
21148 11935 22005
22005 11935 21148
11935 21148 22005
24730 15023 22530
22530 15023 24730
15023 22530 24730
11464 10987 11478
11478 10987 11464
10987 11464 11478
15581 13364 21875
21875 13364 15581
13364 15581 21875
17484 15217 17078
17078 15217 17484
15217 17078 17484
25200 6292 20334
20334 6292 25200
6292 20334 25200
17007 11465 20070
11465 17007 20070
20070 11465 17007
23157 16035 27504
27504 16035 23157
16035 23157 27504
1811 8528 22547
8528 1811 22547
22547 1811 8528
671 4542 18068
18068 671 4542
4542 671 18068
28011 9921 22620
22620 9921 28011
9921 22620 28011
1177 4246 29900
4246 1177 29900
29900 1177 4246
23467 2325 13882
2325 13882 23467
13882 2325 23467
9087 19716 26982
19716 9087 26982
26982 9087 19716
8334 4670 18392
18392 4670 8334
4670 8334 18392
19348 16046 20769
16046 19348 20769
20769 16046 19348
16454 8500 21210
8500 16454 21210
21210 8500 16454
9747 11293 15410
15410 9747 11293
11293 9747 15410
19791 9294 27484
9294 19791 27484
27484 9294 19791
7152 9822 29032
9822 7152 29032
29032 7152 9822
23137 6430 29026
29026 6430 23137
6430 23137 29026
1610 12797 13374
13374 1610 12797
12797 1610 13374
5307 19107 25951
25951 5307 19107
19107 5307 25951
16318 9442 19512
19512 9442 16318
9442 16318 19512
23685 3335 14676
3335 14676 23685
14676 3335 23685
8658 14180 26397
14180 8658 26397
26397 8658 14180
4257 17829 21414
21414 4257 17829
17829 4257 21414
28882 24262 29215
24262 28882 29215
29215 24262 28882
13950 10672 26548
10672 13950 26548
26548 10672 13950
9002 4129 27861
4129 9002 27861
27861 4129 9002
24152 4586 5568
5568 4586 24152
4586 5568 24152
9523 1519 14292
14292 1519 9523
1519 9523 14292
7877 6536 26649
26649 6536 7877
6536 7877 26649
28228 3667 29276
3667 28228 29276
29276 3667 28228
3061 17328 29222
17328 3061 29222
29222 3061 17328
23919 7023 10821
10821 7023 23919
7023 10821 23919
973 5101 23071
5101 973 23071
23071 973 5101
15846 4893 7834
4893 7834 15846
7834 4893 15846
8821 6685 29806
6685 8821 29806
29806 6685 8821
16574 3415 13272
13272 3415 16574
3415 13272 16574
3882 7987 14950
14950 3882 7987
7987 3882 14950
975 6967 20763
6967 975 20763
20763 975 6967
19708 8214 22556
8214 19708 22556
22556 8214 19708
20821 2235 11909
2235 11909 20821
11909 2235 20821
4806 13587 21704
13587 4806 21704
21704 4806 13587
9267 14516 29250
14516 9267 29250
29250 9267 14516
23962 5572 7803
5572 7803 23962
7803 5572 23962
6984 11916 23122
23122 6984 11916
11916 6984 23122
18618 5274 18847
18847 5274 18618
5274 18618 18847
23178 6450 18116
18116 6450 23178
6450 18116 23178
4259 22398 23641
22398 4259 23641
23641 4259 22398
99 3127 22565
22565 99 3127
3127 99 22565
25928 2266 6323
2266 6323 25928
6323 2266 25928
12180 10108 13270
13270 10108 12180
10108 12180 13270
26031 26250 28283
28283 26031 26250
26250 26031 28283
6501 11387 16952
16952 6501 11387
11387 6501 16952
18979 14064 27616
14064 18979 27616
27616 14064 18979
1042 9358 12541
9358 1042 12541
12541 1042 9358
29333 1948 9919
9919 1948 29333
1948 9919 29333
