2327 720 858
858 720 2327
720 858 2327
2096 731 2854
731 2096 2854
2854 731 2096
1973 1539 2868
1539 1973 2868
2868 1539 1973
2410 345 2494
2494 345 2410
345 2410 2494
2835 506 2234
506 2234 2835
2234 506 2835
828 1220 2782
2782 828 1220
1220 828 2782
1711 507 1252
1252 507 1711
507 1252 1711
2542 225 1903
225 1903 2542
1903 225 2542
647 1118 1193
1118 647 1193
1193 647 1118
1598 361 2523
361 1598 2523
2523 361 1598
942 2059 2767
2767 942 2059
2059 942 2767
2272 149 1000
149 1000 2272
1000 149 2272
2389 928 2836
928 2389 2836
2836 928 2389
1272 1231 1925
1231 1272 1925
1925 1231 1272
1145 2271 2885
2885 1145 2271
2271 1145 2885
736 270 2119
2119 270 736
270 736 2119
1672 257 2679
257 1672 2679
2679 257 1672
410 2550 2747
2550 410 2747
2747 410 2550
2802 794 2171
2171 794 2802
794 2171 2802
1969 1715 2570
2570 1715 1969
1715 1969 2570
508 436 1643
436 508 1643
1643 436 508
1339 137 1657
137 1339 1657
1657 137 1339
1318 247 1940
1940 247 1318
247 1318 1940
425 1087 1344
1344 425 1087
1087 425 1344
513 1016 2882
1016 513 2882
2882 513 1016
1488 787 2259
2259 787 1488
787 1488 2259
644 1068 2052
1068 644 2052
2052 644 1068
732 1453 1720
1453 732 1720
1720 732 1453
1869 523 1779
523 1779 1869
1779 523 1869
1632 943 1589
943 1589 1632
1589 943 1632
2401 1302 2462
1302 2401 2462
2462 1302 2401
291 2164 2223
2223 291 2164
2164 291 2223
761 124 2407
124 761 2407
2407 124 761
2639 90 2174
90 2174 2639
2174 90 2639
171 240 2087
2087 171 240
240 171 2087
1305 1867 2311
1867 1305 2311
2311 1305 1867
107 1326 1590
1590 107 1326
1326 107 1590
2519 1128 2539
2539 1128 2519
1128 2519 2539
2712 2187 2249
2249 2187 2712
2187 2249 2712
1851 9 790
9 790 1851
790 9 1851
973 735 1058
735 973 1058
1058 735 973
283 1018 2233
1018 283 2233
2233 283 1018
1314 1288 1953
1953 1288 1314
1288 1314 1953
1181 2294 2855
2855 1181 2294
2294 1181 2855
1528 810 1935
810 1528 1935
1935 810 1528
1582 1076 2786
1076 1582 2786
2786 1076 1582
2662 808 2231
808 2231 2662
2231 808 2662
1241 2232 2615
2615 1241 2232
2232 1241 2615
954 262 2108
262 954 2108
2108 262 954
172 444 834
444 172 834
834 172 444
164 1799 2207
1799 164 2207
2207 164 1799
423 1976 2368
1976 423 2368
2368 423 1976
2602 381 1089
381 1089 2602
1089 381 2602
678 1237 1901
1237 678 1901
1901 678 1237
2444 266 1787
1787 266 2444
266 1787 2444
2670 10 2204
10 2204 2670
2204 10 2670
867 1633 2859
2859 867 1633
1633 867 2859
2429 420 2123
2123 420 2429
420 2123 2429
326 254 394
394 254 326
254 326 394
2889 125 1819
1819 125 2889
125 1819 2889
760 1485 2771
2771 760 1485
1485 760 2771
205 1466 2209
2209 205 1466
1466 205 2209
1659 1982 2815
1982 1659 2815
2815 1659 1982
300 481 1876
1876 300 481
481 300 1876
946 1502 1653
1653 946 1502
1502 946 1653
201 363 627
363 201 627
627 201 363
2852 1970 2806
2806 1970 2852
1970 2806 2852
91 296 2481
2481 91 296
296 91 2481
709 830 2379
830 709 2379
2379 709 830
1410 542 2280
2280 542 1410
542 1410 2280
2191 500 1277
1277 500 2191
500 1277 2191
1727 1093 2892
1093 1727 2892
2892 1093 1727
2122 202 241
241 202 2122
202 241 2122
1943 744 2840
744 1943 2840
2840 744 1943
598 1173 1764
1173 598 1764
1764 598 1173
1959 1801 2633
1801 1959 2633
2633 1801 1959
974 2579 2919
2919 974 2579
2579 974 2919
663 797 1658
797 663 1658
1658 663 797
2247 27 1681
27 1681 2247
1681 27 2247
856 2865 2973
2973 856 2865
2865 856 2973
2900 2076 2587
2587 2076 2900
2076 2587 2900
1731 669 2402
2402 669 1731
669 1731 2402
81 1624 1934
1934 81 1624
1624 81 1934
2146 1352 2386
2386 1352 2146
1352 2146 2386
2548 1775 2056
2056 1775 2548
1775 2056 2548
2332 2121 2844
2121 2332 2844
2844 2121 2332
1490 1717 2133
2133 1490 1717
1717 1490 2133
2079 774 1569
774 1569 2079
1569 774 2079
1836 1338 2432
1338 1836 2432
2432 1338 1836
86 224 628
224 86 628
628 86 224
1388 1679 1892
1892 1388 1679
1679 1388 1892
2818 319 1718
1718 319 2818
319 1718 2818
1648 479 2685
479 1648 2685
2685 479 1648
2273 485 1702
1702 485 2273
485 1702 2273
406 383 2292
383 406 2292
2292 383 406
2788 1768 2183
2183 1768 2788
1768 2183 2788
1066 1414 2439
1414 1066 2439
2439 1066 1414
303 705 1398
705 303 1398
1398 303 705
1902 1416 2704
2704 1416 1902
1416 1902 2704
2093 595 2881
595 2093 2881
2881 595 2093
859 1721 2749
1721 859 2749
2749 859 1721
717 1212 1527
1527 717 1212
1212 717 1527
1809 103 1446
1446 103 1809
103 1446 1809
1788 253 2397
2397 253 1788
253 1788 2397
996 134 2356
134 996 2356
2356 134 996
31 40 1842
40 31 1842
1842 31 40
1533 1604 2518
1604 1533 2518
2518 1533 1604
1668 865 2572
2572 865 1668
865 1668 2572
1187 140 1884
1884 140 1187
140 1187 1884
1771 1955 2172
2172 1771 1955
1955 1771 2172
1226 414 1424
414 1226 1424
1424 414 1226
2537 1545 2959
2959 1545 2537
1545 2537 2959
1242 1112 1963
1112 1242 1963
1963 1112 1242
2851 398 1431
398 1431 2851
1431 398 2851
1952 825 1287
1287 825 1952
825 1287 1952
566 2375 2661
2661 566 2375
2375 566 2661
1114 587 2095
587 1114 2095
2095 587 1114
5 651 2540
2540 5 651
651 5 2540
1208 4 579
579 4 1208
4 579 1208
2252 1930 1942
1930 1942 2252
1942 1930 2252
121 868 2427
2427 121 868
868 121 2427
1470 1514 2563
1514 1470 2563
2563 1470 1514
63 1047 1800
1800 63 1047
1047 63 1800
2419 144 2366
144 2366 2419
2366 144 2419
2861 786 2373
2373 786 2861
786 2373 2861
2614 2681 2801
2801 2614 2681
2681 2614 2801
654 1155 2732
1155 654 2732
2732 654 1155
898 1482 2497
2497 898 1482
1482 898 2497
2461 299 2930
299 2461 2930
2930 299 2461
766 284 1347
284 766 1347
1347 284 766
634 707 1040
1040 634 707
707 634 1040
2568 375 1950
375 1950 2568
1950 375 2568
2742 1039 2235
2235 1039 2742
1039 2235 2742
594 323 667
323 594 667
667 323 594
1411 1880 2776
2776 1411 1880
1880 1411 2776
2144 156 2088
156 2088 2144
2088 156 2144
848 748 1133
748 848 1133
1133 748 848
2344 17 697
697 17 2344
17 697 2344
2110 1845 1847
1845 1847 2110
1847 1845 2110
213 1591 2165
1591 213 2165
2165 213 1591
1317 167 244
167 244 1317
244 167 1317
878 1045 1083
1045 878 1083
1083 878 1045
837 1296 1682
1296 837 1682
1682 837 1296
1744 2789 2954
2789 1744 2954
2954 1744 2789
1578 913 1161
913 1161 1578
1161 913 1578
2048 1079 1936
1079 1936 2048
1936 1079 2048
547 1447 1508
1447 547 1508
1508 547 1447
133 558 2303
2303 133 558
558 133 2303
392 311 1340
1340 311 392
311 392 1340
1916 1385 2850
2850 1385 1916
1385 1916 2850
573 1838 2151
2151 573 1838
1838 573 2151
486 46 571
46 486 571
571 46 486
1353 1629 1849
1629 1353 1849
1849 1353 1629
503 1995 2941
2941 503 1995
1995 503 2941
2793 2279 2363
2363 2279 2793
2279 2363 2793
802 871 1228
1228 802 871
871 802 1228
11 1147 2028
1147 11 2028
2028 11 1147
1883 606 2976
2976 606 1883
606 1883 2976
2136 233 839
839 233 2136
233 839 2136
969 806 2185
2185 806 969
806 969 2185
491 2582 2887
2887 491 2582
2582 491 2887
2979 548 641
548 641 2979
641 548 2979
1105 1462 2956
1462 1105 2956
2956 1105 1462
922 2199 2420
2420 922 2199
2199 922 2420
281 2210 2901
2901 281 2210
2210 281 2901
2225 1255 2951
1255 2225 2951
2951 1255 2225
2168 730 2479
2479 730 2168
730 2168 2479
657 1480 2745
1480 657 2745
2745 657 1480
1699 1435 2578
1435 1699 2578
2578 1435 1699
2964 684 751
684 751 2964
751 684 2964
2205 550 902
902 550 2205
550 902 2205
762 1521 1600
1521 762 1600
1600 762 1521
1383 1125 1239
1125 1239 1383
1239 1125 1383
531 75 1549
75 531 1549
1549 75 531
1251 933 1484
1484 933 1251
933 1251 1484
110 155 2284
155 110 2284
2284 110 155
1375 295 1577
295 1375 1577
1577 295 1375
618 1334 2404
1334 618 2404
2404 618 1334
879 440 472
440 472 879
472 440 879
151 818 2251
818 151 2251
2251 151 818
2709 1014 2562
2562 1014 2709
1014 2562 2709
1276 403 771
403 771 1276
771 403 1276
2817 2339 2994
2339 2817 2994
2994 2339 2817
2215 306 726
726 306 2215
306 726 2215
2986 476 604
604 476 2986
476 604 2986
1677 907 1666
1666 907 1677
907 1666 1677
2600 129 293
129 293 2600
293 129 2600
1798 2005 2443
2443 1798 2005
2005 1798 2443
1601 1184 2219
2219 1184 1601
1184 1601 2219
217 1937 2575
1937 217 2575
2575 217 1937
2137 1099 2042
2042 1099 2137
1099 2042 2137
2795 1331 1374
1331 1374 2795
1374 1331 2795
737 199 2642
2642 199 737
199 737 2642
767 1120 1495
1495 767 1120
1120 767 1495
1269 814 1284
1284 814 1269
814 1269 1284
1371 1130 2246
2246 1130 1371
1130 1371 2246
746 123 981
981 123 746
123 746 981
294 1704 1887
1704 294 1887
1887 294 1704
2104 1804 2256
2256 1804 2104
1804 2104 2256
196 1098 2921
1098 196 2921
2921 196 1098
424 524 2017
2017 424 524
524 424 2017
1052 2487 2626
2626 1052 2487
2487 1052 2626
228 1556 1786
1786 228 1556
1556 228 1786
2416 1537 1725
1537 1725 2416
1725 1537 2416
118 1006 1878
1006 118 1878
1878 118 1006
1737 393 2158
2158 393 1737
393 1737 2158
2014 1391 2139
1391 2014 2139
2139 1391 2014
258 426 2684
426 258 2684
2684 258 426
540 738 1813
738 540 1813
1813 540 738
1949 1008 2880
2880 1008 1949
1008 1949 2880
1561 2010 2186
2010 1561 2186
2186 1561 2010
918 1154 1234
1154 918 1234
1234 918 1154
73 2588 2733
2588 73 2733
2733 73 2588
308 207 1993
207 308 1993
1993 207 308
2120 1505 2111
2111 1505 2120
1505 2111 2120
1844 1647 2860
2860 1647 1844
1647 1844 2860
2728 329 2551
329 2551 2728
2551 329 2728
1324 567 1712
567 1324 1712
1712 567 1324
1511 275 2084
2084 275 1511
275 1511 2084
1299 565 987
987 565 1299
565 987 1299
2275 1167 2492
2492 1167 2275
1167 2275 2492
621 838 1123
838 621 1123
1123 621 838
314 1710 2700
2700 314 1710
1710 314 2700
1292 631 1433
1433 631 1292
631 1292 1433
1678 489 1740
489 1678 1740
1740 489 1678
413 1972 2974
1972 413 2974
2974 413 1972
2676 713 956
956 713 2676
713 956 2676
2638 852 2923
2923 852 2638
852 2638 2923
1095 26 1146
1146 26 1095
26 1095 1146
2765 1607 2149
1607 2149 2765
2149 1607 2765
1235 1555 2798
1555 1235 2798
2798 1235 1555
2706 518 1957
518 1957 2706
1957 518 2706
538 364 873
364 538 873
873 364 538
2155 530 1593
1593 530 2155
530 1593 2155
1605 302 853
853 302 1605
302 853 1605
675 350 1900
1900 350 675
350 675 1900
2727 2726 2857
2857 2726 2727
2726 2727 2857
1746 504 2903
2903 504 1746
504 1746 2903
2535 256 2438
256 2438 2535
2438 256 2535
2775 72 2773
72 2773 2775
2773 72 2775
1729 458 823
458 823 1729
823 458 1729
2226 62 2715
2715 62 2226
62 2226 2715
466 2135 2415
2135 466 2415
2415 466 2135
379 543 811
543 379 811
811 379 543
484 1879 2265
2265 484 1879
1879 484 2265
1994 339 1688
339 1688 1994
1688 339 1994
2717 951 1866
951 1866 2717
1866 951 2717
429 2089 2753
2089 429 2753
2753 429 2089
122 636 1826
1826 122 636
636 122 1826
2547 522 2435
522 2435 2547
2435 522 2547
929 1503 2557
2557 929 1503
1503 929 2557
2830 660 2159
660 2159 2830
2159 660 2830
2134 1275 1735
1735 1275 2134
1275 1735 2134
2306 635 1315
635 1315 2306
1315 635 2306
2647 457 1843
1843 457 2647
457 1843 2647
1064 2083 2794
2083 1064 2794
2794 1064 2083
2657 1960 2665
1960 2657 2665
2665 1960 2657
2961 2915 2942
2942 2915 2961
2915 2942 2961
2641 1024 1337
1024 1337 2641
1337 1024 2641
28 881 997
997 28 881
881 28 997
214 712 2619
2619 214 712
712 214 2619
773 516 1671
1671 516 773
516 773 1671
1426 227 2342
2342 227 1426
227 1426 2342
84 24 1898
24 84 1898
1898 24 84
1225 846 2858
846 1225 2858
2858 846 1225
45 98 1141
1141 45 98
98 45 1141
2781 979 1713
979 1713 2781
1713 979 2781
866 755 2026
2026 755 866
755 866 2026
880 1602 2073
1602 880 2073
2073 880 1602
1075 1904 2713
2713 1075 1904
1904 1075 2713
1233 1795 2531
2531 1233 1795
1795 1233 2531
984 1250 1351
1351 984 1250
1250 984 1351
1706 143 1962
143 1706 1962
1962 143 1706
1492 2190 2929
2929 1492 2190
2190 1492 2929
1534 656 2323
2323 656 1534
656 1534 2323
2932 1 2756
2756 1 2932
1 2756 2932
1719 391 2173
391 1719 2173
2173 391 1719
432 1304 2262
1304 432 2262
2262 432 1304
1168 336 2313
2313 336 1168
336 1168 2313
1421 53 188
53 188 1421
188 53 1421
1333 2278 2655
2278 1333 2655
2655 1333 2278
706 1210 1413
1210 706 1413
1413 706 1210
198 826 2621
2621 198 826
826 198 2621
1365 399 1313
399 1313 1365
1313 399 1365
817 8 2243
2243 8 817
8 817 2243
1240 430 2651
430 1240 2651
2651 430 1240
2723 782 2277
2277 782 2723
782 2277 2723
2696 1797 2345
1797 2345 2696
2345 1797 2696
1279 1172 2459
1172 1279 2459
2459 1172 1279
950 1785 2023
1785 950 2023
2023 950 1785
1926 2319 2735
2735 1926 2319
2319 1926 2735
2324 1622 2590
2590 1622 2324
1622 2324 2590
1860 1999 2430
1999 1860 2430
2430 1860 1999
2778 82 455
455 82 2778
82 455 2778
2998 815 1002
815 1002 2998
1002 815 2998
2978 1159 1256
1159 1256 2978
1256 1159 2978
691 313 640
640 313 691
313 640 691
2378 377 2189
377 2189 2378
2189 377 2378
2167 480 1267
1267 480 2167
480 1267 2167
2586 1634 2012
1634 2012 2586
2012 1634 2586
2945 1541 1761
1541 1761 2945
1761 1541 2945
2934 1211 1500
1211 1500 2934
1500 1211 2934
1406 212 1189
212 1189 1406
1189 212 1406
1163 2103 2413
2103 1163 2413
2413 1163 2103
1148 616 646
646 616 1148
616 646 1148
725 559 1675
1675 559 725
559 725 1675
190 1281 2529
1281 190 2529
2529 190 1281
44 260 923
260 44 923
923 44 260
321 298 708
298 321 708
708 298 321
42 803 1830
1830 42 803
803 42 1830
1694 512 1069
1069 512 1694
512 1069 1694
2546 343 833
833 343 2546
343 833 2546
972 777 1660
777 972 1660
1660 777 972
2011 1756 2970
1756 2011 2970
2970 1756 2011
1321 1094 2051
2051 1094 1321
1094 1321 2051
2804 511 779
511 779 2804
779 511 2804
2533 1362 2720
2720 1362 2533
1362 2533 2720
333 750 1769
1769 333 750
750 333 1769
1661 346 2808
2808 346 1661
346 1661 2808
332 80 2772
2772 80 332
80 332 2772
2021 1003 1656
1003 1656 2021
1656 1003 2021
2997 307 315
315 307 2997
307 315 2997
819 2391 2893
2893 819 2391
2391 819 2893
1053 1229 1498
1498 1053 1229
1229 1053 1498
2827 2003 2935
2935 2003 2827
2003 2827 2935
1782 1512 2718
2718 1512 1782
1512 1782 2718
1754 272 1358
1358 272 1754
272 1358 1754
1689 1965 2502
1965 1689 2502
2502 1689 1965
2780 789 2471
789 2471 2780
2471 789 2780
276 421 2222
2222 276 421
421 276 2222
554 162 957
957 162 554
162 554 957
1931 1441 2085
2085 1441 1931
1441 1931 2085
2376 1655 2703
1655 2376 2703
2703 1655 2376
1803 100 1618
100 1618 1803
1618 100 1803
404 1088 2898
1088 404 2898
2898 404 1088
108 1201 1415
1415 108 1201
1201 108 1415
79 1525 2194
2194 79 1525
1525 79 2194
373 467 2985
2985 373 467
467 373 2985
2784 952 2300
952 2300 2784
2300 952 2784
529 953 2455
2455 529 953
953 529 2455
60 57 349
349 57 60
57 60 349
285 2107 2996
2107 285 2996
2996 285 2107
215 1175 2498
2498 215 1175
1175 215 2498
2098 1319 1832
1319 1832 2098
1832 1319 2098
1100 1282 1392
1282 1100 1392
1392 1100 1282
2640 633 1150
1150 633 2640
633 1150 2640
2483 655 1452
1452 655 2483
655 1452 2483
1620 2192 2532
2192 1620 2532
2532 1620 2192
2007 906 1399
1399 906 2007
906 1399 2007
2635 2208 2891
2891 2208 2635
2208 2635 2891
967 1007 1354
1354 967 1007
1007 967 1354
2866 1032 1728
1728 1032 2866
1032 1728 2866
358 2360 2453
2453 358 2360
2360 358 2453
1915 629 1810
629 1810 1915
1810 629 1915
2807 1113 1370
1370 1113 2807
1113 1370 2807
1381 1571 2649
2649 1381 1571
1571 1381 2649
2390 422 2593
2593 422 2390
422 2390 2593
2285 593 1741
1741 593 2285
593 1741 2285
696 415 2240
2240 415 696
415 696 2240
2101 1086 1196
1086 1196 2101
1196 1086 2101
141 962 2948
2948 141 962
962 141 2948
206 893 2673
2673 206 893
893 206 2673
1669 1343 1551
1551 1343 1669
1343 1551 1669
1442 1547 2365
2365 1442 1547
1547 1442 2365
1807 2184 2250
2184 1807 2250
2250 1807 2184
2352 1833 2361
2361 1833 2352
1833 2352 2361
2952 608 1418
608 1418 2952
1418 608 2952
1626 1213 1891
1891 1213 1626
1213 1626 1891
998 356 727
356 727 998
727 356 998
1082 2075 2707
2075 1082 2707
2707 1082 2075
1575 1015 1115
1115 1015 1575
1015 1115 1575
1428 318 2527
318 1428 2527
2527 318 1428
704 816 1738
816 704 1738
1738 704 816
919 1739 2811
2811 919 1739
1739 919 2811
2490 1257 2474
2474 1257 2490
1257 2474 2490
749 715 768
768 715 749
715 749 768
374 1463 2414
1463 374 2414
2414 374 1463
2688 783 2797
2797 783 2688
783 2688 2797
694 495 2554
2554 495 694
495 694 2554
521 1164 1207
1164 521 1207
1207 521 1164
1246 1345 2141
2141 1246 1345
1345 1246 2141
2884 234 471
234 471 2884
471 234 2884
1630 2062 2764
2764 1630 2062
2062 1630 2764
649 120 1054
1054 120 649
120 649 1054
2412 1033 1306
1033 1306 2412
1306 1033 2412
1557 115 690
115 690 1557
690 115 1557
2067 785 2792
785 2067 2792
2792 785 2067
993 1457 2254
1457 993 2254
2254 993 1457
2687 1507 2058
1507 2058 2687
2058 1507 2687
2113 35 2340
35 2113 2340
2340 35 2113
562 1471 1504
1504 562 1471
1471 562 1504
2608 322 1350
1350 322 2608
322 1350 2608
1984 1499 1611
1499 1611 1984
1611 1499 1984
1450 1203 2128
1203 1450 2128
2128 1203 1450
876 6 192
192 6 876
6 192 876
1574 1348 1964
1348 1574 1964
1964 1348 1574
1594 1377 2552
2552 1377 1594
1377 1594 2552
757 174 267
174 267 757
267 174 757
2938 203 1278
1278 203 2938
203 1278 2938
170 1232 2202
1232 170 2202
2202 170 1232
109 1745 2944
2944 109 1745
1745 109 2944
348 16 177
177 16 348
16 177 348
2645 1035 2162
1035 2162 2645
2162 1035 2645
1205 752 2977
2977 752 1205
752 1205 2977
2509 625 1404
1404 625 2509
625 1404 2509
41 230 1613
1613 41 230
230 41 1613
2220 854 1792
854 1792 2220
1792 854 2220
2596 1080 2874
1080 2596 2874
2874 1080 2596
99 1510 2081
1510 99 2081
2081 99 1510
1912 273 1560
1560 273 1912
273 1560 1912
798 2458 2908
2908 798 2458
2458 798 2908
447 1132 2020
1132 447 2020
2020 447 1132
1116 1017 1986
1017 1116 1986
1986 1017 1116
1695 353 1151
353 1151 1695
1151 353 1695
1061 978 1263
978 1061 1263
1263 978 1061
2981 462 2301
2301 462 2981
462 2301 2981
2270 1917 2658
1917 2270 2658
2658 1917 2270
1005 519 2508
519 1005 2508
2508 519 1005
2594 614 2447
614 2447 2594
2447 614 2594
1165 534 673
673 534 1165
534 673 1165
2831 1026 2740
1026 2740 2831
2740 1026 2831
2790 1822 2755
2755 1822 2790
1822 2755 2790
1726 2156 2522
2522 1726 2156
2156 1726 2522
2035 30 1171
1171 30 2035
30 1171 2035
2036 570 1509
570 1509 2036
1509 570 2036
2045 525 2047
2047 525 2045
525 2045 2047
1320 1802 2736
1802 1320 2736
2736 1320 1802
603 360 580
580 360 603
360 580 603
718 2281 2864
2281 718 2864
2864 718 2281
1249 380 1048
380 1048 1249
1048 380 1249
2904 2571 2705
2571 2705 2904
2705 2571 2904
1730 71 2650
2650 71 1730
71 1730 2650
1427 465 1559
1559 465 1427
465 1427 1559
1493 2730 2803
2730 1493 2803
2803 1493 2730
1570 1635 1996
1996 1570 1635
1635 1570 1996
2848 208 2046
208 2046 2848
2046 208 2848
1581 2124 2334
2334 1581 2124
2124 1581 2334
2195 1474 2485
1474 2195 2485
2485 1474 2195
2876 248 741
248 741 2876
741 248 2876
2312 163 2888
163 2312 2888
2888 163 2312
2553 2469 2692
2692 2469 2553
2469 2553 2692
1767 685 1074
685 1074 1767
1074 685 1767
2260 695 1636
1636 695 2260
695 1636 2260
1864 362 1043
1043 362 1864
362 1043 1864
1893 150 2029
2029 150 1893
150 1893 2029
461 48 510
510 48 461
48 461 510
2138 572 2725
2725 572 2138
572 2138 2725
1573 711 2082
2082 711 1573
711 1573 2082
2666 1631 2883
2883 1631 2666
1631 2666 2883
23 990 1928
990 23 1928
1928 23 990
999 1328 2055
1328 999 2055
2055 999 1328
1004 1724 2750
1724 1004 2750
2750 1004 1724
805 891 1483
1483 805 891
891 805 1483
742 1262 1881
1262 742 1881
1881 742 1262
1437 1308 1705
1705 1308 1437
1308 1437 1705
1642 385 1516
1516 385 1642
385 1516 1642
740 191 1975
191 740 1975
1975 191 740
1722 1355 2846
2846 1355 1722
1355 1722 2846
642 238 2677
2677 238 642
238 642 2677
211 1875 2567
1875 211 2567
2567 211 1875
153 1929 2711
2711 153 1929
1929 153 2711
14 889 1895
889 14 1895
1895 14 889
223 427 2698
2698 223 427
427 223 2698
626 532 1766
1766 532 626
532 626 1766
76 209 632
632 76 209
209 76 632
7 193 2351
193 7 2351
2351 7 193
520 1610 2702
1610 520 2702
2702 520 1610
1342 585 1773
585 1342 1773
1773 585 1342
2924 175 1966
1966 175 2924
175 1966 2924
2805 1816 2197
1816 2197 2805
2197 1816 2805
131 1027 1307
1027 131 1307
1307 131 1027
1142 1552 2426
1552 1142 2426
2426 1142 1552
2041 589 2503
589 2041 2503
2503 589 2041
2604 1157 2422
1157 2422 2604
2422 1157 2604
1596 590 938
938 590 1596
590 938 1596
2255 2244 2456
2456 2244 2255
2244 2255 2456
1623 187 764
187 764 1623
764 187 1623
2516 334 1244
334 1244 2516
1244 334 2516
2367 829 1010
1010 829 2367
829 1010 2367
1021 443 2847
443 1021 2847
2847 443 1021
2241 2 968
2 968 2241
968 2 2241
2130 2150 2716
2716 2130 2150
2150 2130 2716
948 2683 2837
2837 948 2683
2683 948 2837
1055 1924 2258
1924 1055 2258
2258 1055 1924
1218 584 1423
584 1218 1423
1423 584 1218
186 138 2371
2371 138 186
138 186 2371
1268 492 2463
492 1268 2463
2463 492 1268
1289 920 2384
2384 920 1289
920 1289 2384
1085 2337 2768
2768 1085 2337
2337 1085 2768
2063 135 259
259 135 2063
135 259 2063
2829 176 1478
1478 176 2829
176 1478 2829
2625 1637 1821
1821 1637 2625
1637 1821 2625
317 2656 2823
2823 317 2656
2656 317 2823
1097 1805 2761
2761 1097 1805
1805 1097 2761
1873 1285 2216
1285 1873 2216
2216 1285 1873
1402 1922 2448
2448 1402 1922
1922 1402 2448
769 1182 2343
2343 769 1182
1182 769 2343
2654 1143 2680
1143 2654 2680
2680 1143 2654
2748 591 899
899 591 2748
591 899 2748
841 1258 2800
2800 841 1258
1258 841 2800
1449 1553 2814
2814 1449 1553
1553 1449 2814
2577 991 2433
2433 991 2577
991 2433 2577
2946 78 2937
2937 78 2946
78 2937 2946
1290 282 1597
282 1290 1597
1597 282 1290
2132 1662 1696
1696 1662 2132
1662 1696 2132
1378 980 2812
980 1378 2812
2812 980 1378
537 2628 2842
2628 537 2842
2842 537 2628
2988 592 1818
592 1818 2988
1818 592 2988
1652 1065 2428
1065 1652 2428
2428 1065 1652
1714 3 2441
3 1714 2441
2441 3 1714
515 2470 2963
2963 515 2470
2470 515 2963
316 1444 2257
2257 316 1444
1444 316 2257
2263 1580 2227
2227 1580 2263
1580 2227 2263
1824 1110 2610
2610 1110 1824
1110 1824 2610
1961 1078 2318
2318 1078 1961
1078 1961 2318
2112 1293 2169
1293 2112 2169
2169 1293 2112
1747 21 1188
21 1188 1747
1188 21 1747
1638 688 2421
2421 688 1638
688 1638 2421
2834 1166 2182
2182 1166 2834
1166 2182 2834
2320 1641 2528
2528 1641 2320
1641 2320 2528
1576 1757 2933
2933 1576 1757
1757 1576 2933
792 809 2001
2001 792 809
809 792 2001
2467 2161 2983
2161 2467 2983
2983 2161 2467
2484 1783 1889
1889 1783 2484
1783 1889 2484
1469 849 1538
849 1469 1538
1538 849 1469
2024 934 2310
2310 934 2024
934 2024 2310
2224 2305 2330
2330 2224 2305
2305 2224 2330
914 836 2746
836 914 2746
2746 836 914
12 1373 1835
1835 12 1373
1373 12 1835
1806 896 2304
2304 896 1806
896 1806 2304
2564 232 533
232 533 2564
533 232 2564
728 441 2178
441 728 2178
2178 441 728
1579 989 2671
989 1579 2671
2671 989 1579
2359 235 2472
235 2359 2472
2472 235 2359
610 93 1092
1092 93 610
93 610 1092
2493 367 2350
2350 367 2493
367 2350 2493
1407 527 1518
1518 527 1407
527 1407 1518
795 1036 1759
1036 795 1759
1759 795 1036
418 397 2326
397 418 2326
2326 397 418
1044 692 2109
2109 692 1044
692 1044 2109
1885 2102 2437
2437 1885 2102
2102 1885 2437
1311 1195 2341
1195 1311 2341
2341 1195 1311
1522 1073 2599
2599 1073 1522
1073 1522 2599
528 1923 2965
2965 528 1923
1923 528 2965
1770 1199 2589
1199 1770 2589
2589 1199 1770
438 1854 2038
2038 438 1854
1854 438 2038
658 1438 2423
1438 658 2423
2423 658 1438
2464 181 286
181 286 2464
286 181 2464
1227 1663 2395
2395 1227 1663
1663 1227 2395
2911 32 2358
32 2358 2911
2358 32 2911
2674 539 1221
1221 539 2674
539 1221 2674
2399 1459 1919
1919 1459 2399
1459 1919 2399
1852 197 264
197 264 1852
264 197 1852
1432 2346 2605
2346 1432 2605
2605 1432 2346
985 1295 2266
2266 985 1295
1295 985 2266
668 1185 1859
1859 668 1185
1185 668 1859
1380 290 2442
2442 290 1380
290 1380 2442
1780 1546 2878
1546 1780 2878
2878 1546 1780
1599 1206 1686
1206 1599 1686
1686 1206 1599
1608 1617 2400
2400 1608 1617
1617 1608 2400
765 145 2643
145 765 2643
2643 145 765
2591 729 971
971 729 2591
729 971 2591
1958 139 1222
1222 139 1958
139 1222 1958
2968 1877 2436
1877 2436 2968
2436 1877 2968
1968 1872 2667
1872 1968 2667
2667 1872 1968
2810 104 1732
1732 104 2810
104 1732 2810
1361 1434 1691
1434 1361 1691
1691 1361 1434
1336 1456 2282
1456 1336 2282
2282 1336 1456
1523 1300 2759
2759 1300 1523
1300 1523 2759
1989 239 1621
239 1621 1989
1621 239 1989
1467 64 1683
1683 64 1467
64 1467 1683
850 265 498
265 498 850
498 265 850
2813 331 1515
331 1515 2813
1515 331 2813
2612 683 940
940 683 2612
683 940 2612
2916 875 1690
875 1690 2916
1690 875 2916
1825 173 607
607 173 1825
173 607 1825
357 1667 2230
1667 357 2230
2230 357 1667
388 911 2008
2008 388 911
911 388 2008
2731 650 1979
1979 650 2731
650 1979 2731
1405 975 1209
1209 975 1405
975 1209 1405
1283 395 2385
2385 395 1283
395 1283 2385
2086 2406 2879
2406 2086 2879
2879 2086 2406
1548 218 781
781 218 1548
218 781 1548
325 1425 2473
1425 325 2473
2473 325 1425
2920 1144 2180
2180 1144 2920
1144 2180 2920
229 178 437
178 229 437
437 178 229
2092 2105 2396
2396 2092 2105
2105 2092 2396
482 754 1840
754 482 1840
1840 482 754
1363 1429 2454
1429 1363 2454
2454 1363 1429
2074 1971 2947
2947 1971 2074
1971 2074 2947
113 376 1271
1271 113 376
376 113 1271
1106 2236 2913
2236 1106 2913
2913 1106 2236
1532 38 927
927 38 1532
38 927 1532
1654 638 2022
2022 638 1654
638 1654 2022
1067 499 1543
1543 499 1067
499 1067 1543
734 1294 2117
1294 734 2117
2117 734 1294
1486 1708 2517
2517 1486 1708
1708 1486 2517
1911 1379 2744
1379 1911 2744
2744 1379 1911
2630 1090 2131
1090 2131 2630
2131 1090 2630
493 243 2809
2809 243 493
243 493 2809
2147 1992 2839
2839 1992 2147
1992 2147 2839
1448 2302 2967
2302 1448 2967
2967 1448 2302
2116 2601 2779
2601 2116 2779
2779 2116 2601
2049 2317 2369
2369 2049 2317
2317 2049 2369
1905 793 2743
2743 793 1905
793 1905 2743
1991 1760 2380
1760 1991 2380
2380 1760 1991
2603 753 2043
753 2043 2603
2043 753 2603
1291 478 2050
478 1291 2050
2050 478 1291
780 1487 2569
1487 780 2569
2569 780 1487
2969 2682 2853
2853 2682 2969
2682 2853 2969
698 378 1520
378 698 1520
1520 378 698
2513 434 2710
2710 434 2513
434 2513 2710
37 297 1412
297 37 1412
1412 37 297
2975 564 2140
564 2140 2975
2140 564 2975
2296 1664 2694
1664 2296 2694
2694 1664 2296
908 1494 2796
1494 908 2796
2796 908 1494
2544 661 2175
2175 661 2544
661 2175 2544
2623 601 1376
1376 601 2623
601 1376 2623
1517 1870 2867
2867 1517 1870
1870 1517 2867
2392 2488 3000
3000 2392 2488
2488 2392 3000
2617 958 1774
958 1774 2617
1774 958 2617
977 1733 2211
2211 977 1733
1733 977 2211
596 609 664
609 596 664
664 596 609
884 1204 2512
2512 884 1204
1204 884 2512
337 2308 2697
2697 337 2308
2308 337 2697
724 994 1997
994 724 1997
1997 724 994
2264 310 2040
310 2040 2264
2040 310 2264
1049 1639 2274
1639 1049 2274
2274 1049 1639
1481 369 1191
1191 369 1481
369 1191 1481
1473 29 146
146 29 1473
29 146 1473
2372 464 2031
2031 464 2372
464 2031 2372
1692 95 2347
2347 95 1692
95 1692 2347
1439 126 2943
126 1439 2943
2943 126 1439
117 83 588
83 117 588
588 83 117
180 840 965
840 180 965
965 180 840
2675 204 671
204 671 2675
671 204 2675
1420 676 1461
1461 676 1420
676 1420 1461
1734 1009 1828
1009 1734 1828
1828 1009 1734
1736 986 1540
986 1540 1736
1540 986 1736
872 788 892
788 872 892
892 788 872
2283 1198 1382
1198 1382 2283
1382 1198 2283
2329 365 2613
2613 365 2329
365 2329 2613
1790 402 449
449 402 1790
402 449 1790
1603 52 925
52 925 1603
925 52 1603
1609 2309 2909
2909 1609 2309
2309 1609 2909
886 1117 1861
1117 886 1861
1861 886 1117
2506 2039 2927
2039 2506 2927
2927 2039 2506
1012 1701 2217
1701 1012 2217
2217 1012 1701
2145 1312 2585
2585 1312 2145
1312 2145 2585
1310 1325 2335
1325 1310 2335
2335 1310 1325
1174 77 2451
77 1174 2451
2451 77 1174
400 105 1627
105 400 1627
1627 105 400
2530 494 1566
494 1566 2530
1566 494 2530
1765 1034 2157
2157 1034 1765
1034 1765 2157
1417 662 2766
2766 662 1417
662 1417 2766
1121 1070 2926
1070 1121 2926
2926 1070 1121
2000 857 2738
2738 857 2000
857 2000 2738
1978 1194 2822
2822 1194 1978
1194 1978 2822
2862 888 2769
2769 888 2862
888 2769 2862
2364 2030 2201
2030 2201 2364
2201 2030 2364
2541 152 1137
1137 152 2541
152 1137 2541
66 1856 2984
1856 66 2984
2984 66 1856
2290 1853 1863
1853 1863 2290
1863 1853 2290
412 1981 2393
1981 412 2393
2393 412 1981
249 665 1862
1862 249 665
665 249 1862
1526 127 1160
127 1160 1526
1160 127 1526
1022 1894 2760
1894 1022 2760
2760 1022 1894
2495 330 2129
330 2129 2495
2129 330 2495
1011 185 1646
185 1011 1646
1646 185 1011
1122 69 687
69 687 1122
687 69 1122
1910 148 2321
148 1910 2321
2321 148 1910
2212 2646 2824
2824 2212 2646
2646 2212 2824
2377 222 812
222 812 2377
812 222 2377
340 776 1455
1455 340 776
776 340 1455
582 536 2115
536 582 2115
2115 536 582
1834 159 1823
159 1823 1834
1823 159 1834
772 475 2018
2018 475 772
475 772 2018
583 463 578
463 578 583
578 463 583
1812 1139 1888
1139 1812 1888
1888 1139 1812
386 1335 2316
1335 386 2316
2316 386 1335
277 1104 2176
2176 277 1104
1104 277 2176
280 132 1476
1476 132 280
132 280 1476
341 900 2624
900 341 2624
2624 341 900
1524 1096 1200
1200 1096 1524
1096 1200 1524
452 50 2331
2331 50 452
50 452 2331
450 910 2019
910 450 2019
2019 450 910
431 1136 2496
1136 431 2496
2496 431 1136
2894 895 2289
2289 895 2894
895 2289 2894
686 2476 2886
2476 686 2886
2886 686 2476
912 1259 1858
1259 912 1858
1858 912 1259
274 2754 2833
2754 274 2833
2833 274 2754
1676 2163 2752
2752 1676 2163
2163 1676 2752
1956 1529 1886
1529 1886 1956
1886 1529 1956
179 221 1491
1491 179 221
221 179 1491
2154 1372 1763
1763 1372 2154
1372 1763 2154
252 832 2501
832 252 2501
2501 252 832
1359 189 1913
1913 189 1359
189 1359 1913
2708 1587 1614
1587 1614 2708
1614 1587 2708
1544 47 2287
2287 47 1544
47 1544 2287
1497 401 1932
1932 401 1497
401 1497 1932
245 1990 2491
2491 245 1990
1990 245 2491
1111 161 1346
161 1111 1346
1346 161 1111
2906 1796 2394
2394 1796 2906
1796 2394 2906
612 745 2992
745 612 2992
2992 612 745
600 992 1475
992 600 1475
1475 600 992
1513 1223 1316
1316 1223 1513
1223 1316 1513
39 2669 2783
2669 39 2783
2783 39 2669
1215 822 1156
822 1156 1215
1156 822 1215
2820 246 1468
1468 246 2820
246 1468 2820
1419 1178 2016
2016 1178 1419
1178 1419 2016
347 1906 2763
2763 347 1906
1906 347 2763
416 182 2971
182 416 2971
2971 182 416
941 894 2307
894 941 2307
2307 894 941
1793 2044 2510
2510 1793 2044
2044 1793 2510
1243 1031 2762
2762 1031 1243
1031 1243 2762
324 59 1983
59 324 1983
1983 59 324
1496 551 2353
2353 551 1496
551 1496 2353
2170 1458 1921
1458 1921 2170
1921 1458 2170
1619 617 700
700 617 1619
617 700 1619
114 251 2295
251 114 2295
2295 114 251
2843 747 1286
1286 747 2843
747 1286 2843
1062 54 1977
1977 54 1062
54 1062 1977
2068 194 2054
194 2054 2068
2054 194 2068
1140 292 2440
2440 292 1140
292 1140 2440
860 885 1400
885 860 1400
1400 860 885
25 305 1907
1907 25 305
305 25 1907
1530 1401 1762
1401 1530 1762
1762 1401 1530
355 2409 2905
2409 355 2905
2905 355 2409
55 327 2248
327 55 2248
2248 55 327
2002 526 2912
526 2002 2912
2912 526 2002
619 804 2691
804 619 2691
2691 619 804
477 674 1124
1124 477 674
674 477 1124
620 903 2374
2374 620 903
903 620 2374
136 1914 1954
1954 136 1914
1914 136 1954
2536 70 2071
2071 70 2536
70 2071 2536
1817 287 490
287 490 1817
490 287 1817
2785 154 702
154 702 2785
702 154 2785
1896 2514 2618
2618 1896 2514
2514 1896 2618
309 930 1674
1674 309 930
930 309 1674
2966 1397 2689
2689 1397 2966
1397 2689 2966
389 2538 2616
2616 389 2538
2538 389 2616
370 1077 2672
1077 370 2672
2672 370 1077
1479 43 2524
43 1479 2524
2524 43 1479
874 1369 2118
1369 874 2118
2118 874 1369
2468 1060 2686
2686 1060 2468
1060 2468 2686
157 517 1029
1029 157 517
517 157 1029
502 1038 2475
2475 502 1038
1038 502 2475
2027 1135 1777
1135 1777 2027
1777 1135 2027
758 611 2127
2127 611 758
611 758 2127
1687 428 560
560 428 1687
428 560 1687
2466 887 2126
2126 887 2466
887 2126 2466
1882 851 1216
851 1216 1882
1216 851 1882
195 1628 2057
1628 195 2057
2057 195 1628
2276 368 1051
1051 368 2276
368 1051 2276
701 1568 2333
1568 701 2333
2333 701 1568
2925 1224 2291
2291 1224 2925
1224 2291 2925
1162 575 2315
575 1162 2315
2315 575 1162
1266 2193 2999
2193 1266 2999
2999 1266 2193
1332 2636 2799
2799 1332 2636
2636 1332 2799
2499 944 1558
944 1558 2499
1558 944 2499
916 2737 2940
2940 916 2737
2737 916 2940
1680 844 2668
844 1680 2668
2668 844 1680
2787 931 2598
931 2598 2787
2598 931 2787
200 2203 2583
2203 200 2583
2583 200 2203
216 97 1946
1946 97 216
97 216 1946
2357 1586 1939
1939 1586 2357
1586 1939 2357
2411 2450 2953
2953 2411 2450
2450 2411 2953
1850 2417 2734
2734 1850 2417
2417 1850 2734
371 800 1217
1217 371 800
800 371 1217
2245 2196 2825
2196 2245 2825
2825 2196 2245
468 784 1564
784 468 1564
1564 468 784
1650 483 775
483 775 1650
775 483 1650
904 645 2457
2457 645 904
645 904 2457
220 354 602
354 220 602
602 220 354
1443 1202 1640
1202 1443 1640
1640 1202 1443
469 1951 2939
2939 469 1951
1951 469 2939
1396 1947 2179
2179 1396 1947
1947 1396 2179
2298 473 2505
473 2298 2505
2505 473 2298
862 74 2515
74 862 2515
2515 74 862
2632 13 1595
13 1595 2632
1595 13 2632
561 1562 2695
2695 561 1562
1562 561 2695
2896 184 1303
184 1303 2896
1303 184 2896
255 106 439
439 106 255
106 255 439
1091 869 1572
869 1091 1572
1572 869 1091
966 1197 1998
1998 966 1197
1197 966 1998
49 19 756
756 19 49
19 49 756
33 119 448
448 33 119
119 33 448
1848 1778 2849
1778 1848 2849
2849 1778 1848
2445 2013 2595
2013 2445 2595
2595 2013 2445
1179 34 1330
1330 34 1179
34 1179 1330
719 2388 2962
2388 719 2962
2962 719 2388
615 1119 2338
2338 615 1119
1119 615 2338
18 1742 2460
2460 18 1742
1742 18 2460
2053 271 1985
271 1985 2053
1985 271 2053
1158 1565 2153
2153 1158 1565
1565 1158 2153
924 1129 2511
2511 924 1129
1129 924 2511
352 1152 2724
2724 352 1152
1152 352 2724
1131 387 460
387 460 1131
460 387 1131
328 165 451
165 328 451
451 165 328
1264 553 2034
2034 553 1264
553 1264 2034
1020 1772 2729
1772 1020 2729
2729 1020 1772
2449 2349 2821
2349 2449 2821
2821 2349 2449
556 1794 2629
1794 556 2629
2629 556 1794
96 557 2206
557 96 2206
2206 96 557
1820 2061 2160
2061 1820 2160
2160 1820 2061
279 445 1918
445 279 1918
1918 279 445
1327 2398 2648
2648 1327 2398
2398 1327 2648
1781 2325 2446
2325 1781 2446
2446 1781 2325
659 1393 2907
1393 659 2907
2907 659 1393
2106 342 497
497 342 2106
342 497 2106
1815 237 936
936 237 1815
237 936 1815
2819 474 1472
1472 474 2819
474 1472 2819
1752 1071 2261
2261 1071 1752
1071 1752 2261
2166 1280 1489
1280 1489 2166
1489 1280 2166
1567 1273 2408
2408 1273 1567
1273 1567 2408
541 15 1974
15 541 1974
1974 15 541
1322 1387 1871
1871 1322 1387
1387 1322 1871
2214 995 1464
995 1464 2214
1464 995 2214
2387 384 1177
384 1177 2387
1177 384 2387
92 501 2958
2958 92 501
501 92 2958
366 417 845
845 366 417
417 366 845
2828 1899 2950
2950 1899 2828
1899 2828 2950
2556 983 2910
2910 983 2556
983 2556 2910
723 1041 2125
2125 723 1041
1041 723 2125
2403 2348 2693
2348 2403 2693
2693 2348 2403
263 2565 2960
2960 263 2565
2565 263 2960
1274 1751 1784
1784 1274 1751
1751 1274 1784
703 877 1297
1297 703 877
877 703 1297
639 682 689
689 639 682
682 639 689
2152 897 1606
1606 897 2152
897 1606 2152
2078 549 1506
549 1506 2078
1506 549 2078
446 1938 2362
2362 446 1938
1938 446 2362
87 1180 2989
2989 87 1180
1180 87 2989
2525 335 1615
335 1615 2525
1615 335 2525
2383 827 1645
1645 827 2383
827 1645 2383
2418 1081 2777
1081 2418 2777
2777 1081 2418
1028 2424 2627
2627 1028 2424
2424 1028 2627
2660 1944 2545
2545 1944 2660
1944 2545 2660
1980 2268 2955
2955 1980 2268
2268 1980 2955
1001 36 2504
2504 36 1001
36 1001 2504
407 1791 2521
2521 407 1791
1791 407 2521
2739 111 1501
111 1501 2739
1501 111 2739
1360 1616 2526
2526 1360 1616
1616 1360 2526
1758 574 2917
2917 574 1758
574 1758 2917
2949 1309 1592
1309 1592 2949
1592 1309 2949
1265 791 1700
791 1265 1700
1700 791 1265
1584 681 2574
681 1584 2574
2574 681 1584
1430 743 2719
2719 743 1430
743 1430 2719
2555 20 2914
20 2555 2914
2914 20 2555
581 459 1749
1749 459 581
459 581 1749
1554 1827 1831
1827 1554 1831
1831 1554 1827
1988 861 2663
2663 861 1988
861 1988 2663
623 1750 2237
1750 623 2237
2237 623 1750
1814 2573 2721
2721 1814 2573
2573 1814 2721
1126 128 2434
2434 128 1126
128 1126 2434
1301 921 2480
921 1301 2480
2480 921 1301
1723 505 1743
1743 505 1723
505 1723 1743
2995 963 1945
1945 963 2995
963 1945 2995
2631 1748 2065
2065 1748 2631
1748 2065 2631
770 514 2198
514 770 2198
2198 514 770
1908 597 1536
1536 597 1908
597 1536 1908
699 453 1440
1440 453 699
453 699 1440
937 1612 2584
2584 937 1612
1612 937 2584
909 672 939
672 909 939
939 672 909
1057 351 1101
1101 351 1057
351 1057 1101
2561 960 2114
960 2114 2561
2114 960 2561
599 1535 2253
2253 599 1535
1535 599 2253
158 947 1186
947 158 1186
1186 158 947
799 2354 2699
2699 799 2354
2354 799 2699
670 304 801
801 304 670
304 670 801
2355 269 759
759 269 2355
269 759 2355
1649 1460 1837
1837 1460 1649
1460 1649 1837
2982 870 1084
1084 870 2982
870 1084 2982
2037 905 2181
905 2037 2181
2181 905 2037
2431 976 1920
1920 976 2431
976 1920 2431
1897 250 2576
2576 250 1897
250 1897 2576
1987 955 2644
955 1987 2644
2644 955 1987
1329 1519 2559
2559 1329 1519
1519 1329 2559
2009 236 2064
2064 236 2009
236 2009 2064
2566 613 1789
1789 613 2566
613 1789 2566
824 278 1023
1023 278 824
278 824 1023
1698 1037 1829
1829 1037 1698
1037 1698 1829
890 2080 2931
2931 890 2080
2080 890 2931
1050 112 2336
2336 112 1050
112 1050 2336
94 1019 1707
1019 94 1707
1707 94 1019
102 1238 1368
1368 102 1238
1238 102 1368
1651 1270 2770
2770 1270 1651
1270 1651 2770
624 1451 2838
2838 624 1451
1451 624 2838
1874 1386 1841
1386 1841 1874
1841 1386 1874
2980 577 2581
577 2581 2980
2581 577 2980
1245 2482 2832
2832 1245 2482
2482 1245 2832
2634 653 2200
653 2200 2634
2200 653 2634
1395 677 2286
677 1395 2286
2286 677 1395
1169 1248 1254
1254 1169 1248
1248 1169 1254
2741 964 2370
2370 964 2741
964 2370 2741
961 1219 2405
1219 961 2405
2405 961 1219
2033 312 926
926 312 2033
312 926 2033
586 2070 2580
2070 586 2580
2580 586 2070
2242 1644 2991
2991 1644 2242
1644 2242 2991
1865 1846 1967
1846 1865 1967
1967 1846 1865
456 576 901
901 456 576
576 456 901
1709 22 932
22 932 1709
932 22 1709
959 1855 2269
1855 959 2269
2269 959 1855
1477 2228 2875
2875 1477 2228
2228 1477 2875
2221 721 2238
2238 721 2221
721 2221 2238
2382 1323 2871
1323 2382 2871
2871 1323 2382
2856 1059 1149
1059 1149 2856
1149 1059 2856
2507 396 1042
396 1042 2507
1042 396 2507
1349 835 2993
835 1349 2993
2993 835 1349
2774 116 1390
1390 116 2774
116 1390 2774
1933 2314 2890
2890 1933 2314
2314 1933 2890
2653 435 622
435 622 2653
622 435 2653
168 716 935
935 168 716
716 168 935
1684 882 2897
882 1684 2897
2897 882 1684
1013 442 2936
2936 442 1013
442 1013 2936
101 1366 2097
1366 101 2097
2097 101 1366
2757 1170 2299
2299 1170 2757
1170 2299 2757
652 1422 2678
1422 652 2678
2678 652 1422
2714 147 864
864 147 2714
147 864 2714
1046 831 2791
2791 831 1046
831 1046 2791
1685 320 666
320 666 1685
666 320 1685
1107 454 605
605 454 1107
454 605 1107
338 544 2918
2918 338 544
544 338 2918
1868 1445 2239
2239 1445 1868
1445 1868 2239
1236 390 1409
390 1236 1409
1409 390 1236
1384 2873 2895
2873 1384 2895
2895 1384 2873
569 405 1670
1670 405 569
405 569 1670
2751 739 2549
2549 739 2751
739 2549 2751
2841 1753 2425
1753 2425 2841
2425 1753 2841
2607 1436 1583
1583 1436 2607
1436 1583 2607
552 2069 2869
2869 552 2069
2069 552 2869
917 1550 1927
1927 917 1550
1550 917 1927
796 1811 2972
2972 796 1811
1811 796 2972
563 1857 2620
2620 563 1857
1857 563 2620
1465 372 487
487 372 1465
372 487 1465
85 1341 2534
1341 85 2534
2534 85 1341
2142 509 2902
2902 509 2142
509 2142 2902
411 1531 2478
2478 411 1531
1531 411 2478
2477 142 2006
2006 142 2477
142 2006 2477
813 409 1253
1253 409 813
409 813 1253
535 1025 2293
2293 535 1025
1025 535 2293
820 1563 1703
1563 820 1703
1703 820 1563
419 226 843
226 419 843
843 226 419
2870 643 2826
2826 643 2870
643 2826 2870
1247 1261 2990
1261 1247 2990
2990 1247 1261
2928 545 637
545 637 2928
637 545 2928
1230 160 1138
1138 160 1230
160 1138 1230
1909 88 2637
2637 88 1909
88 1909 2637
2560 1673 2609
2609 1673 2560
1673 2560 2609
778 67 289
67 289 778
289 67 778
2188 1102 2597
1102 2188 2597
2597 1102 2188
648 2267 2664
2664 648 2267
2267 648 2664
1693 210 2659
2659 210 1693
210 1693 2659
1030 915 2863
915 1030 2863
2863 915 1030
1776 568 1389
568 1389 1776
1389 568 1776
2452 470 2701
2701 470 2452
470 2452 2701
231 555 1134
555 231 1134
1134 231 555
988 970 982
970 982 988
982 970 988
51 1183 1260
1183 51 1260
1260 51 1183
2520 2148 2328
