17798 6718 15023
15023 6718 17798
6718 15023 17798
6092 8879 11094
11094 6092 8879
8879 6092 11094
11954 21865 24265
24265 11954 21865
21865 11954 24265
5752 1718 16832
16832 1718 5752
1718 5752 16832
18356 4792 28298
28298 4792 18356
4792 18356 28298
17722 7886 21530
7886 17722 21530
21530 7886 17722
11709 5267 21857
21857 5267 11709
5267 11709 21857
1690 21253 22204
21253 1690 22204
22204 1690 21253
18821 12006 26577
12006 18821 26577
26577 12006 18821
26704 11826 29608
29608 11826 26704
11826 26704 29608
14772 9307 25276
25276 9307 14772
9307 14772 25276
21309 17052 19142
19142 17052 21309
17052 19142 21309
25229 6667 20933
20933 6667 25229
6667 20933 25229
19726 2797 15293
15293 2797 19726
2797 15293 19726
18536 10197 16981
10197 16981 18536
16981 10197 18536
23756 4787 22189
22189 4787 23756
4787 22189 23756
16439 19505 29463
19505 16439 29463
29463 16439 19505
12003 3054 24316
24316 3054 12003
3054 12003 24316
27639 1786 6133
1786 6133 27639
6133 1786 27639
3646 17599 28490
28490 3646 17599
17599 3646 28490
26355 19105 24144
19105 24144 26355
24144 19105 26355
22737 3722 13619
13619 3722 22737
3722 13619 22737
12592 8748 28668
8748 12592 28668
28668 8748 12592
22057 8096 26712
8096 22057 26712
26712 8096 22057
2893 1583 26550
26550 1583 2893
1583 2893 26550
5181 13928 25143
13928 5181 25143
25143 5181 13928
23597 8759 24417
8759 23597 24417
24417 8759 23597
22248 2166 10555
2166 10555 22248
10555 2166 22248
16437 14435 23225
14435 16437 23225
23225 14435 16437
20544 5577 13095
5577 13095 20544
13095 5577 20544
23198 5414 23655
23655 5414 23198
5414 23198 23655
2622 181 22568
181 2622 22568
22568 181 2622
23783 22533 27518
27518 22533 23783
22533 23783 27518
18387 364 597
364 597 18387
597 364 18387
22354 22486 28932
28932 22354 22486
22486 22354 28932
14087 16354 18610
18610 14087 16354
16354 14087 18610
13720 339 18799
18799 339 13720
339 13720 18799
114 9953 12540
9953 114 12540
12540 114 9953
27325 8949 19119
8949 19119 27325
19119 8949 27325
23605 7738 18847
7738 18847 23605
18847 7738 23605
16902 9429 29523
9429 16902 29523
29523 9429 16902
10939 205 22340
205 10939 22340
22340 205 10939
2988 7499 27913
7499 2988 27913
27913 2988 7499
3328 6271 15982
15982 3328 6271
6271 3328 15982
29684 4382 14721
14721 4382 29684
4382 14721 29684
2852 13421 27786
27786 2852 13421
13421 2852 27786
15279 13137 17786
17786 13137 15279
13137 15279 17786
9870 4857 15899
15899 4857 9870
4857 9870 15899
19871 12522 22709
22709 12522 19871
12522 19871 22709
1793 6474 25129
6474 1793 25129
25129 1793 6474
45 1924 5603
5603 45 1924
1924 45 5603
11678 25367 27789
27789 11678 25367
25367 11678 27789
15141 9151 25960
25960 9151 15141
9151 15141 25960
89 2384 3027
2384 89 3027
3027 89 2384
5140 5713 20982
5713 5140 20982
20982 5140 5713
490 5309 23588
23588 490 5309
5309 490 23588
23086 3338 23552
23552 3338 23086
3338 23086 23552
4601 20457 24689
20457 4601 24689
24689 4601 20457
23421 19287 29623
19287 23421 29623
29623 19287 23421
14029 1022 2723
2723 1022 14029
1022 2723 14029
4969 7778 27946
27946 4969 7778
7778 4969 27946
15208 7491 7792
7792 7491 15208
7491 7792 15208
14920 13453 22915
13453 14920 22915
22915 13453 14920
13128 4945 21101
4945 13128 21101
21101 4945 13128
21750 2720 4310
2720 4310 21750
4310 2720 21750
29832 2735 26530
26530 2735 29832
2735 26530 29832
23623 3313 10542
10542 3313 23623
3313 10542 23623
1565 8067 15701
15701 1565 8067
8067 1565 15701
10277 3358 14206
14206 3358 10277
3358 10277 14206
5123 15886 28780
15886 5123 28780
28780 5123 15886
12583 7476 8416
8416 7476 12583
7476 8416 12583
20543 19086 28483
28483 19086 20543
19086 20543 28483
7330 8230 13115
8230 7330 13115
13115 7330 8230
8357 14542 22150
14542 8357 22150
22150 8357 14542
22042 26125 28328
28328 22042 26125
26125 22042 28328
19339 8112 22275
22275 8112 19339
8112 19339 22275
15940 5571 18210
18210 5571 15940
5571 15940 18210
20004 21863 28046
21863 20004 28046
28046 20004 21863
15321 18611 26252
18611 15321 26252
26252 15321 18611
20650 6153 13270
6153 13270 20650
13270 6153 20650
26155 777 22509
22509 777 26155
777 22509 26155
17834 5565 6426
5565 6426 17834
6426 5565 17834
12322 2869 18455
18455 2869 12322
2869 12322 18455
3433 18727 27945
27945 3433 18727
18727 3433 27945
4094 12445 13256
12445 4094 13256
13256 4094 12445
17833 18640 19328
18640 17833 19328
19328 17833 18640
23532 22616 24622
22616 23532 24622
24622 22616 23532
3243 22566 29840
22566 3243 29840
29840 3243 22566
3879 2803 17723
2803 3879 17723
17723 2803 3879
20500 3965 5648
3965 5648 20500
5648 3965 20500
1877 7270 24221
24221 1877 7270
7270 1877 24221
24 20228 27033
27033 24 20228
20228 24 27033
29636 19842 25576
19842 25576 29636
25576 19842 29636
21406 12829 21503
21503 12829 21406
12829 21406 21503
26010 8842 22678
22678 8842 26010
8842 22678 26010
27642 16521 25383
25383 16521 27642
16521 25383 27642
8257 5347 26513
26513 5347 8257
5347 8257 26513
22222 10200 11454
10200 11454 22222
11454 10200 22222
23126 4253 8480
4253 8480 23126
8480 4253 23126
6861 5704 15029
5704 6861 15029
15029 5704 6861
13712 7237 25599
7237 13712 25599
25599 7237 13712
7720 8198 22943
8198 7720 22943
22943 7720 8198
8572 10980 22627
10980 8572 22627
22627 8572 10980
12257 9558 16238
9558 12257 16238
16238 9558 12257
3321 7028 8596
7028 3321 8596
8596 3321 7028
7708 2649 26919
26919 2649 7708
2649 7708 26919
5722 3616 20460
20460 3616 5722
3616 5722 20460
13358 22833 27660
22833 13358 27660
27660 13358 22833
3810 17473 27112
17473 3810 27112
27112 3810 17473
7102 5217 14258
14258 5217 7102
5217 7102 14258
5822 5198 22329
22329 5198 5822
5198 5822 22329
27729 13145 27514
13145 27514 27729
27514 13145 27729
15114 8739 16247
16247 8739 15114
8739 15114 16247
12204 16738 27917
27917 12204 16738
16738 12204 27917
22902 18593 22755
22755 18593 22902
18593 22755 22902
18058 6702 7233
7233 6702 18058
6702 7233 18058
22696 164 25956
25956 164 22696
164 22696 25956
18723 5103 16329
16329 5103 18723
5103 16329 18723
12394 15424 21497
15424 12394 21497
21497 12394 15424
6640 23133 27139
27139 6640 23133
23133 6640 27139
26889 5296 27384
5296 26889 27384
27384 5296 26889
601 10957 26016
10957 601 26016
26016 601 10957
25314 13899 19953
13899 19953 25314
19953 13899 25314
26390 616 20464
20464 616 26390
616 20464 26390
12674 10516 23422
23422 10516 12674
10516 12674 23422
27031 15797 19712
15797 19712 27031
19712 15797 27031
14713 20713 28124
20713 14713 28124
28124 14713 20713
16994 2640 11684
11684 2640 16994
2640 11684 16994
28088 934 20268
934 20268 28088
20268 934 28088
2204 393 22477
393 2204 22477
22477 393 2204
8385 409 19137
19137 409 8385
409 8385 19137
11694 1077 20363
1077 11694 20363
20363 1077 11694
8541 20628 24432
20628 8541 24432
24432 8541 20628
25414 16897 19306
19306 16897 25414
16897 19306 25414
4001 1231 8599
8599 1231 4001
1231 4001 8599
18205 2366 25083
2366 18205 25083
25083 2366 18205
26380 1936 25816
1936 25816 26380
25816 1936 26380
10160 10697 17134
10697 10160 17134
17134 10160 10697
465 729 4251
729 465 4251
4251 465 729
8607 7141 12105
7141 8607 12105
12105 7141 8607
28748 13861 15294
13861 15294 28748
15294 13861 28748
18944 11744 18077
18077 11744 18944
11744 18077 18944
14575 21714 28755
21714 14575 28755
28755 14575 21714
5803 7945 25125
25125 5803 7945
7945 5803 25125
20819 3994 23038
3994 20819 23038
23038 3994 20819
26206 4861 22897
4861 22897 26206
22897 4861 26206
9668 1673 5604
5604 1673 9668
1673 5604 9668
17677 2635 2667
2635 2667 17677
2667 2635 17677
3128 5555 27240
27240 3128 5555
5555 3128 27240
14149 7807 24983
7807 14149 24983
24983 7807 14149
16183 17080 25200
17080 16183 25200
25200 16183 17080
16005 19862 25300
19862 16005 25300
25300 16005 19862
15862 20649 22254
22254 15862 20649
20649 15862 22254
12649 6710 8664
6710 8664 12649
8664 6710 12649
22429 17933 19037
17933 19037 22429
19037 17933 22429
5254 7164 22892
22892 5254 7164
7164 5254 22892
27922 98 2357
2357 98 27922
98 2357 27922
22812 6032 12842
12842 6032 22812
6032 12842 22812
28511 738 7804
7804 738 28511
738 7804 28511
13399 8002 9395
8002 9395 13399
9395 8002 13399
4288 6764 13932
6764 4288 13932
13932 4288 6764
29564 20311 23606
20311 23606 29564
23606 20311 29564
22439 980 29094
29094 980 22439
980 22439 29094
21807 3055 29864
29864 3055 21807
3055 21807 29864
29059 4657 15870
4657 15870 29059
15870 4657 29059
23862 10663 29096
29096 10663 23862
10663 23862 29096
12806 9601 28895
28895 9601 12806
9601 12806 28895
11787 6105 17961
6105 11787 17961
17961 6105 11787
15658 25959 29787
25959 15658 29787
29787 15658 25959
28854 8846 21541
8846 21541 28854
21541 8846 28854
28209 2642 29444
29444 2642 28209
2642 28209 29444
7509 8658 29870
8658 7509 29870
29870 7509 8658
13514 17768 24735
17768 13514 24735
24735 13514 17768
16959 9618 15469
9618 15469 16959
15469 9618 16959
10848 5761 6632
5761 6632 10848
6632 5761 10848
24069 5253 8816
8816 5253 24069
5253 8816 24069
18046 10778 20167
20167 10778 18046
10778 18046 20167
29269 15644 27138
15644 27138 29269
27138 15644 29269
23300 5365 29236
29236 5365 23300
5365 23300 29236
18190 4388 8019
4388 8019 18190
8019 4388 18190
12790 15790 20791
15790 12790 20791
20791 12790 15790
20686 16298 18487
18487 16298 20686
16298 18487 20686
21554 5082 17142
17142 5082 21554
5082 17142 21554
13248 3079 27863
3079 13248 27863
27863 3079 13248
10507 11465 12234
12234 10507 11465
11465 10507 12234
21170 6840 16783
6840 16783 21170
16783 6840 21170
9214 10384 18115
18115 9214 10384
10384 9214 18115
20850 12386 23515
12386 20850 23515
23515 12386 20850
20 335 973
973 20 335
335 20 973
12749 12109 24382
24382 12109 12749
12109 12749 24382
16533 15266 18850
15266 16533 18850
18850 15266 16533
8122 23586 24254
24254 8122 23586
23586 8122 24254
19354 6377 6950
6377 6950 19354
6950 6377 19354
27185 18596 23350
23350 18596 27185
18596 23350 27185
343 12883 14066
12883 343 14066
14066 343 12883
11167 26197 28465
26197 11167 28465
28465 11167 26197
4475 835 4443
4443 835 4475
835 4443 4475
15268 18834 18853
18853 15268 18834
18834 15268 18853
27415 7867 26158
7867 26158 27415
26158 7867 27415
19154 22051 25295
22051 19154 25295
25295 19154 22051
2087 15709 22531
15709 2087 22531
22531 2087 15709
20473 24977 27488
24977 20473 27488
27488 20473 24977
182 15925 18401
15925 182 18401
18401 182 15925
6154 7442 13552
13552 6154 7442
7442 6154 13552
29349 3499 10747
10747 3499 29349
3499 10747 29349
14719 19152 28816
28816 14719 19152
19152 14719 28816
5247 15196 29757
15196 5247 29757
29757 5247 15196
21363 13242 22505
22505 13242 21363
13242 21363 22505
29673 12339 24012
12339 24012 29673
24012 12339 29673
18329 9845 21519
9845 18329 21519
21519 9845 18329
24648 4024 26613
4024 24648 26613
26613 4024 24648
21506 15820 19453
15820 19453 21506
19453 15820 21506
14020 7582 24212
24212 7582 14020
7582 14020 24212
17270 4417 20087
4417 17270 20087
20087 4417 17270
16888 11098 23895
11098 16888 23895
23895 11098 16888
11151 17545 23924
17545 11151 23924
23924 11151 17545
6572 500 23138
23138 500 6572
500 6572 23138
21008 20574 29473
20574 21008 29473
29473 20574 21008
25082 19609 28517
28517 19609 25082
19609 25082 28517
10119 9131 14328
14328 9131 10119
9131 10119 14328
1090 13881 27695
13881 1090 27695
27695 1090 13881
13345 5436 11830
5436 11830 13345
11830 5436 13345
1085 12689 20037
20037 1085 12689
12689 1085 20037
25518 5015 12913
5015 12913 25518
12913 5015 25518
28727 20377 20472
20377 20472 28727
20472 20377 28727
15816 5171 19713
19713 5171 15816
5171 15816 19713
13708 11496 26701
26701 11496 13708
11496 13708 26701
4804 3764 17972
17972 3764 4804
3764 4804 17972
6784 1373 9255
9255 1373 6784
1373 6784 9255
11268 1365 13939
1365 11268 13939
13939 1365 11268
9896 21888 24991
24991 9896 21888
21888 9896 24991
1402 6682 22829
22829 1402 6682
6682 1402 22829
28549 26744 26812
26744 26812 28549
26812 26744 28549
26739 5843 6192
6192 5843 26739
5843 6192 26739
7850 18762 24936
18762 7850 24936
24936 7850 18762
17559 35 678
678 35 17559
35 678 17559
17345 5266 29288
5266 17345 29288
29288 5266 17345
24872 7822 11865
11865 7822 24872
7822 11865 24872
27724 15007 28788
28788 15007 27724
15007 27724 28788
22366 9916 11687
9916 11687 22366
11687 9916 22366
13923 17951 27696
27696 13923 17951
17951 13923 27696
26907 2473 8725
2473 8725 26907
8725 2473 26907
3626 922 4627
4627 922 3626
922 3626 4627
651 22122 23533
23533 651 22122
22122 651 23533
5936 10263 24669
10263 5936 24669
24669 5936 10263
21448 13925 23650
23650 13925 21448
13925 21448 23650
20399 11043 12343
11043 12343 20399
12343 11043 20399
1139 885 28219
885 1139 28219
28219 885 1139
25262 9951 20174
20174 9951 25262
9951 20174 25262
18513 1943 4640
1943 4640 18513
4640 1943 18513
21900 2117 29639
2117 21900 29639
29639 2117 21900
26542 21074 21285
21074 21285 26542
21285 21074 26542
14526 12239 19311
12239 14526 19311
19311 12239 14526
19555 26457 29769
26457 19555 29769
29769 19555 26457
25810 13565 19076
19076 13565 25810
13565 19076 25810
20578 7999 25457
25457 7999 20578
7999 20578 25457
5943 1435 25393
1435 5943 25393
25393 1435 5943
24020 1062 24302
1062 24020 24302
24302 1062 24020
17190 19562 19623
19623 17190 19562
19562 17190 19623
16889 12331 23025
12331 16889 23025
23025 12331 16889
14796 17367 18976
18976 14796 17367
17367 14796 18976
10417 11084 22029
22029 10417 11084
11084 10417 22029
9374 12625 14549
14549 9374 12625
12625 9374 14549
20753 1162 28785
1162 20753 28785
28785 1162 20753
315 18954 29169
18954 315 29169
29169 315 18954
10428 16315 22274
22274 10428 16315
16315 10428 22274
18667 900 1593
900 1593 18667
1593 900 18667
24910 10479 15971
15971 10479 24910
10479 15971 24910
5447 2249 20291
20291 2249 5447
2249 5447 20291
17162 13361 22968
22968 13361 17162
13361 17162 22968
22852 2263 12096
2263 12096 22852
12096 2263 22852
5121 13828 15803
13828 5121 15803
15803 5121 13828
7961 4452 24875
4452 7961 24875
24875 4452 7961
22912 2856 15092
15092 2856 22912
2856 15092 22912
5290 12613 23061
23061 5290 12613
12613 5290 23061
14889 23315 24605
23315 14889 24605
24605 14889 23315
20973 6885 9585
9585 6885 20973
6885 9585 20973
11777 20769 29303
20769 11777 29303
29303 11777 20769
14953 7987 21648
7987 14953 21648
21648 7987 14953
22103 9269 16564
16564 9269 22103
9269 16564 22103
10828 8497 10375
10375 8497 10828
8497 10375 10828
2279 3516 26273
3516 2279 26273
26273 2279 3516
4179 5574 6512
5574 4179 6512
6512 4179 5574
6839 18100 18584
18584 6839 18100
18100 6839 18584
14284 2847 8678
2847 8678 14284
8678 2847 14284
4564 5764 21932
21932 4564 5764
5764 4564 21932
2909 2581 13229
2581 2909 13229
13229 2581 2909
24976 26085 28130
26085 24976 28130
28130 24976 26085
5608 24156 24459
24459 5608 24156
24156 5608 24459
9233 23200 27950
27950 9233 23200
23200 9233 27950
24396 4408 4512
4408 4512 24396
4512 4408 24396
10212 3440 13061
13061 3440 10212
3440 10212 13061
18691 4469 26006
26006 4469 18691
4469 18691 26006
24449 15936 28959
15936 24449 28959
28959 15936 24449
21479 9099 19587
19587 9099 21479
9099 19587 21479
19013 8610 17548
17548 8610 19013
8610 17548 19013
26616 13163 16819
13163 16819 26616
16819 13163 26616
9825 11262 19106
19106 9825 11262
11262 9825 19106
15363 3223 18721
18721 3223 15363
3223 15363 18721
10984 10261 11521
11521 10261 10984
10261 10984 11521
586 3073 10282
10282 586 3073
3073 586 10282
269 330 7539
330 269 7539
7539 269 330
29634 27340 27628
27340 27628 29634
27628 27340 29634
8605 2221 5946
2221 5946 8605
5946 2221 8605
1408 6052 10361
10361 1408 6052
6052 1408 10361
13108 14859 15680
14859 13108 15680
15680 13108 14859
9521 6464 11633
6464 9521 11633
11633 6464 9521
20512 18457 29720
18457 20512 29720
29720 18457 20512
16448 17946 29876
17946 16448 29876
29876 16448 17946
22605 18003 29216
29216 18003 22605
18003 22605 29216
25411 13131 26736
26736 13131 25411
13131 25411 26736
19429 13702 22711
13702 19429 22711
22711 13702 19429
8220 5075 21093
21093 5075 8220
5075 8220 21093
17072 26412 29986
26412 17072 29986
29986 17072 26412
18684 6294 29191
6294 18684 29191
29191 6294 18684
8718 3085 29256
29256 3085 8718
3085 8718 29256
1482 10112 28678
28678 1482 10112
10112 1482 28678
8056 24923 27904
27904 8056 24923
24923 8056 27904
5891 20678 21144
20678 5891 21144
21144 5891 20678
16708 19978 28919
28919 16708 19978
19978 16708 28919
14998 12008 14781
14781 12008 14998
12008 14781 14998
10223 2129 8141
2129 8141 10223
8141 2129 10223
15233 12882 14043
14043 12882 15233
12882 14043 15233
3058 18168 27111
18168 3058 27111
27111 3058 18168
25126 10452 19494
10452 19494 25126
19494 10452 25126
14518 17116 19507
19507 14518 17116
17116 14518 19507
18665 5434 11446
11446 5434 18665
5434 11446 18665
12672 12300 14276
14276 12300 12672
12300 12672 14276
115 28403 29328
29328 115 28403
28403 115 29328
23101 10955 12833
10955 12833 23101
12833 10955 23101
9252 6178 26395
6178 9252 26395
26395 6178 9252
10681 6037 18084
6037 10681 18084
18084 6037 10681
6988 4591 25552
25552 4591 6988
4591 6988 25552
16405 18959 19730
18959 16405 19730
19730 16405 18959
14357 977 29552
29552 977 14357
977 14357 29552
1607 13512 23726
23726 1607 13512
13512 1607 23726
13541 9154 11814
9154 11814 13541
11814 9154 13541
26970 1157 14770
1157 14770 26970
14770 1157 26970
246 5120 28280
5120 246 28280
28280 246 5120
26851 5236 7948
5236 7948 26851
7948 5236 26851
23907 18232 25511
18232 23907 25511
25511 18232 23907
19810 5715 20822
20822 5715 19810
5715 19810 20822
9946 3757 15068
15068 3757 9946
3757 9946 15068
5081 25150 26501
26501 5081 25150
25150 5081 26501
11755 1969 10873
1969 10873 11755
10873 1969 11755
183 16433 17118
17118 183 16433
16433 183 17118
15765 14088 16495
14088 15765 16495
16495 14088 15765
23217 4413 19398
19398 4413 23217
4413 19398 23217
13602 20057 29485
20057 13602 29485
29485 13602 20057
24786 10340 11337
11337 10340 24786
10340 11337 24786
7953 15130 20827
15130 7953 20827
20827 7953 15130
19900 6187 7911
6187 7911 19900
7911 6187 19900
7445 12144 13118
12144 7445 13118
13118 7445 12144
26248 8857 28593
28593 8857 26248
8857 26248 28593
5575 19255 28586
28586 5575 19255
19255 5575 28586
14708 8327 27455
27455 8327 14708
8327 14708 27455
15183 4557 20816
4557 15183 20816
20816 4557 15183
3683 8016 28763
28763 3683 8016
8016 3683 28763
17168 17413 29148
29148 17168 17413
17413 17168 29148
27452 3650 18846
18846 3650 27452
3650 18846 27452
28452 12888 15014
12888 15014 28452
15014 12888 28452
25822 6299 19979
19979 6299 25822
6299 19979 25822
24776 21016 21033
21033 21016 24776
21016 21033 24776
5503 1917 24842
1917 5503 24842
24842 1917 5503
13347 1240 15609
15609 1240 13347
1240 13347 15609
26138 10174 27222
27222 10174 26138
10174 26138 27222
22788 1312 22842
1312 22788 22842
22842 1312 22788
19840 1606 14324
1606 14324 19840
14324 1606 19840
24039 14449 16737
16737 14449 24039
14449 16737 24039
1892 15714 16751
16751 1892 15714
15714 1892 16751
4701 4735 27708
27708 4701 4735
4735 4701 27708
4850 12521 18247
12521 4850 18247
18247 4850 12521
28862 20056 28365
28365 20056 28862
20056 28365 28862
11844 20262 25843
25843 11844 20262
20262 11844 25843
6508 2300 27973
2300 6508 27973
27973 2300 6508
6653 3663 6387
3663 6387 6653
6387 3663 6653
5226 13039 29120
13039 5226 29120
29120 5226 13039
29709 7402 27891
27891 7402 29709
7402 27891 29709
4022 829 27467
27467 829 4022
829 4022 27467
2775 11 29696
11 2775 29696
29696 11 2775
28089 17267 28161
17267 28089 28161
28161 17267 28089
19272 12614 18913
12614 18913 19272
18913 12614 19272
12760 25038 26625
26625 12760 25038
25038 12760 26625
16577 2307 8066
2307 8066 16577
8066 2307 16577
20364 3692 5260
5260 3692 20364
3692 5260 20364
19023 13487 24289
13487 19023 24289
24289 13487 19023
719 10798 14279
10798 719 14279
14279 719 10798
24839 11511 16923
11511 16923 24839
16923 11511 24839
7036 8254 15951
15951 7036 8254
8254 7036 15951
13483 3250 28168
3250 13483 28168
28168 3250 13483
14892 18128 26559
26559 14892 18128
18128 14892 26559
23615 3322 16821
3322 16821 23615
16821 3322 23615
8618 8005 20490
20490 8005 8618
8005 8618 20490
25227 3767 17405
3767 17405 25227
17405 3767 25227
1260 12724 15061
15061 1260 12724
12724 1260 15061
12037 8642 23859
23859 8642 12037
8642 12037 23859
10704 9206 25297
25297 9206 10704
9206 10704 25297
12500 2787 6822
6822 2787 12500
2787 6822 12500
19594 9250 18233
9250 18233 19594
18233 9250 19594
22032 6864 23263
23263 6864 22032
6864 22032 23263
2445 10693 26460
26460 2445 10693
10693 2445 26460
24626 20245 22291
20245 22291 24626
22291 20245 24626
23679 6811 13910
13910 6811 23679
6811 13910 23679
21800 5269 26737
5269 21800 26737
26737 5269 21800
3466 20737 22551
22551 3466 20737
20737 3466 22551
11434 13988 26776
26776 11434 13988
13988 11434 26776
17721 10487 21510
21510 10487 17721
10487 17721 21510
5759 3271 9926
3271 5759 9926
9926 3271 5759
24587 2340 5557
5557 2340 24587
2340 5557 24587
11578 20840 25623
20840 11578 25623
25623 11578 20840
28524 3841 26020
3841 26020 28524
26020 3841 28524
8106 8934 25028
8934 8106 25028
25028 8106 8934
27590 3632 24033
24033 3632 27590
3632 24033 27590
15934 399 9382
9382 399 15934
399 9382 15934
10113 824 26311
26311 824 10113
824 10113 26311
8031 15280 22925
15280 8031 22925
22925 8031 15280
18059 14647 24649
14647 18059 24649
24649 14647 18059
645 11526 21509
21509 645 11526
11526 645 21509
22246 4473 14299
14299 4473 22246
4473 14299 22246
10308 21152 26844
26844 10308 21152
21152 10308 26844
14060 9524 23250
9524 14060 23250
23250 9524 14060
17503 17717 23370
23370 17503 17717
17717 17503 23370
15209 11743 12260
12260 11743 15209
11743 12260 15209
14386 842 10986
842 10986 14386
10986 842 14386
6888 348 11354
348 6888 11354
11354 348 6888
25480 1686 12166
12166 1686 25480
1686 12166 25480
14042 19926 20278
19926 14042 20278
20278 14042 19926
14294 437 18456
437 14294 18456
18456 437 14294
23404 15079 25698
15079 23404 25698
25698 15079 23404
19847 7633 20725
7633 19847 20725
20725 7633 19847
24234 9905 22324
9905 22324 24234
22324 9905 24234
16140 15205 25989
25989 15205 16140
15205 16140 25989
13068 4133 17319
17319 4133 13068
4133 13068 17319
24664 6239 19378
6239 19378 24664
19378 6239 24664
22581 17975 18602
17975 18602 22581
18602 17975 22581
27209 523 13102
523 13102 27209
13102 523 27209
26777 13442 21216
21216 13442 26777
13442 21216 26777
28337 6809 26942
26942 6809 28337
6809 26942 28337
13549 15009 22109
15009 13549 22109
22109 13549 15009
21886 18013 27265
27265 18013 21886
18013 21886 27265
14974 6768 16134
6768 14974 16134
16134 6768 14974
2794 15290 24480
24480 2794 15290
15290 2794 24480
15651 17226 21373
21373 15651 17226
17226 15651 21373
7162 6597 24742
6597 7162 24742
24742 6597 7162
7878 7129 21224
7129 7878 21224
21224 7129 7878
16288 340 8219
8219 340 16288
340 8219 16288
15735 6901 28584
28584 6901 15735
6901 15735 28584
29912 23860 24831
23860 24831 29912
24831 23860 29912
22952 1137 13898
1137 13898 22952
13898 1137 22952
27468 18348 29883
18348 27468 29883
29883 18348 27468
476 10315 11207
11207 476 10315
10315 476 11207
1164 21067 24185
21067 1164 24185
24185 1164 21067
14769 6024 26672
26672 6024 14769
6024 14769 26672
10064 4090 14044
4090 10064 14044
14044 4090 10064
15833 19205 29961
19205 15833 29961
29961 15833 19205
1183 19309 20744
20744 1183 19309
19309 1183 20744
8345 14740 19042
14740 8345 19042
19042 8345 14740
15108 2729 3355
2729 3355 15108
3355 2729 15108
24854 14795 15740
15740 14795 24854
14795 15740 24854
28397 12360 17637
17637 12360 28397
12360 17637 28397
9571 3769 24943
3769 9571 24943
24943 3769 9571
6872 8102 22667
8102 6872 22667
22667 6872 8102
12061 25568 28184
28184 12061 25568
25568 12061 28184
13012 10530 25339
25339 10530 13012
10530 13012 25339
3815 1129 16153
16153 1129 3815
1129 3815 16153
9083 12060 25167
12060 9083 25167
25167 9083 12060
20222 2710 28686
28686 2710 20222
2710 20222 28686
6039 15356 26351
15356 6039 26351
26351 6039 15356
1327 8153 19441
19441 1327 8153
8153 1327 19441
27204 5340 22026
5340 22026 27204
22026 5340 27204
11422 12922 17497
12922 11422 17497
17497 11422 12922
8003 5187 14028
5187 8003 14028
14028 5187 8003
2415 7894 13505
13505 2415 7894
7894 2415 13505
25832 11623 26277
26277 11623 25832
11623 25832 26277
14218 5993 21189
5993 14218 21189
21189 5993 14218
762 6190 27998
27998 762 6190
6190 762 27998
14456 15550 16264
15550 14456 16264
16264 14456 15550
5106 1180 18089
1180 5106 18089
18089 1180 5106
23625 12430 17740
12430 17740 23625
17740 12430 23625
5592 11250 15761
11250 5592 15761
15761 5592 11250
18319 72 21542
72 18319 21542
21542 72 18319
17436 12385 29631
12385 17436 29631
29631 12385 17436
14487 8520 14264
14264 8520 14487
8520 14264 14487
15082 15118 18302
18302 15082 15118
15118 15082 18302
22706 2421 15443
15443 2421 22706
2421 15443 22706
22152 26256 28080
28080 22152 26256
26256 22152 28080
28608 1434 28351
28351 1434 28608
1434 28351 28608
955 13771 21916
13771 955 21916
21916 955 13771
3702 21700 25895
25895 3702 21700
21700 3702 25895
13518 13635 15493
13635 13518 15493
15493 13518 13635
10453 12215 18600
12215 10453 18600
18600 10453 12215
2483 23469 29442
29442 2483 23469
23469 2483 29442
12069 81 9877
81 9877 12069
9877 81 12069
2490 13513 19723
13513 2490 19723
19723 2490 13513
13151 3933 23694
23694 3933 13151
3933 13151 23694
10292 5497 28422
5497 10292 28422
28422 5497 10292
21591 6446 11670
11670 6446 21591
6446 11670 21591
16487 3974 4517
4517 3974 16487
3974 4517 16487
25683 5528 16827
16827 5528 25683
5528 16827 25683
4371 1027 18503
1027 4371 18503
18503 1027 4371
23719 9915 16679
16679 9915 23719
9915 16679 23719
6851 6220 22341
22341 6220 6851
6220 6851 22341
8332 22410 29580
22410 8332 29580
29580 8332 22410
6126 11761 23080
23080 6126 11761
11761 6126 23080
6236 1956 26464
26464 1956 6236
1956 6236 26464
10489 592 17012
592 10489 17012
17012 592 10489
2367 8741 11639
8741 2367 11639
11639 2367 8741
20155 7274 13528
13528 7274 20155
7274 13528 20155
22663 2376 7829
2376 7829 22663
7829 2376 22663
28252 10338 16817
16817 10338 28252
10338 16817 28252
5910 9770 20105
20105 5910 9770
9770 5910 20105
3527 4626 11358
11358 3527 4626
4626 3527 11358
17829 3115 15140
15140 3115 17829
3115 15140 17829
10569 6392 25309
6392 10569 25309
25309 6392 10569
28631 390 17130
390 17130 28631
17130 390 28631
21745 20503 29672
29672 20503 21745
20503 21745 29672
17374 12101 28767
28767 12101 17374
12101 17374 28767
6411 10687 16483
10687 6411 16483
16483 6411 10687
18550 4545 7425
7425 4545 18550
4545 7425 18550
26863 17035 23959
23959 17035 26863
17035 23959 26863
21536 14564 18658
18658 14564 21536
14564 18658 21536
1059 1985 12120
12120 1059 1985
1985 1059 12120
29038 4781 6556
6556 4781 29038
4781 6556 29038
1670 151 25316
151 1670 25316
25316 151 1670
8170 5967 14313
14313 5967 8170
5967 8170 14313
26818 9543 11115
11115 9543 26818
9543 11115 26818
25955 1620 24388
24388 1620 25955
1620 24388 25955
654 10249 11310
10249 654 11310
11310 654 10249
18163 18271 18335
18271 18163 18335
18335 18163 18271
23431 2317 19035
2317 19035 23431
19035 2317 23431
11149 8143 12302
8143 11149 12302
12302 8143 11149
16234 8078 11637
8078 11637 16234
11637 8078 16234
12598 6842 18491
18491 6842 12598
6842 12598 18491
26260 10934 19967
19967 10934 26260
10934 19967 26260
8996 16445 18987
16445 8996 18987
18987 8996 16445
25418 14737 17414
17414 14737 25418
14737 17414 25418
13133 3778 6598
3778 6598 13133
6598 3778 13133
14608 9832 10320
9832 10320 14608
10320 9832 14608
19782 4704 16449
4704 16449 19782
16449 4704 19782
25855 3236 27074
27074 3236 25855
3236 25855 27074
478 120 2398
120 478 2398
2398 120 478
8891 6595 10885
6595 8891 10885
10885 6595 8891
2467 945 29957
945 2467 29957
29957 945 2467
17554 11820 20276
20276 11820 17554
11820 17554 20276
27498 457 12121
457 12121 27498
12121 457 27498
17457 7125 25723
7125 17457 25723
25723 7125 17457
18509 6780 19703
19703 6780 18509
6780 18509 19703
12125 2276 2469
2469 2276 12125
2276 2469 12125
22704 9362 22819
9362 22704 22819
22819 9362 22704
16628 1929 10626
1929 10626 16628
10626 1929 16628
11613 4122 28765
28765 4122 11613
4122 11613 28765
7734 9043 19798
9043 7734 19798
19798 7734 9043
25305 22156 27337
22156 25305 27337
27337 22156 25305
2995 12852 14162
14162 2995 12852
12852 2995 14162
25540 2530 24047
24047 2530 25540
2530 24047 25540
5122 12877 24915
12877 5122 24915
24915 5122 12877
27302 25701 26721
26721 25701 27302
25701 26721 27302
21436 14799 16769
16769 14799 21436
14799 16769 21436
29358 15840 23191
15840 23191 29358
23191 15840 29358
16791 17620 21405
21405 16791 17620
17620 16791 21405
20790 6420 28308
28308 6420 20790
6420 20790 28308
22934 36 15121
15121 36 22934
36 15121 22934
487 12690 23538
12690 487 23538
23538 487 12690
4732 3226 25061
3226 4732 25061
25061 3226 4732
21982 7599 22579
7599 21982 22579
22579 7599 21982
28644 27029 28535
27029 28535 28644
28535 27029 28644
662 15906 19376
15906 662 19376
19376 662 15906
19595 25109 27756
25109 19595 27756
27756 19595 25109
2098 15842 27077
15842 2098 27077
27077 2098 15842
6557 6364 13353
6364 6557 13353
13353 6364 6557
622 5228 28015
28015 622 5228
5228 622 28015
9660 14329 25320
25320 9660 14329
14329 9660 25320
12199 16262 17096
17096 12199 16262
16262 12199 17096
21718 1478 16255
16255 1478 21718
1478 16255 21718
9655 8915 27103
8915 9655 27103
27103 8915 9655
20120 10202 25243
10202 20120 25243
25243 10202 20120
981 12745 25930
25930 981 12745
12745 981 25930
693 17238 19828
19828 693 17238
17238 693 19828
2657 11937 16266
16266 2657 11937
11937 2657 16266
14509 1749 10168
10168 1749 14509
1749 10168 14509
5460 8506 24685
8506 5460 24685
24685 5460 8506
13360 16252 25633
25633 13360 16252
16252 13360 25633
25747 7494 25980
25980 7494 25747
7494 25747 25980
15230 13293 17151
13293 15230 17151
17151 13293 15230
29291 1273 21014
1273 21014 29291
21014 1273 29291
14994 1336 8117
8117 1336 14994
1336 8117 14994
11420 12114 20937
12114 11420 20937
20937 11420 12114
24344 4868 19656
19656 4868 24344
4868 19656 24344
12082 27292 28897
28897 12082 27292
27292 12082 28897
12688 1576 5551
1576 5551 12688
5551 1576 12688
7107 17525 21192
17525 7107 21192
21192 7107 17525
18567 3644 6102
6102 3644 18567
3644 6102 18567
10802 8588 16000
8588 10802 16000
16000 8588 10802
5615 3593 22375
22375 3593 5615
3593 5615 22375
22536 3780 26247
26247 3780 22536
3780 22536 26247
5582 2002 6668
6668 2002 5582
2002 5582 6668
24318 5878 17233
17233 5878 24318
5878 17233 24318
26508 4976 25302
25302 4976 26508
4976 25302 26508
28965 22527 26506
26506 22527 28965
22527 26506 28965
3584 716 9962
716 3584 9962
9962 716 3584
3833 6084 17779
6084 3833 17779
17779 3833 6084
14059 20847 23851
23851 14059 20847
20847 14059 23851
29846 7481 18617
7481 18617 29846
18617 7481 29846
3645 5808 20287
20287 3645 5808
5808 3645 20287
10754 5204 7810
5204 7810 10754
7810 5204 10754
24079 4803 14989
14989 4803 24079
4803 14989 24079
28778 9026 29405
29405 9026 28778
9026 28778 29405
20069 9869 19823
9869 19823 20069
19823 9869 20069
24280 22048 29598
22048 24280 29598
29598 22048 24280
21809 18825 21058
18825 21058 21809
21058 18825 21809
22445 2804 5748
5748 2804 22445
2804 5748 22445
17155 7545 29061
29061 7545 17155
7545 17155 29061
4395 17510 24517
17510 4395 24517
24517 4395 17510
26657 564 7892
564 7892 26657
7892 564 26657
14200 17626 20229
17626 14200 20229
20229 14200 17626
1625 9095 22500
22500 1625 9095
9095 1625 22500
26266 7280 7496
7496 7280 26266
7280 7496 26266
29266 4895 22528
22528 4895 29266
4895 22528 29266
29851 3536 21230
3536 21230 29851
21230 3536 29851
16850 14070 18052
14070 16850 18052
18052 14070 16850
17266 25398 26993
26993 17266 25398
25398 17266 26993
28376 8595 28362
28362 8595 28376
8595 28362 28376
4759 10533 11550
11550 4759 10533
10533 4759 11550
13948 5745 18375
5745 13948 18375
18375 5745 13948
17939 7622 9263
9263 7622 17939
7622 9263 17939
1246 12570 14114
12570 1246 14114
14114 1246 12570
6287 18909 25465
25465 6287 18909
18909 6287 25465
26778 562 18134
562 18134 26778
18134 562 26778
24782 9124 16945
16945 9124 24782
9124 16945 24782
25202 5855 23293
5855 23293 25202
23293 5855 25202
20251 25278 27765
25278 20251 27765
27765 20251 25278
22637 9505 21995
21995 9505 22637
9505 21995 22637
3964 22265 22764
22265 3964 22764
22764 3964 22265
12489 15253 24546
15253 12489 24546
24546 12489 15253
18327 3597 19472
3597 18327 19472
19472 3597 18327
26068 13689 15060
13689 15060 26068
15060 13689 26068
3402 3162 29805
3162 3402 29805
29805 3162 3402
24850 18453 25382
18453 24850 25382
25382 18453 24850
25268 3811 23948
3811 23948 25268
23948 3811 25268
20202 23493 24992
23493 20202 24992
24992 20202 23493
24817 20478 29571
29571 20478 24817
20478 24817 29571
17887 6566 18797
6566 17887 18797
18797 6566 17887
11650 12027 13837
13837 11650 12027
12027 11650 13837
23 4439 4719
4719 23 4439
4439 23 4719
15436 12483 20542
20542 12483 15436
12483 15436 20542
22225 5593 10454
10454 5593 22225
5593 10454 22225
15291 4468 22790
4468 15291 22790
22790 4468 15291
237 6887 19215
19215 237 6887
6887 237 19215
10391 5007 28237
28237 5007 10391
5007 10391 28237
15682 17698 20211
17698 15682 20211
20211 15682 17698
12708 17490 26868
17490 12708 26868
26868 12708 17490
4824 3913 12359
3913 4824 12359
12359 3913 4824
15530 3144 19527
3144 15530 19527
19527 3144 15530
9204 10826 12929
12929 9204 10826
10826 9204 12929
11988 19391 21943
19391 11988 21943
21943 11988 19391
5441 1508 25824
25824 1508 5441
1508 5441 25824
26820 23604 28833
23604 26820 28833
28833 23604 26820
29437 19178 26130
19178 26130 29437
26130 19178 29437
27728 2096 24762
2096 24762 27728
24762 2096 27728
6185 14871 19381
19381 6185 14871
14871 6185 19381
29492 475 1740
1740 475 29492
475 1740 29492
21450 7057 14621
7057 14621 21450
14621 7057 21450
1653 7315 14341
14341 1653 7315
7315 1653 14341
23815 23954 25515
25515 23815 23954
23954 23815 25515
21561 8063 26747
8063 21561 26747
26747 8063 21561
14159 846 11107
846 11107 14159
11107 846 14159
22086 12230 23646
23646 12230 22086
12230 22086 23646
7991 20252 28288
20252 7991 28288
28288 7991 20252
19216 5872 23776
23776 5872 19216
5872 19216 23776
22749 6004 26567
26567 6004 22749
6004 22749 26567
10167 17175 19901
17175 10167 19901
19901 10167 17175
19206 351 24717
24717 351 19206
351 19206 24717
17567 20768 22347
20768 17567 22347
22347 17567 20768
12630 2345 14165
2345 12630 14165
14165 2345 12630
17057 10455 20727
20727 10455 17057
10455 17057 20727
13159 9812 22449
22449 9812 13159
9812 13159 22449
25499 13547 23240
23240 13547 25499
13547 23240 25499
21914 5731 17018
17018 5731 21914
5731 17018 21914
5407 7479 21487
7479 5407 21487
21487 5407 7479
12187 1195 15822
1195 12187 15822
15822 1195 12187
25266 12475 14368
12475 14368 25266
14368 12475 25266
149 1278 23947
1278 149 23947
23947 149 1278
19503 22561 23180
22561 19503 23180
23180 19503 22561
5182 8245 25247
8245 5182 25247
25247 5182 8245
2390 3046 8685
3046 2390 8685
8685 2390 3046
17321 14395 19548
19548 14395 17321
14395 17321 19548
25617 101 4339
101 4339 25617
4339 101 25617
21799 636 23782
23782 636 21799
636 21799 23782
11591 3816 10886
3816 10886 11591
10886 3816 11591
10608 6351 27971
27971 6351 10608
6351 10608 27971
3577 22772 22932
22932 3577 22772
22772 3577 22932
22583 9921 22402
9921 22402 22583
22402 9921 22583
8641 14511 23087
14511 8641 23087
23087 8641 14511
25327 13582 18970
13582 18970 25327
18970 13582 25327
15346 4043 6545
6545 4043 15346
4043 6545 15346
892 1604 28410
28410 892 1604
1604 892 28410
6537 3818 16714
16714 3818 6537
3818 6537 16714
18113 24288 24620
24620 18113 24288
24288 18113 24620
22307 22564 24282
22564 22307 24282
24282 22307 22564
21250 20285 24471
24471 20285 21250
20285 21250 24471
16344 12798 27947
27947 12798 16344
12798 16344 27947
6022 5598 5923
5923 5598 6022
5598 5923 6022
1914 19777 28424
28424 1914 19777
19777 1914 28424
11419 16500 24499
16500 11419 24499
24499 11419 16500
29467 25027 29641
25027 29467 29641
29641 25027 29467
23481 1651 2413
1651 2413 23481
2413 1651 23481
5853 20554 26833
20554 5853 26833
26833 5853 20554
12571 13057 25294
13057 12571 25294
25294 12571 13057
9902 26184 26245
26184 9902 26245
26245 9902 26184
17104 13527 24263
24263 13527 17104
13527 17104 24263
23183 16984 23603
16984 23183 23603
23603 16984 23183
14107 20509 26589
26589 14107 20509
20509 14107 26589
23464 15663 21688
15663 21688 23464
21688 15663 23464
12926 13618 14599
14599 12926 13618
13618 12926 14599
14093 7956 18631
7956 14093 18631
18631 7956 14093
26324 11254 17563
17563 11254 26324
11254 17563 26324
21166 6275 27438
27438 6275 21166
6275 21166 27438
1031 14551 16591
14551 1031 16591
16591 1031 14551
14176 17056 20101
17056 14176 20101
20101 14176 17056
1319 18324 28043
18324 1319 28043
28043 1319 18324
8765 21681 22876
21681 8765 22876
22876 8765 21681
22179 9373 28786
9373 22179 28786
28786 9373 22179
6081 4556 26099
26099 4556 6081
4556 6081 26099
10822 3951 12636
12636 3951 10822
3951 10822 12636
18569 11976 17668
17668 11976 18569
11976 17668 18569
22161 12830 20447
12830 20447 22161
20447 12830 22161
15880 2682 3295
3295 2682 15880
2682 3295 15880
7273 278 8554
8554 278 7273
278 7273 8554
22999 12155 27286
27286 12155 22999
12155 22999 27286
268 6865 17397
17397 268 6865
6865 268 17397
3160 23887 26015
26015 3160 23887
23887 3160 26015
12717 19252 19760
19252 12717 19760
19760 12717 19252
20132 5213 24544
24544 5213 20132
5213 20132 24544
6898 11570 12973
12973 6898 11570
11570 6898 12973
15996 2567 6993
6993 2567 15996
2567 6993 15996
8886 1966 21106
1966 8886 21106
21106 1966 8886
21026 1744 8442
1744 8442 21026
8442 1744 21026
3954 12030 20425
12030 3954 20425
20425 3954 12030
8142 9788 23064
9788 8142 23064
23064 8142 9788
28636 1468 4203
1468 4203 28636
4203 1468 28636
10814 1048 16505
1048 10814 16505
16505 1048 10814
24768 22794 27916
22794 24768 27916
27916 22794 24768
21518 7254 8603
7254 8603 21518
8603 7254 21518
9458 1751 12917
1751 9458 12917
12917 1751 9458
4351 14030 28553
14030 4351 28553
28553 4351 14030
13808 14756 20378
14756 13808 20378
20378 13808 14756
6263 19627 28679
19627 6263 28679
28679 6263 19627
3411 20974 29130
29130 3411 20974
20974 3411 29130
23149 23155 25385
25385 23149 23155
23155 23149 25385
22582 10309 19482
19482 10309 22582
10309 19482 22582
28503 5173 28925
28925 5173 28503
5173 28503 28925
6712 21066 29704
29704 6712 21066
21066 6712 29704
1236 6385 17872
17872 1236 6385
6385 1236 17872
6109 8805 15723
8805 6109 15723
15723 6109 8805
3846 18102 20590
20590 3846 18102
18102 3846 20590
19485 1946 18193
18193 1946 19485
1946 18193 19485
3479 21597 29811
29811 3479 21597
21597 3479 29811
19462 1166 16680
1166 16680 19462
16680 1166 19462
13721 4711 8939
4711 8939 13721
8939 4711 13721
21219 6189 17484
17484 6189 21219
6189 17484 21219
3738 12308 18777
12308 3738 18777
18777 3738 12308
963 10374 12010
12010 963 10374
10374 963 12010
18350 23698 29962
29962 18350 23698
23698 18350 29962
17664 5802 8036
5802 8036 17664
8036 5802 17664
9892 20882 29800
29800 9892 20882
20882 9892 29800
12265 6490 6603
6603 6490 12265
6490 6603 12265
23937 8487 18879
18879 8487 23937
8487 18879 23937
4978 4779 17091
17091 4779 4978
4779 4978 17091
7568 807 1132
807 1132 7568
1132 807 7568
27324 724 7803
724 7803 27324
7803 724 27324
4120 790 29109
790 4120 29109
29109 790 4120
11379 9560 26520
26520 9560 11379
9560 11379 26520
21348 6373 6374
6374 6373 21348
6373 6374 21348
23664 17874 22722
17874 22722 23664
22722 17874 23664
345 12626 13956
12626 345 13956
13956 345 12626
9447 9355 16207
9355 9447 16207
16207 9355 9447
16750 19938 24145
19938 16750 24145
24145 16750 19938
16103 19725 24557
19725 16103 24557
24557 16103 19725
21411 8546 17935
8546 17935 21411
17935 8546 21411
7366 404 11483
404 7366 11483
11483 404 7366
9666 10743 25356
25356 9666 10743
10743 9666 25356
7267 3515 15115
15115 3515 7267
3515 7267 15115
4736 7943 25870
25870 4736 7943
7943 4736 25870
9192 19382 24155
19382 9192 24155
24155 9192 19382
991 7936 20260
20260 991 7936
7936 991 20260
4257 7941 22945
7941 4257 22945
22945 4257 7941
6136 1724 3685
1724 3685 6136
3685 1724 6136
25913 2457 8030
8030 2457 25913
2457 8030 25913
1322 6093 15207
15207 1322 6093
6093 1322 15207
20831 1546 12091
1546 12091 20831
12091 1546 20831
