103 4 249
4 103 249
249 4 103
183 34 231
231 34 183
34 183 231
63 98 300
98 63 300
300 63 98
47 44 89
44 47 89
89 44 47
200 36 298
36 200 298
298 36 200
211 111 252
252 111 211
111 211 252
35 232 268
268 35 232
232 35 268
117 11 213
11 117 213
213 11 117
202 26 154
154 26 202
26 154 202
266 42 265
42 265 266
265 42 266
33 24 261
24 33 261
261 24 33
169 180 205
205 169 180
180 169 205
48 224 257
224 48 257
257 48 224
53 40 187
40 53 187
187 40 53
164 95 235
235 95 164
95 164 235
28 61 286
61 28 286
286 28 61
175 107 115
115 107 175
107 115 175
262 136 272
272 136 262
136 262 272
199 84 201
84 199 201
201 84 199
46 126 165
126 46 165
165 46 126
20 49 110
110 20 49
49 20 110
290 160 278
278 160 290
160 278 290
281 139 174
139 174 281
174 139 281
72 54 156
54 72 156
156 54 72
52 190 191
190 52 191
191 52 190
196 118 147
118 147 196
147 118 196
254 105 170
170 105 254
105 170 254
108 83 184
184 83 108
83 108 184
163 80 215
215 80 163
80 163 215
204 119 145
119 145 204
145 119 204
132 9 104
104 9 132
9 104 132
198 125 149
125 149 198
149 125 198
55 131 212
212 55 131
131 55 212
161 81 121
81 121 161
121 81 161
144 2 270
2 144 270
270 2 144
186 90 294
90 186 294
294 90 186
12 100 162
100 12 162
162 12 100
3 222 243
222 3 243
243 3 222
122 206 260
260 122 206
206 122 260
275 85 263
85 263 275
263 85 275
142 237 279
279 142 237
237 142 279
288 138 246
246 138 288
138 246 288
60 16 188
188 16 60
16 60 188
19 176 181
176 19 181
181 19 176
17 13 71
71 13 17
13 17 71
283 140 171
171 140 283
140 171 283
194 92 285
92 194 285
285 92 194
76 99 158
99 76 158
158 76 99
274 128 209
209 128 274
128 209 274
22 106 189
106 22 189
189 22 106
135 29 276
29 135 276
276 29 135
73 277 287
277 73 287
287 73 277
214 133 141
133 141 214
141 133 214
151 10 74
10 74 151
74 10 151
267 59 112
112 59 267
59 112 267
7 50 256
256 7 50
50 7 256
39 64 96
64 39 96
96 39 64
297 41 159
41 159 297
159 41 297
255 248 299
248 255 299
299 248 255
146 32 86
32 86 146
86 32 146
1 68 178
68 1 178
178 1 68
227 21 271
271 21 227
21 227 271
292 114 259
114 259 292
259 114 292
69 5 78
78 5 69
5 69 78
221 91 127
91 127 221
127 91 221
208 25 27
25 27 208
27 25 208
225 185 245
245 185 225
185 225 245
192 155 291
155 192 291
291 155 192
37 67 253
67 37 253
253 37 67
240 70 220
70 220 240
220 70 240
296 101 123
101 123 296
123 101 296
113 14 82
82 14 113
14 82 113
120 43 152
152 43 120
43 120 152
258 75 223
223 75 258
75 223 258
195 137 239
137 195 239
239 137 195
88 79 230
230 79 88
79 88 230
15 129 226
226 15 129
129 15 226
251 57 234
234 57 251
57 234 251
210 172 236
172 210 236
236 172 210
153 94 134
94 134 153
134 94 153
289 56 130
130 56 289
56 130 289
109 282 284
284 109 282
282 109 284
30 77 182
182 30 77
77 30 182
58 18 173
18 58 173
173 18 58
247 166 168
168 166 247
166 168 247
207 228 273
273 207 228
228 207 273
197 229 242
229 197 242
242 197 229
65 143 219
143 65 219
219 65 143
102 93 150
150 93 102
93 102 150
97 124 241
124 97 241
241 97 124
295 38 51
51 38 295
38 51 295
217 193 280
193 217 280
280 193 217
148 177 203
203 148 177
177 148 203
269 238 293
293 238 269
238 269 293
8 250 264
250 8 264
264 8 250
233 66 244
66 233 244
244 66 233
23 6 62
62 6 23
6 23 62
216 31 45
31 45 216
45 31 216
87 179 218
218 87 179
179 87 218
116 157 167
157 116 167
167 116 157
