189 202 265
202 189 265
265 189 202
87 21 213
213 21 87
21 87 213
91 219 287
287 91 219
219 91 287
28 2 78
2 28 78
78 2 28
102 13 279
13 102 279
279 13 102
62 154 267
154 62 267
267 62 154
199 173 249
249 173 199
173 199 249
157 25 263
263 25 157
25 157 263
7 29 220
220 7 29
29 7 220
288 72 89
72 89 288
89 72 288
152 11 273
273 11 152
11 152 273
5 41 121
41 5 121
121 5 41
6 224 264
264 6 224
224 6 264
190 4 259
259 4 190
4 190 259
115 47 211
47 115 211
211 47 115
20 129 168
129 20 168
168 20 129
250 108 166
108 166 250
166 108 250
167 174 266
174 167 266
266 167 174
268 176 237
176 237 268
237 176 268
269 65 162
162 65 269
65 162 269
148 15 117
15 117 148
117 15 148
131 158 239
158 131 239
239 131 158
270 93 94
93 94 270
94 93 270
68 120 185
185 68 120
120 68 185
194 10 170
170 10 194
10 170 194
59 149 253
149 59 253
253 59 149
139 137 138
138 137 139
137 138 139
208 77 101
77 101 208
101 77 208
172 70 161
161 70 172
70 161 172
135 35 74
74 35 135
35 74 135
147 125 252
252 125 147
125 147 252
88 43 141
43 88 141
141 43 88
206 143 205
205 143 206
143 205 206
16 95 182
95 16 182
182 16 95
40 60 231
60 40 231
231 40 60
155 105 283
105 155 283
283 105 155
160 24 146
146 24 160
24 146 160
81 103 186
186 81 103
103 81 186
156 255 294
255 156 294
294 156 255
46 52 300
52 46 300
300 46 52
295 34 61
34 61 295
61 34 295
57 48 165
48 57 165
165 48 57
254 14 293
14 254 293
293 14 254
298 107 225
225 107 298
107 225 298
241 3 85
85 3 241
3 85 241
275 127 218
127 218 275
218 127 275
229 26 299
299 26 229
26 229 299
222 230 289
289 222 230
230 222 289
187 53 242
242 53 187
53 187 242
1 90 126
126 1 90
90 1 126
198 73 284
73 198 284
284 73 198
66 100 164
164 66 100
100 66 164
32 27 49
49 27 32
27 32 49
98 44 245
44 98 245
245 44 98
22 163 235
163 22 235
235 22 163
114 128 179
179 114 128
128 114 179
244 233 278
233 244 278
278 233 244
151 209 243
209 151 243
243 151 209
248 37 96
37 96 248
96 37 248
142 58 122
122 58 142
58 122 142
92 175 246
175 92 246
246 92 175
116 50 75
50 75 116
75 50 116
281 104 238
104 238 281
238 104 281
258 19 150
19 150 258
150 19 258
30 12 38
38 12 30
12 30 38
18 134 217
134 18 217
217 18 134
8 178 226
226 8 178
178 8 226
232 42 271
42 232 271
271 42 232
86 67 83
67 83 86
83 67 86
63 113 140
113 63 140
140 63 113
216 82 227
82 216 227
227 82 216
290 171 277
171 277 290
277 171 290
193 9 136
9 136 193
136 9 193
276 55 297
297 55 276
55 276 297
203 124 181
181 124 203
124 181 203
97 201 291
291 97 201
201 97 291
236 159 207
159 207 236
207 159 236
210 79 274
274 79 210
79 210 274
197 123 212
212 123 197
123 197 212
188 39 228
39 188 228
228 39 188
23 17 296
17 23 296
296 17 23
153 112 196
112 153 196
196 112 153
84 247 272
247 84 272
272 84 247
45 260 286
286 45 260
260 45 286
223 64 262
64 223 262
262 64 223
110 144 234
144 110 234
234 110 144
191 195 292
195 191 292
292 191 195
71 99 261
261 71 99
99 71 261
80 119 221
221 80 119
119 80 221
33 109 251
251 33 109
109 33 251
76 177 200
200 76 177
177 76 200
184 180 285
180 184 285
285 180 184
106 36 240
36 106 240
240 36 106
280 192 204
192 204 280
204 192 280
215 54 111
111 54 215
54 111 215
183 169 256
169 183 256
256 169 183
56 257 282
257 56 282
282 56 257
31 51 69
51 31 69
69 31 51
145 132 214
214 132 145
132 145 214
118 130 133
130 118 133
133 118 130
