419 1013 1495
1495 419 1013
1013 419 1495
2150 1499 2904
1499 2150 2904
2904 1499 2150
1695 512 2699
512 1695 2699
2699 512 1695
2968 571 1073
1073 571 2968
571 1073 2968
825 204 2508
204 825 2508
2508 204 825
2939 1554 2458
2458 1554 2939
1554 2458 2939
2189 164 1453
1453 164 2189
164 1453 2189
2423 144 1115
144 1115 2423
1115 144 2423
475 831 1350
1350 475 831
831 475 1350
1718 1319 1443
1319 1443 1718
1443 1319 1718
2618 1784 2314
2314 1784 2618
1784 2314 2618
2241 407 1927
407 1927 2241
1927 407 2241
517 86 1220
1220 86 517
86 517 1220
895 1812 2232
1812 895 2232
2232 895 1812
965 847 1207
847 965 1207
1207 847 965
1414 947 1061
947 1061 1414
1061 947 1414
2559 31 424
424 31 2559
31 424 2559
2712 318 799
799 318 2712
318 799 2712
1951 465 1818
1818 465 1951
465 1818 1951
2943 2231 2686
2686 2231 2943
2231 2686 2943
168 856 2781
856 168 2781
2781 168 856
305 1906 2210
1906 305 2210
2210 305 1906
2186 706 1634
1634 706 2186
706 1634 2186
2422 1065 1121
1065 1121 2422
1121 1065 2422
431 1877 2909
1877 431 2909
2909 431 1877
1463 134 948
134 948 1463
948 134 1463
1122 458 2085
458 1122 2085
2085 458 1122
2633 2690 2820
2820 2633 2690
2690 2633 2820
2752 1759 2668
1759 2668 2752
2668 1759 2752
1110 353 2855
2855 353 1110
353 1110 2855
1114 1586 2867
2867 1114 1586
1586 1114 2867
2981 2045 2194
2045 2194 2981
2194 2045 2981
1118 1149 2596
2596 1118 1149
1149 1118 2596
692 544 2434
544 692 2434
2434 544 692
278 630 1727
1727 278 630
630 278 1727
621 42 1159
1159 42 621
42 621 1159
1125 496 1156
496 1125 1156
1156 496 1125
2862 708 924
708 924 2862
924 708 2862
1461 2061 2244
2244 1461 2061
2061 1461 2244
72 109 2483
109 72 2483
2483 72 109
975 1666 2535
1666 975 2535
2535 975 1666
269 624 2987
624 269 2987
2987 269 624
730 103 266
266 103 730
103 266 730
368 1253 1613
1613 368 1253
1253 368 1613
1480 1104 1815
1815 1104 1480
1104 1480 1815
669 742 2881
2881 669 742
742 669 2881
1625 2271 2886
2271 1625 2886
2886 1625 2271
2094 2460 2492
2460 2094 2492
2492 2094 2460
1524 63 2764
63 1524 2764
2764 63 1524
2997 1256 2893
2893 1256 2997
1256 2893 2997
1834 2697 2815
2697 1834 2815
2815 1834 2697
808 1336 2773
2773 808 1336
1336 808 2773
2919 141 940
940 141 2919
141 940 2919
1330 147 150
150 147 1330
147 150 1330
317 893 2166
893 317 2166
2166 317 893
2107 1884 2732
1884 2107 2732
2732 1884 2107
1019 622 1629
1629 622 1019
622 1019 1629
2964 117 2245
2245 117 2964
117 2245 2964
412 590 2462
590 412 2462
2462 412 590
2665 793 2174
793 2174 2665
2174 793 2665
1178 409 1203
1203 409 1178
409 1178 1203
682 104 1422
104 682 1422
1422 104 682
1745 41 728
728 41 1745
41 728 1745
1680 30 2906
2906 30 1680
30 1680 2906
1083 1691 2649
2649 1083 1691
1691 1083 2649
1539 2415 2953
2415 1539 2953
2953 1539 2415
1748 1277 1778
1277 1748 1778
1778 1277 1748
2438 1482 2595
2595 1482 2438
1482 2438 2595
1425 277 1486
1486 277 1425
277 1425 1486
271 1427 2735
2735 271 1427
1427 271 2735
2907 2247 2638
2638 2247 2907
2247 2638 2907
335 1510 1719
1719 335 1510
1510 335 1719
2491 503 2007
503 2007 2491
2007 503 2491
2054 2047 2922
2922 2047 2054
2047 2054 2922
2457 386 1913
1913 386 2457
386 1913 2457
557 47 997
997 47 557
47 557 997
1066 1681 2327
2327 1066 1681
1681 1066 2327
985 124 1413
124 985 1413
1413 124 985
2920 326 2216
326 2216 2920
2216 326 2920
1775 139 1278
139 1278 1775
1278 139 1775
2757 331 361
331 361 2757
361 331 2757
2009 236 1946
1946 236 2009
236 1946 2009
872 2302 2407
2407 872 2302
2302 872 2407
694 724 2426
2426 694 724
724 694 2426
1557 329 2696
329 1557 2696
2696 329 1557
1670 218 526
218 526 1670
526 218 1670
617 688 2936
688 617 2936
2936 617 688
2895 680 1060
680 1060 2895
1060 680 2895
2087 613 2934
2934 613 2087
613 2087 2934
36 1400 1564
1400 36 1564
1564 36 1400
775 417 2010
2010 417 775
417 775 2010
2083 1645 1843
1645 1843 2083
1843 1645 2083
857 751 2006
751 857 2006
2006 751 857
2555 1030 2723
1030 2555 2723
2723 1030 2555
2954 1193 1713
1193 1713 2954
1713 1193 2954
1218 1242 1896
1896 1218 1242
1242 1218 1896
1236 1170 1796
1170 1236 1796
1796 1170 1236
954 979 1525
979 954 1525
1525 954 979
1931 391 1804
391 1804 1931
1804 391 1931
1741 325 2585
2585 325 1741
325 1741 2585
820 1440 2888
1440 820 2888
2888 820 1440
2473 178 2093
2093 178 2473
178 2093 2473
2048 267 2756
267 2048 2756
2756 267 2048
1607 159 543
159 543 1607
543 159 1607
743 1107 2263
1107 743 2263
2263 743 1107
2114 536 2982
536 2114 2982
2982 536 2114
19 749 1001
1001 19 749
749 19 1001
1619 1624 2126
1624 1619 2126
2126 1619 1624
2201 772 1429
772 1429 2201
1429 772 2201
962 1674 2844
2844 962 1674
1674 962 2844
2995 684 2347
684 2347 2995
2347 684 2995
2818 1493 2236
1493 2236 2818
2236 1493 2818
2260 1243 2049
2049 1243 2260
1243 2049 2260
1050 380 874
380 874 1050
874 380 1050
990 873 2334
2334 873 990
873 990 2334
2527 1281 2515
2515 1281 2527
1281 2515 2527
2927 340 2266
2266 340 2927
340 2266 2927
1518 363 1076
1076 363 1518
363 1076 1518
1612 783 992
783 992 1612
992 783 1612
1917 127 2641
127 1917 2641
2641 127 1917
1903 559 1626
559 1626 1903
1626 559 1903
848 382 2392
2392 382 848
382 848 2392
606 2156 2975
2975 606 2156
2156 606 2975
720 2002 2549
2002 720 2549
2549 720 2002
1900 365 1172
1172 365 1900
365 1172 1900
2656 81 2999
81 2656 2999
2999 81 2656
819 1146 1457
1146 819 1457
1457 819 1146
1003 713 2480
713 1003 2480
2480 713 1003
2680 1225 1880
1225 1880 2680
1880 1225 2680
423 785 982
785 423 982
982 423 785
2278 229 2152
2152 229 2278
229 2152 2278
649 1103 2162
2162 649 1103
1103 649 2162
1721 652 2301
2301 652 1721
652 1721 2301
701 1781 2874
1781 701 2874
2874 701 1781
1792 545 626
626 545 1792
545 626 1792
283 1953 1985
1985 283 1953
1953 283 1985
2330 2090 2486
2486 2090 2330
2090 2330 2486
476 2286 2573
2573 476 2286
2286 476 2573
977 74 2062
74 977 2062
2062 74 977
66 135 385
135 66 385
385 66 135
2056 21 1431
1431 21 2056
21 1431 2056
685 900 2346
2346 685 900
900 685 2346
80 398 2441
398 80 2441
2441 80 398
1029 221 372
221 372 1029
372 221 1029
804 1234 1891
1234 804 1891
1891 804 1234
243 2109 2795
2109 243 2795
2795 243 2109
798 1801 1909
1909 798 1801
1801 798 1909
485 1393 2157
2157 485 1393
1393 485 2157
1194 1358 1800
1800 1194 1358
1358 1194 1800
603 449 2367
2367 449 603
449 603 2367
1161 1238 2570
1238 1161 2570
2570 1161 1238
1478 2037 2380
2037 1478 2380
2380 1478 2037
566 238 520
238 520 566
520 238 566
2903 1018 2017
2017 1018 2903
1018 2017 2903
2418 1777 2647
2647 1777 2418
1777 2418 2647
1583 615 880
615 880 1583
880 615 1583
2804 937 1935
937 1935 2804
1935 937 2804
1595 2180 2182
2180 1595 2182
2182 1595 2180
1095 2816 2983
2983 1095 2816
2816 1095 2983
1968 988 2739
988 1968 2739
2739 988 1968
2749 446 1568
446 1568 2749
1568 446 2749
402 2913 2969
2969 402 2913
2913 402 2969
2203 373 1960
1960 373 2203
373 1960 2203
445 2079 2790
2079 445 2790
2790 445 2079
2498 1079 1345
1345 1079 2498
1079 1345 2498
1768 34 1725
34 1725 1768
1725 34 1768
94 2704 3000
3000 94 2704
2704 94 3000
1702 78 1614
1614 78 1702
78 1614 1702
1841 1313 2800
1313 1841 2800
2800 1313 1841
2832 2129 2485
2485 2129 2832
2129 2485 2832
1086 194 2183
194 1086 2183
2183 194 1086
140 420 1817
1817 140 420
420 140 1817
1268 1116 1204
1204 1116 1268
1116 1204 1268
89 602 2841
2841 89 602
602 89 2841
1814 1689 2766
1689 1814 2766
2766 1689 1814
1051 206 2758
206 1051 2758
2758 206 1051
2076 623 2714
2714 623 2076
623 2076 2714
837 883 2495
883 837 2495
2495 837 883
1940 2214 2447
2214 1940 2447
2447 1940 2214
1742 716 1472
716 1472 1742
1472 716 1742
416 170 1999
170 416 1999
1999 170 416
2659 507 1532
1532 507 2659
507 1532 2659
1523 155 358
358 155 1523
155 358 1523
2857 1882 2681
2681 1882 2857
1882 2681 2857
232 10 920
920 10 232
10 232 920
2450 480 2253
480 2253 2450
2253 480 2450
2897 312 460
460 312 2897
312 460 2897
2075 889 2484
889 2075 2484
2484 889 2075
2896 1799 1826
1826 1799 2896
1799 1826 2896
2478 404 746
746 404 2478
404 746 2478
1528 712 1733
1733 712 1528
712 1528 1733
422 537 1898
1898 422 537
537 422 1898
2177 1507 2339
1507 2177 2339
2339 1507 2177
1587 463 2322
463 1587 2322
2322 463 1587
1036 1335 2536
1335 1036 2536
2536 1036 1335
125 1040 2622
2622 125 1040
1040 125 2622
1838 678 2110
2110 678 1838
678 1838 2110
187 1190 2957
1190 187 2957
2957 187 1190
753 501 1668
1668 501 753
501 753 1668
2413 723 2443
2443 723 2413
723 2413 2443
219 99 2310
2310 99 219
99 219 2310
915 273 2097
2097 273 915
273 915 2097
1085 607 1875
607 1085 1875
1875 607 1085
1168 805 946
805 946 1168
946 805 1168
494 344 2382
344 494 2382
2382 344 494
2737 1200 2074
1200 2074 2737
2074 1200 2737
2760 732 818
818 732 2760
732 818 2760
2543 637 2683
2683 637 2543
637 2543 2683
1062 508 2336
508 1062 2336
2336 508 1062
725 172 907
172 725 907
907 172 725
2960 1280 1986
1280 1986 2960
1986 1280 2960
986 1100 2644
1100 986 2644
2644 986 1100
2218 782 2098
782 2098 2218
2098 782 2218
1210 1477 2459
1477 1210 2459
2459 1210 1477
2646 1411 2564
2564 1411 2646
1411 2564 2646
1663 2 2576
2576 2 1663
2 1663 2576
1074 289 1299
289 1074 1299
1299 289 1074
241 1512 1685
1512 241 1685
1685 241 1512
1580 969 2579
2579 969 1580
969 1580 2579
957 18 1102
18 957 1102
1102 18 957
184 516 1241
1241 184 516
516 184 1241
2989 663 886
886 663 2989
663 886 2989
906 699 810
810 699 906
699 810 906
203 1192 2502
2502 203 1192
1192 203 2502
1273 739 869
739 869 1273
869 739 1273
876 598 2547
2547 598 876
598 876 2547
1604 44 2242
44 1604 2242
2242 44 1604
1703 2259 2431
2431 1703 2259
2259 1703 2431
1246 262 1928
262 1246 1928
1928 262 1246
2262 1223 1618
1618 1223 2262
1223 1618 2262
1323 1251 2239
1251 1323 2239
2239 1251 1323
2956 14 484
14 484 2956
484 14 2956
2172 1333 2692
2692 1333 2172
1333 2172 2692
2055 1365 2777
1365 2055 2777
2777 1365 2055
179 1675 1761
1675 179 1761
1761 179 1675
2038 1854 2662
1854 2038 2662
2662 1854 2038
1497 555 1271
1271 555 1497
555 1271 1497
183 950 2053
950 183 2053
2053 183 950
840 477 1389
1389 477 840
477 840 1389
2648 836 1473
1473 836 2648
836 1473 2648
300 1654 2759
2759 300 1654
1654 300 2759
2973 360 599
360 599 2973
599 360 2973
1362 1949 2877
2877 1362 1949
1949 1362 2877
1847 1401 1902
1401 1847 1902
1902 1401 1847
1616 565 2565
565 1616 2565
2565 565 1616
413 1180 2689
2689 413 1180
1180 413 2689
1267 107 2637
107 1267 2637
2637 107 1267
193 1165 2817
2817 193 1165
1165 193 2817
2792 1383 2265
2265 1383 2792
1383 2265 2792
119 1562 2507
2507 119 1562
1562 119 2507
1924 1762 2020
2020 1762 1924
1762 1924 2020
499 406 2685
406 499 2685
2685 406 499
2294 400 2623
2623 400 2294
400 2294 2623
2378 899 2582
899 2378 2582
2582 899 2378
1511 171 1530
171 1511 1530
1530 171 1511
2287 56 2875
2875 56 2287
56 2287 2875
70 38 2073
2073 38 70
38 70 2073
1582 470 2350
2350 470 1582
470 1582 2350
160 1787 1861
1787 160 1861
1861 160 1787
2385 1410 1871
1871 1410 2385
1410 1871 2385
779 1397 2541
2541 779 1397
1397 779 2541
1023 676 1540
676 1023 1540
1540 676 1023
1930 892 1307
892 1307 1930
1307 892 1930
1655 1371 2164
1371 1655 2164
2164 1371 1655
1375 795 2115
795 1375 2115
2115 795 1375
2663 999 1914
1914 999 2663
999 1914 2663
502 295 1869
295 502 1869
1869 295 502
220 1432 1773
1432 220 1773
1773 220 1432
2091 265 2706
265 2091 2706
2706 265 2091
92 1341 2845
1341 92 2845
2845 92 1341
1766 376 2451
2451 376 1766
376 1766 2451
2476 963 1862
963 1862 2476
1862 963 2476
917 518 1290
1290 518 917
518 917 1290
2059 670 933
670 933 2059
933 670 2059
1408 1355 2421
2421 1355 1408
1355 1408 2421
593 2123 2612
2123 593 2612
2612 593 2123
736 1035 1326
1326 736 1035
1035 736 1326
2643 175 1806
175 1806 2643
1806 175 2643
2414 2195 2974
2195 2414 2974
2974 2195 2414
1916 29 1025
1025 29 1916
29 1025 1916
2143 1712 2019
2019 1712 2143
1712 2019 2143
181 552 2323
2323 181 552
552 181 2323
2464 2275 2634
2634 2275 2464
2275 2464 2634
345 1633 2221
1633 345 2221
2221 345 1633
1696 932 1182
932 1182 1696
1182 932 1696
2106 740 1136
740 1136 2106
1136 740 2106
1549 853 2070
2070 853 1549
853 1549 2070
1515 659 991
659 991 1515
991 659 1515
176 1106 2965
2965 176 1106
1106 176 2965
2132 459 1502
459 1502 2132
1502 459 2132
45 249 370
249 45 370
370 45 249
1257 378 2427
378 1257 2427
2427 378 1257
240 1093 2532
1093 240 2532
2532 240 1093
2366 774 1870
1870 774 2366
774 1870 2366
1403 129 294
129 294 1403
294 129 1403
2918 1343 1923
1343 1923 2918
1923 1343 2918
1717 120 1081
120 1081 1717
1081 120 1717
1874 683 1302
683 1302 1874
1302 683 1874
146 1632 2370
1632 146 2370
2370 146 1632
427 1154 2870
2870 427 1154
1154 427 2870
2463 1418 2442
2442 1418 2463
1418 2442 2463
2866 1426 1699
1699 1426 2866
1426 1699 2866
23 691 2104
2104 23 691
691 23 2104
2786 1744 1780
1780 1744 2786
1744 1780 2786
2482 1767 2631
2631 1767 2482
1767 2482 2631
226 90 186
186 90 226
90 186 226
905 1842 2121
2121 905 1842
1842 905 2121
2058 594 1979
594 1979 2058
1979 594 2058
1041 1007 2362
2362 1007 1041
1007 1041 2362
2036 1711 1791
1791 1711 2036
1711 1791 2036
2264 855 1381
855 1381 2264
1381 855 2264
235 1872 2357
1872 235 2357
2357 235 1872
1688 212 2086
212 1688 2086
2086 212 1688
1289 546 1852
546 1289 1852
1852 546 1289
971 1237 2146
2146 971 1237
1237 971 2146
156 1576 2082
2082 156 1576
1576 156 2082
2234 1509 1810
1810 1509 2234
1509 1810 2234
1276 138 2627
2627 138 1276
138 1276 2627
2813 1282 2525
2525 1282 2813
1282 2525 2813
506 911 2188
2188 506 911
911 506 2188
628 1314 2118
1314 628 2118
2118 628 1314
1483 2452 2912
2912 1483 2452
2452 1483 2912
916 959 2778
2778 916 959
959 916 2778
93 242 2088
242 93 2088
2088 93 242
1692 130 1370
1370 130 1692
130 1370 1692
468 51 710
710 51 468
51 468 710
2277 1123 1430
1123 1430 2277
1430 1123 2277
2709 519 2586
519 2586 2709
2586 519 2709
1171 59 841
59 841 1171
841 59 1171
2398 1091 1623
1623 1091 2398
1091 1623 2398
1609 2911 2933
2933 1609 2911
2911 1609 2933
2144 1594 2360
2360 1594 2144
1594 2144 2360
2035 1504 1904
1904 1504 2035
1504 1904 2035
2417 346 1517
1517 346 2417
346 1517 2417
1596 25 2809
25 1596 2809
2809 25 1596
1901 1876 2883
2883 1876 1901
1876 1901 2883
1487 1255 2996
2996 1255 1487
1255 1487 2996
2051 759 2167
759 2051 2167
2167 759 2051
2432 1101 2080
2080 1101 2432
1101 2080 2432
2571 936 2003
936 2003 2571
2003 936 2571
2397 2333 2719
2333 2397 2719
2719 2333 2397
2581 1446 1555
1446 1555 2581
1555 1446 2581
697 167 444
167 444 697
444 167 697
2161 550 945
945 550 2161
550 945 2161
1377 952 1950
1950 952 1377
952 1377 1950
996 792 2227
792 996 2227
2227 792 996
801 2468 2967
2967 801 2468
2468 801 2967
65 1789 2695
1789 65 2695
2695 65 1789
1351 816 2852
816 1351 2852
2852 816 1351
396 113 1856
113 396 1856
1856 113 396
923 2190 2544
2190 923 2544
2544 923 2190
862 1217 1992
1217 862 1992
1992 862 1217
112 1329 2300
1329 112 2300
2300 112 1329
2885 433 1189
433 1189 2885
1189 433 2885
2667 371 2878
2878 371 2667
371 2667 2878
2381 1096 2433
2433 1096 2381
1096 2381 2433
149 478 2653
478 149 2653
2653 149 478
1747 188 2325
2325 188 1747
188 1747 2325
1840 233 2477
233 1840 2477
2477 233 1840
1475 205 790
790 205 1475
205 790 1475
495 1561 2316
1561 495 2316
2316 495 1561
1270 1469 2510
2510 1270 1469
1469 1270 2510
1553 1254 2361
2361 1254 1553
1254 1553 2361
2299 246 582
246 582 2299
582 246 2299
2215 1015 2521
2521 1015 2215
1015 2215 2521
1563 509 2848
2848 509 1563
509 1563 2848
2406 486 1337
1337 486 2406
486 1337 2406
575 604 756
756 575 604
604 575 756
2678 85 1809
85 1809 2678
1809 85 2678
1867 881 960
960 881 1867
881 960 1867
2479 2364 2542
2542 2364 2479
2364 2479 2542
2213 629 2341
629 2213 2341
2341 629 2213
2727 1571 2376
2376 1571 2727
1571 2376 2727
2248 1988 2219
1988 2219 2248
2219 1988 2248
1630 1144 1272
1272 1144 1630
1144 1272 1630
2976 299 2824
299 2824 2976
2824 299 2976
1176 1550 2624
2624 1176 1550
1550 1176 2624
2041 2042 2440
2440 2041 2042
2042 2041 2440
2830 479 641
641 479 2830
479 641 2830
2803 875 2598
875 2598 2803
2598 875 2803
1537 1321 1899
1321 1537 1899
1899 1321 1537
1522 2208 2788
2208 1522 2788
2788 1522 2208
1746 521 2767
521 1746 2767
2767 521 1746
1072 257 569
257 569 1072
569 257 1072
1332 2506 2770
2770 1332 2506
2506 1332 2770
2806 313 2446
313 2446 2806
2446 313 2806
1312 1002 1022
1002 1022 1312
1022 1002 1312
2552 163 587
587 163 2552
163 587 2552
2111 726 1448
1448 726 2111
726 1448 2111
1830 1088 1857
1088 1830 1857
1857 1088 1830
1743 174 1398
1398 174 1743
174 1398 1743
1310 1516 2449
1516 1310 2449
2449 1310 1516
737 1361 2616
1361 737 2616
2616 737 1361
715 605 2632
2632 605 715
605 715 2632
2138 1395 1590
1395 1590 2138
1590 1395 2138
1753 1112 2472
1112 1753 2472
2472 1112 1753
2389 1396 2729
2729 1396 2389
1396 2389 2729
1976 285 2940
2940 285 1976
285 1976 2940
2548 349 2765
2765 349 2548
349 2548 2765
251 973 1533
973 251 1533
1533 251 973
430 1694 2914
2914 430 1694
1694 430 2914
457 1306 2970
1306 457 2970
2970 457 1306
1628 860 1977
860 1628 1977
1977 860 1628
11 68 2998
2998 11 68
68 11 2998
342 1665 2561
2561 342 1665
1665 342 2561
1108 1527 2504
2504 1108 1527
1527 1108 2504
190 2261 2984
2261 190 2984
2984 190 2261
921 2736 2743
2743 921 2736
2736 921 2743
2233 1260 1317
1260 1317 2233
1317 1260 2233
844 1657 2276
2276 844 1657
1657 844 2276
978 1097 1357
1097 978 1357
1357 978 1097
482 576 1162
576 482 1162
1162 482 576
1803 655 2181
2181 655 1803
655 1803 2181
2409 123 835
835 123 2409
123 835 2409
488 646 2651
2651 488 646
646 488 2651
1983 527 767
527 767 1983
767 527 1983
1077 1529 2971
1529 1077 2971
2971 1077 1529
523 1873 2945
1873 523 2945
2945 523 1873
258 1542 1938
1938 258 1542
1542 258 1938
2519 280 865
865 280 2519
280 865 2519
885 666 1501
666 885 1501
1501 666 885
1133 268 2279
2279 268 1133
268 1133 2279
1128 846 2871
2871 846 1128
846 1128 2871
264 158 2607
158 264 2607
2607 158 264
811 668 1419
668 811 1419
1419 668 811
2923 450 698
698 450 2923
450 698 2923
596 1737 1779
1737 596 1779
1779 596 1737
727 904 2290
904 727 2290
2290 727 904
2493 472 1955
472 1955 2493
1955 472 2493
1845 1454 2980
2980 1454 1845
1454 1845 2980
744 320 813
320 744 813
813 320 744
1996 661 789
789 661 1996
661 789 1996
2842 1014 1505
1014 1505 2842
1505 1014 2842
6 1379 1864
1379 6 1864
1864 6 1379
1690 297 2879
297 1690 2879
2879 297 1690
2147 1879 2949
2949 1879 2147
1879 2147 2949
256 2416 2489
2489 256 2416
2416 256 2489
755 1279 1710
1710 755 1279
1279 755 1710
1995 1037 1196
1037 1196 1995
1196 1037 1995
2754 1878 2456
1878 2456 2754
2456 1878 2754
634 118 1974
1974 118 634
118 634 1974
2207 333 1119
333 1119 2207
1119 333 2207
695 1740 2836
1740 695 2836
2836 695 1740
987 741 2657
2657 741 987
741 987 2657
1374 2602 2787
2602 1374 2787
2787 1374 2602
1912 1105 2436
2436 1105 1912
1105 1912 2436
839 1819 1821
1821 839 1819
1819 839 1821
2827 714 1046
714 1046 2827
1046 714 2827
524 64 2854
64 524 2854
2854 64 524
1240 1209 2078
1209 1240 2078
2078 1209 1240
2243 1592 2321
1592 2243 2321
2321 1592 2243
2851 348 1833
1833 348 2851
348 1833 2851
217 189 2445
189 217 2445
2445 189 217
350 71 2563
2563 71 350
71 350 2563
2838 1031 2921
1031 2838 2921
2921 1031 2838
2568 619 2944
619 2568 2944
2944 619 2568
2774 1684 2033
1684 2033 2774
2033 1684 2774
355 2338 2731
2731 355 2338
2338 355 2731
1993 1435 2534
1435 1993 2534
2534 1435 1993
1399 489 2916
2916 489 1399
489 1399 2916
1546 1488 2374
1488 1546 2374
2374 1488 1546
1846 583 1010
1010 583 1846
583 1010 1846
2924 934 1811
934 1811 2924
1811 934 2924
2825 247 2694
2694 247 2825
247 2694 2825
1087 2315 2546
2546 1087 2315
2315 1087 2546
2025 209 1134
209 1134 2025
1134 209 2025
2309 169 2775
169 2309 2775
2775 169 2309
662 303 1709
303 662 1709
1709 303 662
581 284 2365
2365 284 581
284 581 2365
1849 500 1560
1560 500 1849
500 1560 1849
2843 1248 2604
2604 1248 2843
1248 2604 2843
2318 381 1600
381 1600 2318
1600 381 2318
1653 301 2591
301 1653 2591
2591 301 1653
2419 227 1734
227 1734 2419
1734 227 2419
418 677 1174
1174 418 677
677 418 1174
2064 777 1150
777 1150 2064
1150 777 2064
1735 379 2902
379 1735 2902
2902 379 1735
1301 807 2503
2503 807 1301
807 1301 2503
949 884 2610
884 949 2610
2610 884 949
148 766 1262
1262 148 766
766 148 1262
1886 96 2105
2105 96 1886
96 1886 2105
786 1503 2733
1503 786 2733
2733 786 1503
1137 434 534
534 434 1137
434 534 1137
1346 554 1405
554 1346 1405
1405 554 1346
310 812 2908
812 310 2908
2908 310 812
2254 464 2471
464 2254 2471
2471 464 2254
1508 199 972
199 972 1508
972 199 1508
2295 1866 2910
2910 1866 2295
1866 2295 2910
1770 838 2584
2584 838 1770
838 1770 2584
1197 1175 1758
1175 1197 1758
1758 1175 1197
1535 570 600
600 570 1535
570 600 1535
909 2783 2839
2783 909 2839
2839 909 2783
535 364 2465
364 535 2465
2465 364 535
2390 1728 2229
2229 1728 2390
1728 2229 2390
2256 2348 2528
2348 2256 2528
2528 2256 2348
2517 664 1372
664 1372 2517
1372 664 2517
2267 1893 2015
2015 1893 2267
1893 2015 2267
1980 253 2077
2077 253 1980
253 1980 2077
2630 26 2084
26 2084 2630
2084 26 2630
2176 2574 2761
2574 2176 2761
2761 2176 2574
2405 1774 1944
1774 1944 2405
1944 1774 2405
686 356 403
403 356 686
356 403 686
1017 882 2872
2872 882 1017
882 1017 2872
195 492 1053
492 195 1053
1053 195 492
2769 292 2014
292 2014 2769
2014 292 2769
1187 60 1722
1722 60 1187
60 1187 1722
1750 234 1219
1219 234 1750
234 1219 1750
1153 308 2698
308 1153 2698
2698 308 1153
2523 493 1265
493 1265 2523
1265 493 2523
1922 866 2461
866 1922 2461
2461 866 1922
2639 980 1513
980 1513 2639
1513 980 2639
1409 1970 2710
1970 1409 2710
2710 1409 1970
687 1034 1673
1673 687 1034
1034 687 1673
1489 429 1581
1581 429 1489
429 1489 1581
388 852 2191
2191 388 852
852 388 2191
2170 2031 2745
2031 2170 2745
2745 2031 2170
1975 338 2469
338 1975 2469
2469 338 1975
890 304 2597
304 890 2597
2597 304 890
1142 579 612
612 579 1142
579 612 1142
1392 384 1416
384 1392 1416
1416 384 1392
1177 399 1032
1032 399 1177
399 1032 1177
105 441 2751
441 105 2751
2751 105 441
1885 274 2899
274 1885 2899
2899 274 1885
202 2122 2614
2122 202 2614
2614 202 2122
58 1148 1577
1577 58 1148
1148 58 1577
1287 1982 2252
1982 1287 2252
2252 1287 1982
1140 443 2326
443 1140 2326
2326 443 1140
2505 341 1075
1075 341 2505
341 1075 2505
79 1639 2199
1639 79 2199
2199 79 1639
859 1545 1636
1636 859 1545
1545 859 1636
1417 773 1135
1135 773 1417
773 1135 1417
15 1021 1575
1575 15 1021
1021 15 1575
222 1378 1394
1378 222 1394
1394 222 1378
1183 252 1297
252 1183 1297
1297 252 1183
2293 2024 2429
2024 2293 2429
2429 2024 2293
528 1078 1179
1078 528 1179
1179 528 1078
298 574 2691
574 298 2691
2691 298 574
1990 369 967
967 369 1990
369 967 1990
2771 230 2039
230 2039 2771
2039 230 2771
2371 618 891
618 891 2371
891 618 2371
75 1295 2500
2500 75 1295
1295 75 2500
2124 339 2292
339 2124 2292
2292 339 2124
330 601 2811
601 330 2811
2811 330 601
28 1726 2628
2628 28 1726
1726 28 2628
108 2135 2617
2617 108 2135
2135 108 2617
1531 850 2283
2283 850 1531
850 1531 2283
784 27 1145
1145 27 784
27 784 1145
1820 2410 2705
2705 1820 2410
2410 1820 2705
1965 877 1972
1972 877 1965
877 1965 1972
673 589 832
589 673 832
832 589 673
631 1132 2408
1132 631 2408
2408 631 1132
2655 1055 1566
1055 1566 2655
1566 1055 2655
910 1009 2052
2052 910 1009
1009 910 2052
2540 126 2112
126 2112 2540
2112 126 2540
762 311 1978
1978 311 762
311 762 1978
2125 809 2305
2305 809 2125
809 2125 2305
2889 515 1047
1047 515 2889
515 1047 2889
1642 1298 1797
1298 1642 1797
1797 1298 1642
1961 1384 1638
1384 1638 1961
1638 1384 1961
2850 588 1981
588 1981 2850
1981 588 2850
829 821 2050
821 829 2050
2050 821 829
1185 2713 2884
2713 1185 2884
2884 1185 2713
1672 40 2296
40 1672 2296
2296 40 1672
1919 794 2682
794 1919 2682
2682 794 1919
334 894 1274
1274 334 894
894 334 1274
2640 778 878
778 878 2640
878 778 2640
2165 1016 2672
1016 2165 2672
2672 1016 2165
845 426 2837
426 845 2837
2837 426 845
2991 642 2687
2687 642 2991
642 2687 2991
245 55 2722
2722 55 245
55 245 2722
871 84 586
84 586 871
586 84 871
2725 547 2797
2797 547 2725
547 2725 2797
49 115 1956
1956 49 115
115 49 1956
389 2304 2401
2401 389 2304
2304 389 2401
316 1686 2134
1686 316 2134
2134 316 1686
1905 1519 1837
1519 1837 1905
1837 1519 1905
2898 35 2163
35 2163 2898
2163 35 2898
1464 1124 1723
1124 1464 1723
1723 1124 1464
293 1131 2225
1131 293 2225
2225 293 1131
447 154 2674
154 447 2674
2674 154 447
2782 214 1213
1213 214 2782
214 1213 2782
1828 1214 2034
2034 1214 1828
1214 1828 2034
2270 1973 2328
2328 1973 2270
1973 2270 2328
2313 1348 1700
1700 1348 2313
1348 1700 2313
1233 1957 2615
2615 1233 1957
1957 1233 2615
1676 1437 2609
1437 1676 2609
2609 1437 1676
2738 1042 1608
1608 1042 2738
1042 1608 2738
1966 1339 2805
1339 1966 2805
2805 1339 1966
955 393 2935
393 955 2935
2935 393 955
1929 2741 2905
2905 1929 2741
2741 1929 2905
17 656 1825
656 17 1825
1825 17 656
1541 595 2240
595 1541 2240
2240 595 1541
1284 1406 2439
1406 1284 2439
2439 1284 1406
1186 1045 1283
1045 1186 1283
1283 1045 1186
1760 2127 2513
2127 1760 2513
2513 1760 2127
1382 898 2734
898 1382 2734
2734 898 1382
263 995 2238
995 263 2238
2238 263 995
2193 912 1925
1925 912 2193
912 1925 2193
2021 1368 1921
1921 1368 2021
1368 1921 2021
2828 337 2453
337 2453 2828
2453 337 2828
228 354 2030
2030 228 354
354 228 2030
1853 1117 1948
1117 1853 1948
1948 1117 1853
1987 260 1342
1342 260 1987
260 1342 1987
133 110 440
110 133 440
440 110 133
1603 1160 1934
1160 1603 1934
1934 1160 1603
1266 1232 2869
1232 1266 2869
2869 1232 1266
487 1143 2666
1143 487 2666
2666 487 1143
830 91 2707
2707 91 830
91 830 2707
454 1340 1808
1808 454 1340
1340 454 1808
2171 1651 2650
1651 2171 2650
2650 1651 2171
2932 1736 2387
1736 2387 2932
2387 1736 2932
1589 223 2629
223 1589 2629
2629 223 1589
62 2509 2785
2785 62 2509
2509 62 2785
1020 1451 1720
1451 1020 1720
1720 1020 1451
213 504 935
504 213 935
935 213 504
609 1250 1534
1250 609 1534
1534 609 1250
679 627 2437
2437 627 679
627 679 2437
667 2332 2901
2332 667 2901
2901 667 2332
1027 462 541
541 462 1027
462 541 1027
2720 1334 2955
2955 1334 2720
1334 2720 2955
1450 591 944
591 944 1450
944 591 1450
2303 2128 2894
2894 2128 2303
2128 2303 2894
2072 201 302
302 201 2072
201 302 2072
1731 700 1428
1428 700 1731
700 1428 1731
863 225 272
272 225 863
225 272 863
1627 102 791
102 791 1627
791 102 1627
1169 731 896
731 896 1169
896 731 1169
1926 414 1127
1127 414 1926
414 1127 1926
2067 763 2740
763 2067 2740
2740 763 2067
347 1080 1643
1080 347 1643
1643 347 1080
69 106 1452
1452 69 106
106 69 1452
1011 328 2608
2608 328 1011
328 1011 2608
1129 122 1942
122 1129 1942
1942 122 1129
288 1706 2701
2701 288 1706
1706 288 2701
1701 1252 2780
2780 1252 1701
1252 1701 2780
1788 467 2853
2853 467 1788
467 1788 2853
1855 306 1605
1605 306 1855
306 1605 1855
2032 2488 2861
2488 2032 2861
2861 2032 2488
2917 128 2116
128 2116 2917
2116 128 2917
2319 401 833
401 833 2319
833 401 2319
1163 392 1569
1569 392 1163
392 1163 1569
851 1064 2133
1064 851 2133
2133 851 1064
1048 405 483
405 483 1048
483 405 1048
196 1039 2016
2016 196 1039
1039 196 2016
1755 760 1347
1347 760 1755
760 1347 1755
974 469 868
868 469 974
469 868 974
1585 67 1067
1067 67 1585
67 1067 1585
2636 660 2620
2620 660 2636
660 2620 2636
2399 1714 2071
2071 1714 2399
1714 2071 2399
1433 958 1918
958 1433 1918
1918 958 1433
2140 1749 2066
1749 2066 2140
2066 1749 2140
2746 707 1386
707 1386 2746
1386 707 2746
1054 1309 2089
1309 1054 2089
2089 1054 1309
1802 2008 2688
2008 1802 2688
2688 1802 2008
1890 1231 2560
1231 1890 2560
2560 1231 1890
681 1353 1667
1353 681 1667
1667 681 1353
1216 408 2847
2847 408 1216
408 1216 2847
654 101 438
438 101 654
101 438 654
2711 448 2349
448 2349 2711
2349 448 2711
111 281 1945
281 111 1945
1945 111 281
2001 375 672
672 375 2001
375 672 2001
2611 2613 2660
2660 2611 2613
2613 2611 2660
1212 1835 2257
1835 1212 2257
2257 1212 1835
132 276 321
276 132 321
321 132 276
1793 314 616
314 616 1793
616 314 1793
540 1514 2951
2951 540 1514
1514 540 2951
1730 551 2526
2526 551 1730
551 1730 2526
46 1049 1380
1049 46 1380
1380 46 1049
640 704 2306
2306 640 704
704 640 2306
2835 87 914
87 914 2835
914 87 2835
2029 436 2068
436 2029 2068
2068 436 2029
137 610 1098
1098 137 610
610 137 1098
387 1794 2798
2798 387 1794
1794 387 2798
928 357 764
357 764 928
764 357 928
13 191 1423
191 13 1423
1423 13 191
162 439 2569
2569 162 439
439 162 2569
1449 254 1315
254 1315 1449
1315 254 1449
2635 745 2554
745 2554 2635
2554 745 2635
709 1765 2675
1765 709 2675
2675 709 1765
1682 2658 2826
2826 1682 2658
2658 1682 2826
2645 721 2834
2834 721 2645
721 2645 2834
1328 620 1228
620 1228 1328
1228 620 1328
1732 2588 2621
2621 1732 2588
2588 1732 2621
2583 2141 2849
2141 2583 2849
2849 2141 2583
2833 511 2799
511 2799 2833
2799 511 2833
1199 926 1126
926 1126 1199
1126 926 1199
180 2475 2962
2475 180 2962
2962 180 2475
1716 748 1997
1997 748 1716
748 1716 1997
8 2224 2228
2224 8 2228
2228 8 2224
761 2518 2589
2589 761 2518
2518 761 2589
2822 2206 2941
2206 2822 2941
2941 2206 2822
2537 815 2311
2311 815 2537
815 2311 2537
2716 307 1739
307 1739 2716
1739 307 2716
2715 1572 2168
1572 2168 2715
2168 1572 2715
2947 690 717
690 717 2947
717 690 2947
2669 466 1221
466 1221 2669
1221 466 2669
2748 192 290
290 192 2748
192 290 2748
1641 984 2353
984 1641 2353
2353 984 1641
24 1707 1963
1707 24 1963
1963 24 1707
1033 296 1844
296 1033 1844
1844 296 1033
558 573 843
573 558 843
843 558 573
1574 696 2428
2428 696 1574
696 1574 2428
1245 1057 2317
1057 1245 2317
2317 1057 1245
553 322 2154
322 553 2154
2154 322 553
2619 1222 1296
1222 1296 2619
1296 1222 2619
983 1915 1954
1915 983 1954
1954 983 1915
647 2044 2249
2044 647 2249
2249 647 2044
82 1205 2890
1205 82 2890
2890 82 1205
1476 1757 2593
2593 1476 1757
1757 1476 2593
1617 77 1790
1790 77 1617
77 1617 1790
1005 693 2512
693 1005 2512
2512 693 1005
73 1521 2178
2178 73 1521
1521 73 2178
2865 1947 2250
1947 2250 2865
2250 1947 2865
729 827 903
903 729 827
827 729 903
1606 1420 2369
2369 1420 1606
1420 1606 2369
2577 549 1724
549 1724 2577
1724 549 2577
2952 625 797
797 625 2952
625 797 2952
1822 2394 2396
2394 1822 2396
2396 1822 2394
702 198 2400
198 702 2400
2400 198 702
2226 632 2251
2251 632 2226
632 2226 2251
1897 1258 1989
1258 1897 1989
1989 1258 1897
563 76 1704
1704 76 563
76 563 1704
1470 802 814
814 802 1470
802 814 1470
722 2099 2274
2099 722 2274
2274 722 2099
2514 1615 1888
1888 1615 2514
1615 1888 2514
826 757 1769
757 826 1769
1769 757 826
747 453 1771
453 747 1771
1771 453 747
1813 1637 2728
1637 1813 2728
2728 1637 1813
2057 568 1303
1303 568 2057
568 1303 2057
2282 1000 1259
1000 1259 2282
1259 1000 2282
1099 1043 2351
2351 1043 1099
1043 1099 2351
435 1424 1465
1465 435 1424
1424 435 1465
52 989 2831
989 52 2831
2831 52 989
1294 2363 2671
2671 1294 2363
2363 1294 2671
834 1936 2892
2892 834 1936
1936 834 2892
2081 639 1708
639 1708 2081
1708 639 2081
1635 1460 2863
1460 1635 2863
2863 1460 1635
2823 185 608
608 185 2823
185 608 2823
2578 689 1467
689 1467 2578
1467 689 2578
1227 1498 2320
2320 1227 1498
1498 1227 2320
490 1754 2876
2876 490 1754
1754 490 2876
1650 1390 2762
1390 1650 2762
2762 1390 1650
2717 922 2864
922 2717 2864
2864 922 2717
2412 1320 2065
1320 2065 2412
2065 1320 2412
2928 2155 2345
2345 2155 2928
2155 2345 2928
1322 752 1092
752 1092 1322
1092 752 1322
2946 918 1069
1069 918 2946
918 1069 2946
1151 1109 2979
2979 1109 1151
1109 1151 2979
2211 614 1166
614 1166 2211
1166 614 2211
244 897 1805
1805 244 897
897 244 1805
5 2708 2753
2753 5 2708
2708 5 2753
1506 261 2040
2040 261 1506
261 1506 2040
560 2223 2393
2223 560 2393
2393 560 2223
998 1964 2990
2990 998 1964
1964 998 2990
514 2272 2343
2343 514 2272
2272 514 2343
2925 1385 2352
2352 1385 2925
1385 2352 2925
20 121 1831
1831 20 121
121 20 1831
143 343 1056
1056 143 343
343 143 1056
1468 1421 1952
1421 1468 1952
1952 1421 1468
2158 1247 2297
1247 2158 2297
2297 1247 2158
2153 1028 2268
1028 2153 2268
2268 1028 2153
2487 177 1404
177 1404 2487
1404 177 2487
1113 239 2092
2092 239 1113
239 1113 2092
1412 377 513
513 377 1412
377 513 1412
1798 842 1229
1229 842 1798
842 1229 1798
2023 250 2575
250 2023 2575
2575 250 2023
548 556 2768
556 548 2768
2768 548 556
474 901 1671
1671 474 901
901 474 1671
279 1578 2175
1578 279 2175
2175 279 1578
2511 1538 1776
1538 1776 2511
1776 1538 2511
913 352 1649
352 913 1649
1649 352 913
411 7 323
323 7 411
7 323 411
2043 1795 2652
2652 1795 2043
1795 2043 2652
2539 787 1683
1683 787 2539
787 1683 2539
822 1816 2966
2966 822 1816
1816 822 2966
332 2340 2860
2860 332 2340
2340 332 2860
562 362 719
719 362 562
362 562 719
2950 83 2551
2551 83 2950
83 2551 2950
1481 788 2185
788 1481 2185
2185 788 1481
968 888 2246
2246 888 968
888 968 2246
1697 237 927
927 237 1697
237 927 1697
2291 953 1082
1082 953 2291
953 1082 2291
1201 255 2880
2880 255 1201
255 1201 2880
964 1058 1652
1058 964 1652
1652 964 1058
1611 1943 2522
2522 1611 1943
1943 1611 2522
2235 1698 2496
2496 1698 2235
1698 2235 2496
1756 1543 2726
2726 1543 1756
1543 1756 2726
1883 1155 2356
1155 1883 2356
2356 1155 1883
2285 635 2060
635 2060 2285
2060 635 2285
2986 32 2069
32 2069 2986
2069 32 2986
578 1391 2993
2993 578 1391
1391 578 2993
1687 1466 2136
1466 1687 2136
2136 1466 1687
1705 39 1785
39 1705 1785
1785 39 1705
2601 1152 1565
1565 1152 2601
1152 1565 2601
887 650 1444
650 887 1444
1444 650 887
2859 929 2204
929 2204 2859
2204 929 2859
754 993 1369
993 754 1369
1369 754 993
2095 16 2501
2501 16 2095
16 2095 2501
2567 1456 2335
1456 2335 2567
2335 1456 2567
2948 2012 2676
2676 2012 2948
2012 2676 2948
50 208 768
768 50 208
208 50 768
2368 1141 2145
1141 2145 2368
2145 1141 2368
1491 1305 2992
1305 1491 2992
2992 1305 1491
1782 1 2359
2359 1 1782
1 1782 2359
1316 98 2856
2856 98 1316
98 1316 2856
1263 1352 2220
2220 1263 1352
1352 1263 2220
1597 2258 2435
2258 1597 2435
2435 1597 2258
530 286 1366
286 530 1366
1366 286 530
1786 643 2383
2383 643 1786
643 1786 2383
1678 421 1621
421 1621 1678
1621 421 1678
2873 367 931
931 367 2873
367 931 2873
9 315 542
542 9 315
315 9 542
781 1084 2807
1084 781 2807
2807 781 1084
2196 1677 2470
2470 1677 2196
1677 2196 2470
1620 2200 2284
2200 1620 2284
2284 1620 2200
1910 1941 1967
1941 1910 1967
1967 1910 1941
1556 1447 1971
1447 1556 1971
1971 1447 1556
636 200 2011
200 636 2011
2011 200 636
1664 1059 2096
1059 1664 2096
2096 1059 1664
1807 1130 1836
1130 1807 1836
1836 1130 1807
2424 437 1388
437 1388 2424
1388 437 2424
1474 1226 2520
1226 1474 2520
2520 1226 1474
2425 131 1588
131 1588 2425
1588 131 2425
1167 394 1644
394 1167 1644
1644 394 1167
735 1850 2388
2388 735 1850
1850 735 2388
817 703 1006
1006 703 817
703 817 1006
415 828 1959
828 415 1959
1959 415 828
1658 1261 1292
1261 1292 1658
1292 1261 1658
2179 532 1198
1198 532 2179
532 1198 2179
2454 1848 2063
1848 2063 2454
2063 1848 2454
2915 1038 1311
1311 1038 2915
1038 1311 2915
324 43 1415
1415 43 324
43 324 1415
611 374 2994
374 611 2994
2994 374 611
2344 2100 2324
2100 2324 2344
2324 2100 2344
116 100 1526
100 116 1526
1526 100 116
864 224 2887
224 864 2887
2887 224 864
1998 207 2670
2670 207 1998
207 1998 2670
2149 336 1889
1889 336 2149
336 1889 2149
1738 1958 2307
1958 1738 2307
2307 1738 1958
758 1324 2187
1324 758 2187
2187 758 1324
1407 397 1851
1851 397 1407
397 1407 1851
1376 1441 2373
1441 1376 2373
2373 1376 1441
1570 657 1647
657 1570 1647
1647 657 1570
2280 1659 2724
1659 2280 2724
2724 1659 2280
451 1908 2703
2703 451 1908
1908 451 2703
2673 1004 1291
1004 1291 2673
1291 1004 2673
2308 561 2972
2972 561 2308
561 2308 2972
1230 2005 2497
2005 1230 2497
2497 1230 2005
2312 442 1494
1494 442 2312
442 1494 2312
2938 648 2592
648 2592 2938
2592 648 2938
1331 1360 2103
1360 1331 2103
2103 1331 1360
4 2474 2693
2693 4 2474
2474 4 2693
1344 1752 2802
2802 1344 1752
1752 1344 2802
938 259 2117
2117 259 938
259 938 2117
861 539 2829
539 861 2829
2829 539 861
2022 1094 2530
1094 2022 2530
2530 1094 2022
1559 157 1548
157 1548 1559
1548 157 1559
2606 858 1567
1567 858 2606
858 1567 2606
2142 152 2977
2977 152 2142
152 2142 2977
1937 1962 2684
1962 1937 2684
2684 1937 1962
1520 824 2411
2411 824 1520
824 1520 2411
2821 455 1052
1052 455 2821
455 1052 2821
1455 1573 2600
2600 1455 1573
1573 1455 2600
1269 1591 1907
1907 1269 1591
1591 1269 1907
1490 1648 2202
1648 1490 2202
2202 1490 1648
2101 738 2466
738 2101 2466
2466 738 2101
2558 633 1208
633 1208 2558
1208 633 2558
854 327 2120
2120 327 854
327 854 2120
410 136 2846
136 410 2846
2846 136 410
53 2137 2151
2151 53 2137
2137 53 2151
165 1442 2444
2444 165 1442
1442 165 2444
2985 456 2942
456 2942 2985
2942 456 2985
705 1669 1868
1669 705 1868
1868 705 1669
651 665 1729
1729 651 665
665 651 1729
2882 1202 1599
1599 1202 2882
1202 1599 2882
33 2027 2533
2027 33 2533
2533 33 2027
1286 1068 2812
2812 1068 1286
1068 1286 2812
1751 531 1693
1693 531 1751
531 1693 1751
37 2222 2372
2222 37 2372
2372 37 2222
2626 2603 2625
2603 2625 2626
2625 2603 2626
2891 1173 2664
2664 1173 2891
1173 2664 2891
1356 2605 2808
2808 1356 2605
2605 1356 2808
1191 2026 2700
2026 1191 2700
2700 1191 2026
2937 1354 2784
1354 2784 2937
2784 1354 2937
151 97 718
718 97 151
97 151 718
2342 270 2197
270 2197 2342
2197 270 2342
2273 425 1839
425 1839 2273
1839 425 2273
2281 1063 2562
2562 1063 2281
1063 2281 2562
1293 1215 2119
1215 1293 2119
2119 1215 1293
2580 538 2794
2794 538 2580
538 2580 2794
1327 1920 2531
1920 1327 2531
2531 1327 1920
1402 61 1895
61 1402 1895
1895 61 1402
2000 806 1044
1044 806 2000
806 1044 2000
1679 942 1892
1892 942 1679
942 1679 1892
2779 585 1012
1012 585 2779
585 1012 2779
2791 1584 2386
1584 2386 2791
2386 1584 2791
1120 359 867
359 867 1120
867 359 1120
2192 1763 2654
1763 2192 2654
2654 1763 2192
2130 533 1244
1244 533 2130
533 1244 2130
1646 564 2819
564 1646 2819
2819 564 1646
1551 2391 2763
2391 1551 2763
2763 1551 2391
1436 1288 2702
2702 1288 1436
1288 1436 2702
1598 2402 2430
2402 1598 2430
2430 1598 2402
1558 1090 2198
1090 1558 2198
2198 1090 1558
2730 57 1827
57 1827 2730
1827 57 2730
2566 1008 2395
2395 1008 2566
1008 2395 2566
231 211 1071
1071 211 231
211 231 1071
1492 491 2810
2810 491 1492
491 1492 2810
2814 1157 2467
1157 2467 2814
2467 1157 2814
2744 3 2550
3 2550 2744
2550 3 2744
1158 770 1364
770 1158 1364
1364 770 1158
452 994 1932
994 452 1932
1932 452 994
2959 1445 1829
1829 1445 2959
1445 1829 2959
2642 173 2004
2004 173 2642
173 2004 2642
282 1239 2379
1239 282 2379
2379 282 1239
2420 1181 1662
1662 1181 2420
1181 1662 2420
1479 584 1865
1865 584 1479
584 1479 1865
645 366 510
366 510 645
510 366 645
1184 1224 2028
1224 1184 2028
2028 1184 1224
471 1026 1660
1026 471 1660
1660 471 1026
390 976 1206
976 390 1206
1206 390 976
1249 529 2494
2494 529 1249
529 1249 2494
2148 1602 1911
1911 1602 2148
1602 1911 2148
2108 671 765
671 765 2108
765 671 2108
2375 2742 2789
2742 2375 2789
2789 2375 2742
1471 644 1195
644 1195 1471
1195 644 1471
2131 1656 2858
1656 2131 2858
2858 1656 2131
473 215 803
803 215 473
215 473 803
1485 1188 2102
1188 1485 2102
2102 1188 1485
2772 1593 1764
1593 1764 2772
1764 1593 2772
1933 2212 2599
2212 1933 2599
2599 1933 2212
2354 161 1138
1138 161 2354
161 1138 2354
2677 675 2159
675 2159 2677
2159 675 2677
1858 1147 1458
1458 1147 1858
1147 1458 1858
1484 88 2929
88 1484 2929
2929 88 1484
2499 142 902
142 902 2499
902 142 2499
2255 1318 1622
1318 1622 2255
1622 1318 2255
2377 95 1359
1359 95 2377
95 1359 2377
1285 1661 1715
1715 1285 1661
1661 1285 1715
153 597 734
597 153 734
734 153 597
1070 210 2160
210 1070 2160
2160 210 1070
1881 498 1363
498 1363 1881
1363 498 1881
2018 780 879
780 879 2018
879 780 2018
1462 769 1832
769 1462 1832
1832 769 1462
1772 1024 1139
1024 1139 1772
1139 1024 1772
2776 22 1601
1601 22 2776
22 1601 2776
2553 966 2403
966 2403 2553
2403 966 2553
870 970 2217
2217 870 970
970 870 2217
2961 941 2721
2721 941 2961
941 2721 2961
12 1824 2337
2337 12 1824
1824 12 2337
800 1387 1984
1984 800 1387
1387 800 1984
653 1111 2587
2587 653 1111
1111 653 2587
2750 925 1969
1969 925 2750
925 1969 2750
2963 1783 2926
2926 1783 2963
1783 2926 2963
309 1536 2590
1536 309 2590
2590 309 1536
291 1500 1547
1547 291 1500
1500 291 1547
48 1459 2538
2538 48 1459
1459 48 2538
2545 1887 2679
2679 1887 2545
1887 2545 2679
2046 481 2557
2557 481 2046
481 2046 2557
1308 248 1640
