2401 381 1781
1781 381 2401
381 1781 2401
2687 1201 2722
2722 1201 2687
1201 2687 2722
2391 1082 2839
1082 2391 2839
2839 1082 2391
1016 925 2127
925 1016 2127
2127 925 1016
2551 1938 2369
1938 2369 2551
2369 1938 2551
2800 966 1744
966 1744 2800
1744 966 2800
2473 1224 1691
1224 1691 2473
1691 1224 2473
1516 1913 2062
1913 1516 2062
2062 1516 1913
2405 2263 2529
2529 2263 2405
2263 2405 2529
1114 21 498
498 21 1114
21 498 1114
207 1212 1709
1709 207 1212
1212 207 1709
898 1165 1335
1335 898 1165
1165 898 1335
2377 2443 2890
2443 2377 2890
2890 2377 2443
411 2005 2935
2935 411 2005
2005 411 2935
1278 604 793
604 793 1278
793 604 1278
1721 443 2156
443 1721 2156
2156 443 1721
1446 2179 2660
2660 1446 2179
2179 1446 2660
1336 705 2135
2135 705 1336
705 1336 2135
951 1274 2309
1274 951 2309
2309 951 1274
303 469 2450
469 303 2450
2450 303 469
808 317 673
673 317 808
317 673 808
208 465 2571
465 208 2571
2571 208 465
1767 1597 1704
1704 1597 1767
1597 1704 1767
2345 620 1728
620 1728 2345
1728 620 2345
892 337 2673
337 892 2673
2673 337 892
2767 984 1713
1713 984 2767
984 1713 2767
1186 1797 2315
2315 1186 1797
1797 1186 2315
2988 254 2130
254 2130 2988
2130 254 2988
911 205 2041
205 911 2041
2041 205 911
2372 139 155
139 155 2372
155 139 2372
2446 308 2708
2708 308 2446
308 2446 2708
1162 26 579
26 579 1162
579 26 1162
929 603 1507
603 929 1507
1507 603 929
1711 1407 2108
1407 1711 2108
2108 1407 1711
1384 1568 1719
1568 1384 1719
1719 1384 1568
2689 30 1503
30 1503 2689
1503 30 2689
1814 1027 2412
2412 1027 1814
1027 1814 2412
39 1025 2874
2874 39 1025
1025 39 2874
492 666 1139
1139 492 666
666 492 1139
1685 609 2550
2550 609 1685
609 1685 2550
491 1564 2124
1564 491 2124
2124 491 1564
956 2532 2724
2532 956 2724
2724 956 2532
2092 258 436
258 436 2092
436 258 2092
1690 522 1415
1415 522 1690
522 1415 1690
2680 38 2676
38 2676 2680
2676 38 2680
2328 678 2228
678 2228 2328
2228 678 2328
2616 1146 2707
2707 1146 2616
1146 2616 2707
2193 330 1943
1943 330 2193
330 1943 2193
1807 1196 2167
2167 1196 1807
1196 1807 2167
1741 1175 1397
1175 1397 1741
1397 1175 1741
1861 581 1746
1746 581 1861
581 1746 1861
709 771 2034
771 709 2034
2034 709 771
339 97 2122
97 339 2122
2122 97 339
2314 2713 2902
2713 2314 2902
2902 2314 2713
93 420 2974
420 93 2974
2974 93 420
2219 838 2760
2760 838 2219
838 2219 2760
880 840 1464
1464 840 880
840 880 1464
1038 1998 2958
2958 1038 1998
1998 1038 2958
1119 887 2549
2549 887 1119
887 1119 2549
2429 104 2297
2297 104 2429
104 2297 2429
1677 595 2870
2870 595 1677
595 1677 2870
146 2723 2834
2834 146 2723
2723 146 2834
978 1061 1846
1846 978 1061
1061 978 1846
594 813 1613
1613 594 813
813 594 1613
2893 1151 1642
1642 1151 2893
1151 1642 2893
858 575 1251
575 858 1251
1251 575 858
2280 1484 2918
2918 1484 2280
1484 2280 2918
1796 1091 2208
2208 1091 1796
1091 1796 2208
2343 1232 1720
1232 1720 2343
1720 1232 2343
2011 156 1927
156 1927 2011
1927 156 2011
1560 1033 1377
1377 1033 1560
1033 1377 1560
2765 166 510
166 510 2765
510 166 2765
10 1421 1504
1504 10 1421
1421 10 1504
795 1882 2121
2121 795 1882
1882 795 2121
2188 1714 2245
2245 1714 2188
1714 2188 2245
952 993 1803
993 952 1803
1803 952 993
2764 160 270
160 270 2764
270 160 2764
691 724 1708
1708 691 724
724 691 1708
584 2093 2522
2093 584 2522
2522 584 2093
2917 735 2341
2341 735 2917
735 2341 2917
19 152 488
488 19 152
152 19 488
1530 697 1022
697 1022 1530
1022 697 1530
583 318 1958
318 583 1958
1958 318 583
2012 1395 1420
1395 1420 2012
1420 1395 2012
2980 92 2772
92 2772 2980
2772 92 2980
2916 432 1053
432 1053 2916
1053 432 2916
548 472 1513
1513 472 548
472 548 1513
2582 1059 2296
1059 2296 2582
2296 1059 2582
79 1179 1527
1179 79 1527
1527 79 1179
932 1479 2236
2236 932 1479
1479 932 2236
2094 389 1790
389 1790 2094
1790 389 2094
997 1857 2221
1857 997 2221
2221 997 1857
654 158 947
947 158 654
158 654 947
2267 1758 2024
1758 2024 2267
2024 1758 2267
2990 1185 2968
1185 2968 2990
2968 1185 2990
651 837 1327
837 651 1327
1327 651 837
2286 1649 1889
1889 1649 2286
1649 1889 2286
2233 453 2237
2237 453 2233
453 2233 2237
2809 1048 1145
1145 1048 2809
1048 1145 2809
1308 1040 2271
2271 1040 1308
1040 1308 2271
2408 111 1442
111 1442 2408
1442 111 2408
143 862 1865
1865 143 862
862 143 1865
2531 1093 1762
1093 1762 2531
1762 1093 2531
310 811 1262
1262 310 811
811 310 1262
2371 893 1141
1141 893 2371
893 1141 2371
150 1105 1249
1249 150 1105
1105 150 1249
1626 900 2726
900 1626 2726
2726 900 1626
791 2202 2797
2797 791 2202
2202 791 2797
253 597 1081
597 253 1081
1081 253 597
385 515 2330
515 385 2330
2330 385 515
881 80 2655
2655 80 881
80 881 2655
2665 1973 2110
2110 1973 2665
1973 2110 2665
2700 76 1669
76 1669 2700
1669 76 2700
2934 43 2815
43 2815 2934
2815 43 2934
2065 311 1166
1166 311 2065
311 1166 2065
992 353 1160
353 992 1160
1160 353 992
2967 1898 1984
1898 1984 2967
1984 1898 2967
1365 1959 2363
1959 1365 2363
2363 1365 1959
2250 2570 2728
2728 2250 2570
2570 2250 2728
2154 243 1236
243 1236 2154
1236 243 2154
541 1001 2709
1001 541 2709
2709 541 1001
2547 1132 1456
1456 1132 2547
1132 1456 2547
2479 1321 1909
1321 1909 2479
1909 1321 2479
2302 1670 1760
1670 1760 2302
1760 1670 2302
1843 1631 2604
2604 1631 1843
1631 1843 2604
702 119 1419
1419 119 702
119 702 1419
876 437 2346
437 876 2346
2346 437 876
2095 1485 1494
1485 1494 2095
1494 1485 2095
1646 414 2452
414 1646 2452
2452 414 1646
496 40 2591
2591 40 496
40 496 2591
1080 670 2355
670 1080 2355
2355 670 1080
1379 2721 2955
2955 1379 2721
2721 1379 2955
1775 1617 2402
2402 1617 1775
1617 1775 2402
2729 823 2991
2991 823 2729
823 2729 2991
2163 988 2572
988 2163 2572
2572 988 2163
60 916 2768
2768 60 916
916 60 2768
1437 560 2814
2814 560 1437
560 1437 2814
433 585 2525
2525 433 585
585 433 2525
460 193 533
533 193 460
193 460 533
2804 242 2436
2436 242 2804
242 2436 2804
656 1149 1404
1149 656 1404
1404 656 1149
135 13 219
13 135 219
219 13 135
2338 711 825
825 711 2338
711 825 2338
773 576 2679
576 773 2679
2679 576 773
105 755 1703
755 105 1703
1703 105 755
2183 1566 1878
1878 1566 2183
1566 1878 2183
141 790 2808
2808 141 790
790 141 2808
1723 2432 2623
2432 1723 2623
2623 1723 2432
684 645 2827
2827 645 684
645 684 2827
1886 232 1693
1693 232 1886
232 1693 1886
2036 301 999
301 999 2036
999 301 2036
1707 891 1298
891 1298 1707
1298 891 1707
2462 2016 2308
2308 2016 2462
2016 2308 2462
2144 1012 1935
1935 1012 2144
1012 1935 2144
2483 380 976
380 976 2483
976 380 2483
1058 812 1170
1170 812 1058
812 1058 1170
552 1221 2883
1221 552 2883
2883 552 1221
2004 1953 2744
2744 1953 2004
1953 2004 2744
218 250 367
250 218 367
367 218 250
1118 2014 2816
2014 1118 2816
2816 1118 2014
265 1769 2894
2894 265 1769
1769 265 2894
2508 920 1820
1820 920 2508
920 1820 2508
1348 1604 2589
2589 1348 1604
1604 1348 2589
2675 1496 1549
1549 1496 2675
1496 1549 2675
506 671 2863
671 506 2863
2863 506 671
2279 1515 2718
1515 2279 2718
2718 1515 2279
626 1571 2285
2285 626 1571
1571 626 2285
2810 144 2274
144 2274 2810
2274 144 2810
662 983 2973
983 662 2973
2973 662 983
1375 56 769
769 56 1375
56 769 1375
712 1200 2920
1200 712 2920
2920 712 1200
2630 397 1643
1643 397 2630
397 1643 2630
2090 2191 2325
2191 2090 2325
2325 2090 2191
2686 1135 1245
1245 1135 2686
1135 1245 2686
646 2434 2950
2950 646 2434
2434 646 2950
2861 996 2579
2579 996 2861
996 2579 2861
715 732 1681
1681 715 732
732 715 1681
1295 571 2898
2898 571 1295
571 1295 2898
2365 2727 2856
2856 2365 2727
2727 2365 2856
2087 413 972
972 413 2087
413 972 2087
293 2719 2905
2905 293 2719
2719 293 2905
1465 612 1895
1895 612 1465
612 1465 1895
921 1313 2397
1313 921 2397
2397 921 1313
1076 1451 1576
1576 1076 1451
1451 1076 1576
1293 1988 2067
2067 1293 1988
1988 1293 2067
1238 923 1184
923 1184 1238
1184 923 1238
2840 2545 2629
2545 2629 2840
2629 2545 2840
1774 1237 1326
1326 1237 1774
1237 1326 1774
2111 1615 2098
2098 1615 2111
1615 2098 2111
857 2173 2610
2173 857 2610
2610 857 2173
428 486 2185
2185 428 486
486 428 2185
1391 1087 2790
2790 1087 1391
1087 1391 2790
1144 459 2000
459 1144 2000
2000 459 1144
1373 606 2802
606 1373 2802
2802 606 1373
2656 2177 2959
2177 2656 2959
2959 2177 2656
1299 2003 2501
2003 1299 2501
2501 1299 2003
198 304 836
836 198 304
304 198 836
399 1220 1529
1220 399 1529
1529 399 1220
1946 2351 2979
2979 1946 2351
2351 1946 2979
872 295 2198
295 872 2198
2198 295 872
2899 625 1871
1871 625 2899
625 1871 2899
1546 328 2536
328 1546 2536
2536 328 1546
1557 223 1244
1244 223 1557
223 1244 1557
2469 1595 2903
1595 2469 2903
2903 1595 2469
1090 512 1235
512 1090 1235
1235 512 1090
979 1531 2871
2871 979 1531
1531 979 2871
1475 1092 1829
1092 1475 1829
1829 1092 1475
559 1424 2023
1424 559 2023
2023 559 1424
1314 718 2468
2468 718 1314
718 1314 2468
307 108 865
865 108 307
108 307 865
2096 1412 1528
1528 1412 2096
1412 1528 2096
2478 354 1608
354 1608 2478
1608 354 2478
2828 1500 1525
1525 1500 2828
1500 1525 2828
1999 2 1926
1926 2 1999
2 1926 1999
176 1350 2282
1350 176 2282
2282 176 1350
766 481 1121
481 766 1121
1121 481 766
188 1639 2421
2421 188 1639
1639 188 2421
1319 221 1785
1785 221 1319
221 1319 1785
775 1190 2145
1190 775 2145
2145 775 1190
738 340 2664
340 738 2664
2664 340 738
2217 1286 2526
1286 2217 2526
2526 1286 2217
1928 412 1247
412 1247 1928
1247 412 1928
2985 1333 2971
1333 2971 2985
2971 1333 2985
751 902 2853
902 751 2853
2853 751 902
2865 1936 2361
1936 2361 2865
2361 1936 2865
1965 1569 1753
1753 1569 1965
1569 1753 1965
1977 364 903
903 364 1977
364 903 1977
730 1553 1910
1553 730 1910
1910 730 1553
473 183 1072
183 473 1072
1072 183 473
1637 1822 2605
2605 1637 1822
1822 1637 2605
2609 1614 1725
1725 1614 2609
1614 1725 2609
1394 71 561
561 71 1394
71 561 1394
643 1328 2431
2431 643 1328
1328 643 2431
1039 508 1215
1215 508 1039
508 1039 1215
1806 201 392
392 201 1806
201 392 1806
2022 1403 2811
1403 2022 2811
2811 1403 2022
954 613 1764
1764 613 954
613 954 1764
118 1266 2688
1266 118 2688
2688 118 1266
729 1457 2100
2100 729 1457
1457 729 2100
789 1289 2175
1289 789 2175
2175 789 1289
131 1181 1827
1827 131 1181
1181 131 1827
2860 1102 2569
2569 1102 2860
1102 2569 2860
1280 1718 2115
1718 1280 2115
2115 1280 1718
1891 593 2032
2032 593 1891
593 1891 2032
1593 826 2662
2662 826 1593
826 1593 2662
770 1652 2444
2444 770 1652
1652 770 2444
1575 1083 1425
1083 1425 1575
1425 1083 1575
2015 2386 2938
2938 2015 2386
2386 2015 2938
1841 314 2438
314 1841 2438
2438 314 1841
1536 497 1094
497 1094 1536
1094 497 1536
2195 540 2544
2544 540 2195
540 2195 2544
383 1260 1606
1606 383 1260
1260 383 1606
2215 110 1657
110 1657 2215
1657 110 2215
2427 931 1702
1702 931 2427
931 1702 2427
1715 47 2954
2954 47 1715
47 1715 2954
1354 1934 2048
2048 1354 1934
1934 1354 2048
321 283 2784
2784 283 321
283 321 2784
1610 438 2972
2972 438 1610
438 1610 2972
1511 325 716
716 325 1511
325 716 1511
879 244 442
442 244 879
244 442 879
1110 1172 1903
1172 1110 1903
1903 1110 1172
288 803 1983
1983 288 803
803 288 1983
305 42 1972
1972 42 305
42 305 1972
2196 622 1228
622 1228 2196
1228 622 2196
2158 1864 2798
1864 2158 2798
2798 1864 2158
348 1230 1901
1901 348 1230
1230 348 1901
2051 1783 2029
1783 2029 2051
2029 1783 2051
2254 1428 2986
2986 1428 2254
1428 2254 2986
942 2099 2710
2710 942 2099
2099 942 2710
168 2348 2880
2348 168 2880
2880 168 2348
298 228 629
228 298 629
629 228 298
2456 2771 2997
2771 2456 2997
2997 2456 2771
672 1990 2374
2374 672 1990
1990 672 2374
1032 1920 2152
2152 1032 1920
1920 1032 2152
1837 1188 2542
2542 1188 1837
1188 1837 2542
1138 2505 2888
2888 1138 2505
2505 1138 2888
2388 261 743
261 743 2388
743 261 2388
2518 1867 2981
1867 2518 2981
2981 1867 2518
2316 1742 2514
1742 2316 2514
2514 1742 2316
1572 120 237
120 237 1572
237 120 1572
1761 719 2453
719 1761 2453
2453 719 1761
1930 2140 2155
2155 1930 2140
2140 1930 2155
2568 846 913
913 846 2568
846 913 2568
2206 457 2878
457 2206 2878
2878 457 2206
88 973 2546
973 88 2546
2546 88 973
1766 287 1477
287 1477 1766
1477 287 1766
1211 1438 2937
2937 1211 1438
1438 1211 2937
2914 799 2225
2225 799 2914
799 2225 2914
2750 1003 1226
1226 1003 2750
1003 1226 2750
754 1214 2577
2577 754 1214
1214 754 2577
2586 422 2445
422 2445 2586
2445 422 2586
1104 2139 2678
2139 1104 2678
2678 1104 2139
574 11 68
68 11 574
11 68 574
2137 1751 2523
1751 2137 2523
2523 1751 2137
2628 1272 2756
2756 1272 2628
1272 2628 2756
1545 1462 2293
1462 1545 2293
2293 1462 1545
2826 275 1600
1600 275 2826
275 1600 2826
2035 285 1097
285 1097 2035
1097 285 2035
896 1828 2715
1828 896 2715
2715 896 1828
1893 167 669
669 167 1893
167 669 1893
1851 977 2716
977 1851 2716
2716 977 1851
1233 1359 1534
1534 1233 1359
1359 1233 1534
2134 1320 2801
1320 2134 2801
2801 1320 2134
1717 1908 2455
1908 1717 2455
2455 1717 1908
2970 577 1666
577 1666 2970
1666 577 2970
2639 637 1434
1434 637 2639
637 1434 2639
1952 1399 1892
1892 1399 1952
1399 1892 1952
1982 899 1134
1134 899 1982
899 1134 1982
1416 2246 2487
2246 1416 2487
2487 1416 2246
2747 883 1369
883 1369 2747
1369 883 2747
1480 2028 2698
2028 1480 2698
2698 1480 2028
2761 1987 2223
2223 1987 2761
1987 2223 2761
2922 781 1136
1136 781 2922
781 1136 2922
2176 969 2562
2562 969 2176
969 2176 2562
489 1951 2789
1951 489 2789
2789 489 1951
1263 1174 1662
1662 1174 1263
1174 1263 1662
1811 1471 2399
2399 1471 1811
1471 1811 2399
35 341 2930
2930 35 341
341 35 2930
2611 660 2763
660 2611 2763
2763 660 2611
1508 2584 2996
2996 1508 2584
2584 1508 2996
2240 129 2026
129 2026 2240
2026 129 2240
1663 668 2064
2064 668 1663
668 1663 2064
1229 566 2683
2683 566 1229
566 1229 2683
1382 1489 1900
1900 1382 1489
1489 1382 1900
130 1594 2780
2780 130 1594
1594 130 2780
366 54 910
910 54 366
54 366 910
2497 722 2580
722 2497 2580
2580 722 2497
551 1218 2204
1218 551 2204
2204 551 1218
2113 974 2559
2559 974 2113
974 2113 2559
2557 475 2607
475 2557 2607
2607 475 2557
1296 2058 2189
2189 1296 2058
2058 1296 2189
493 384 1283
384 493 1283
1283 384 493
936 957 1537
1537 936 957
957 936 1537
2294 338 804
338 804 2294
804 338 2294
2116 2292 2943
2292 2116 2943
2943 2116 2292
2214 689 2404
2404 689 2214
689 2214 2404
1440 2430 2608
2608 1440 2430
2430 1440 2608
2859 1716 2674
2674 1716 2859
1716 2674 2859
1577 2226 2821
2226 1577 2821
2821 1577 2226
1520 1158 1159
1159 1158 1520
1158 1159 1520
2573 2049 2382
2382 2049 2573
2049 2382 2573
1430 1445 2857
1445 1430 2857
2857 1430 1445
449 1490 1904
1904 449 1490
1490 449 1904
1060 29 1863
29 1060 1863
1863 29 1060
501 1332 2463
1332 501 2463
2463 501 1332
1187 277 713
713 277 1187
277 713 1187
1370 699 2957
2957 699 1370
699 1370 2957
1541 2057 2295
2057 1541 2295
2295 1541 2057
2168 1113 1768
1113 1768 2168
1768 1113 2168
1519 1130 1431
1130 1431 1519
1431 1130 1519
463 949 2419
2419 463 949
949 463 2419
1459 968 2506
968 1459 2506
2506 968 1459
2779 1812 1833
1833 1812 2779
1812 1833 2779
1586 1008 1712
1712 1008 1586
1008 1586 1712
1435 676 1772
1772 676 1435
676 1435 1772
1632 2114 2758
2758 1632 2114
2114 1632 2758
2895 928 2600
2600 928 2895
928 2600 2895
316 1491 2576
1491 316 2576
2576 316 1491
2875 2617 2705
2617 2705 2875
2705 2617 2875
2151 1014 1271
1271 1014 2151
1014 1271 2151
1074 1994 2082
1994 1074 2082
2082 1074 1994
1155 516 2415
516 1155 2415
2415 516 1155
1023 2485 2746
2746 1023 2485
2485 1023 2746
2612 114 220
114 220 2612
220 114 2612
331 1628 2249
2249 331 1628
1628 331 2249
1683 600 2181
2181 600 1683
600 1683 2181
2649 1337 1450
1337 1450 2649
1450 1337 2649
2614 1596 2533
1596 2533 2614
2533 1596 2614
1502 1695 2275
1695 1502 2275
2275 1502 1695
2625 1570 2105
2105 1570 2625
1570 2105 2625
2620 1648 2342
2342 1648 2620
1648 2342 2620
1644 1111 1612
1111 1612 1644
1612 1111 1644
1883 1887 2527
1887 1883 2527
2527 1883 1887
1054 159 1269
159 1054 1269
1269 159 1054
1476 1055 1486
1486 1055 1476
1055 1476 1486
596 2019 2190
2019 596 2190
2190 596 2019
547 227 2081
227 547 2081
2081 227 547
765 439 1361
1361 439 765
439 765 1361
1387 1199 1561
1561 1199 1387
1199 1387 1561
2413 2638 2776
2638 2413 2776
2776 2413 2638
815 263 734
263 734 815
734 263 815
814 1063 2702
2702 814 1063
1063 814 2702
2241 151 2632
151 2241 2632
2632 151 2241
216 764 2585
2585 216 764
764 216 2585
2284 2621 2755
2621 2284 2755
2755 2284 2621
692 2406 2823
2406 692 2823
2823 692 2406
2915 112 1433
1433 112 2915
112 1433 2915
1706 664 2876
664 1706 2876
2876 664 1706
2390 5 89
89 5 2390
5 89 2390
502 536 2448
536 502 2448
2448 502 536
1020 1770 2085
1770 1020 2085
2085 1020 1770
1917 2150 2769
2769 1917 2150
2150 1917 2769
2786 615 1962
615 1962 2786
1962 615 2786
2606 1037 2948
1037 2606 2948
2948 1037 2606
233 2054 2983
2054 233 2983
2983 233 2054
1722 2307 2841
2307 1722 2841
2841 1722 2307
935 182 1050
1050 182 935
182 935 1050
1117 554 2350
554 1117 2350
2350 554 1117
686 1338 1380
1380 686 1338
1338 686 1380
1322 909 2303
909 1322 2303
2303 909 1322
768 368 452
452 368 768
368 452 768
1869 1876 2653
1876 1869 2653
2653 1869 1876
1918 178 1410
178 1410 1918
1410 178 1918
2337 2213 2907
2907 2213 2337
2213 2337 2907
1243 73 2424
2424 73 1243
73 1243 2424
1189 1303 2631
1303 1189 2631
2631 1189 1303
3 145 695
145 3 695
695 3 145
747 192 628
192 628 747
628 192 747
1194 2534 2933
2534 1194 2933
2933 1194 2534
2694 203 284
284 203 2694
203 284 2694
2558 25 1004
1004 25 2558
25 1004 2558
1618 1641 2323
1641 1618 2323
2323 1618 1641
1623 2169 2252
2169 1623 2252
2252 1623 2169
1858 1739 2055
1739 1858 2055
2055 1739 1858
1651 14 2232
14 1651 2232
2232 14 1651
1755 8 2319
8 1755 2319
2319 8 1755
675 7 69
69 7 675
7 69 675
426 2291 2484
2484 426 2291
2291 426 2484
2120 1955 2507
1955 2120 2507
2507 1955 2120
994 863 2734
863 994 2734
2734 863 994
2209 75 2932
2932 75 2209
75 2209 2932
2969 67 2083
67 2083 2969
2083 67 2969
610 2646 2992
2646 610 2992
2992 610 2646
598 1100 2554
1100 598 2554
2554 598 1100
1223 1259 1960
1960 1223 1259
1259 1223 1960
165 2053 2788
2788 165 2053
2053 165 2788
2216 58 1906
58 1906 2216
1906 58 2216
2117 126 558
558 126 2117
126 558 2117
2312 342 521
521 342 2312
342 521 2312
822 605 2411
2411 605 822
605 822 2411
845 50 2748
50 845 2748
2748 50 845
276 1028 1124
1124 276 1028
1028 276 1124
441 333 2923
333 441 2923
2923 333 441
324 173 2493
173 324 2493
2493 173 324
400 360 2714
360 400 2714
2714 360 400
2886 786 1672
786 1672 2886
1672 786 2886
665 938 1413
938 665 1413
1413 665 938
6 1815 1856
1815 6 1856
1856 6 1815
296 2820 2921
2820 296 2921
2921 296 2820
2817 2186 2601
2601 2186 2817
2186 2601 2817
2837 359 482
359 482 2837
482 359 2837
1213 1961 2773
2773 1213 1961
1961 1213 2773
1625 358 2692
358 1625 2692
2692 358 1625
1330 1253 1884
1253 1330 1884
1884 1253 1330
2247 1279 1532
1279 1532 2247
1532 1279 2247
1854 611 1915
611 1854 1915
1915 611 1854
2259 991 1689
1689 991 2259
991 1689 2259
418 1204 2260
1204 418 2260
2260 418 1204
1225 818 1447
1447 818 1225
818 1225 1447
2050 306 798
306 798 2050
798 306 2050
2669 680 933
680 933 2669
933 680 2669
1374 914 1122
1122 914 1374
914 1122 1374
2102 1240 2751
1240 2102 2751
2751 1240 2102
1192 204 2385
2385 204 1192
204 1192 2385
84 749 1819
749 84 1819
1819 84 749
2578 1309 2877
2877 1309 2578
1309 2578 2877
525 1148 1592
1148 525 1592
1592 525 1148
1634 409 1254
409 1254 1634
1254 409 1634
1825 1547 1624
1547 1624 1825
1624 1547 1825
2904 421 1514
1514 421 2904
421 1514 2904
634 1250 1258
1250 634 1258
1258 634 1250
787 693 2961
2961 693 787
693 787 2961
162 1483 1499
1483 162 1499
1499 162 1483
2373 1291 2383
1291 2373 2383
2383 1291 2373
2574 2231 2739
2231 2574 2739
2739 2231 2574
2509 861 1584
1584 861 2509
861 1584 2509
1993 273 1605
1605 273 1993
273 1605 1993
379 922 2318
922 379 2318
2318 379 922
1088 290 1349
290 1088 1349
1349 290 1088
2017 451 2370
2370 451 2017
451 2017 2370
172 391 2647
391 172 2647
2647 172 391
568 189 1599
1599 189 568
189 568 1599
1948 696 2439
2439 696 1948
696 1948 2439
1975 507 1743
507 1743 1975
1743 507 1975
1789 544 810
810 544 1789
544 810 1789
103 2668 2803
2668 103 2803
2803 103 2668
1971 587 1607
1607 587 1971
587 1607 1971
908 266 1565
266 908 1565
1565 266 908
1550 867 1816
867 1550 1816
1816 867 1550
2777 1316 2855
1316 2777 2855
2855 1316 2777
2833 222 2332
222 2332 2833
2332 222 2833
964 1191 1765
1765 964 1191
1191 964 1765
2901 102 1694
1694 102 2901
102 1694 2901
1463 1318 1473
1318 1463 1473
1473 1318 1463
236 1126 1824
1126 236 1824
1824 236 1126
1526 950 1817
1817 950 1526
950 1526 1817
2165 1301 2613
1301 2165 2613
2613 1301 2165
106 774 1171
774 106 1171
1171 106 774
2657 461 1198
1198 461 2657
461 1198 2657
2076 2541 2563
2563 2076 2541
2541 2076 2563
2912 1754 2128
1754 2128 2912
2128 1754 2912
2919 137 2794
2794 137 2919
137 2794 2919
1558 2666 2753
2666 1558 2753
2753 1558 2666
1248 555 1752
555 1248 1752
1752 555 1248
1862 125 2290
2290 125 1862
125 1862 2290
1888 1306 2975
2975 1306 1888
1306 1888 2975
1653 1246 1821
1821 1246 1653
1246 1653 1821
1294 523 2615
2615 523 1294
523 1294 2615
213 720 2781
2781 213 720
720 213 2781
349 299 371
371 299 349
299 349 371
2556 1885 2138
1885 2138 2556
2138 1885 2556
2618 1168 1684
1684 1168 2618
1168 1684 2618
2489 1782 2136
2136 1782 2489
1782 2136 2489
313 2658 2770
2658 313 2770
2770 313 2658
335 1011 2428
1011 335 2428
2428 335 1011
1687 1396 1947
1947 1396 1687
1396 1687 1947
624 868 1799
1799 624 868
868 624 1799
462 196 2685
2685 196 462
196 462 2685
848 37 404
37 404 848
404 37 848
2166 1510 1899
1510 1899 2166
1899 1510 2166
2759 1776 2266
1776 2266 2759
2266 1776 2759
164 847 2592
847 164 2592
2592 164 847
2298 1242 1989
1242 1989 2298
1989 1242 2298
282 430 1830
430 282 1830
1830 282 430
289 562 2641
2641 289 562
562 289 2641
2281 209 855
209 855 2281
855 209 2281
2667 970 1840
1840 970 2667
970 1840 2667
1647 1894 2457
1894 1647 2457
2457 1647 1894
2835 1676 1737
1676 1737 2835
1737 1676 2835
2743 1868 2651
2651 1868 2743
1868 2651 2743
733 2359 2995
2995 733 2359
2359 733 2995
1329 1453 1932
1932 1329 1453
1453 1329 1932
1042 599 2749
599 1042 2749
2749 599 1042
2107 300 1156
300 1156 2107
1156 300 2107
2869 297 2825
2825 297 2869
297 2825 2869
2153 1873 2504
2504 1873 2153
1873 2153 2504
831 1979 2200
1979 831 2200
2200 831 1979
2220 1616 1792
1792 1616 2220
1616 1792 2220
1116 632 1497
632 1116 1497
1497 632 1116
650 556 1518
556 650 1518
1518 556 650
1009 901 1317
901 1009 1317
1317 901 1009
1323 458 1620
1620 458 1323
458 1323 1620
1736 961 2230
961 1736 2230
2230 961 1736
291 527 1538
527 291 1538
1538 291 527
1057 586 1468
586 1057 1468
1468 586 1057
1164 1896 2595
2595 1164 1896
1896 1164 2595
1182 829 2197
829 1182 2197
2197 829 1182
2885 1065 1933
1933 1065 2885
1065 1933 2885
2812 53 1700
1700 53 2812
53 1700 2812
434 1664 3000
1664 434 3000
3000 434 1664
2146 474 538
538 474 2146
474 538 2146
2989 1178 2844
2844 1178 2989
1178 2844 2989
1852 470 2712
470 1852 2712
2712 470 1852
2203 875 1070
1070 875 2203
875 1070 2203
407 179 1591
179 407 1591
1591 179 407
1018 1940 2503
1940 1018 2503
2503 1018 1940
1046 1793 2848
2848 1046 1793
1793 1046 2848
1686 1661 2690
1661 1686 2690
2690 1661 1686
1066 231 2339
231 1066 2339
2339 231 1066
320 1443 2044
2044 320 1443
1443 320 2044
2783 794 1120
1120 794 2783
794 1120 2783
2143 726 741
726 741 2143
741 726 2143
1019 28 210
28 210 1019
210 28 1019
2843 1635 1656
1635 1656 2843
1656 1635 2843
674 378 1099
378 674 1099
1099 378 674
86 1340 2262
2262 86 1340
1340 86 2262
1939 1154 2637
1154 1939 2637
2637 1154 1939
2642 248 1007
248 1007 2642
1007 248 2642
402 2174 2552
2552 402 2174
2174 402 2552
1966 2161 2684
2161 1966 2684
2684 1966 2161
87 1645 1791
1645 87 1791
1791 87 1645
483 416 2403
416 483 2403
2403 416 483
2852 1167 1921
1921 1167 2852
1167 1921 2852
1339 238 2752
2752 238 1339
238 1339 2752
2384 1078 1800
1800 1078 2384
1078 1800 2384
394 82 2884
2884 82 394
82 394 2884
2984 302 758
302 758 2984
758 302 2984
835 59 623
623 59 835
59 623 835
255 211 1667
211 255 1667
1667 211 255
390 2229 2791
2229 390 2791
2791 390 2229
2624 1276 2499
2499 1276 2624
1276 2499 2624
1589 1345 1432
1345 1432 1589
1432 1345 1589
2896 1771 2425
1771 2425 2896
2425 1771 2896
1123 703 2329
703 1123 2329
2329 703 1123
1304 36 897
36 897 1304
897 36 1304
241 788 2560
2560 241 788
788 241 2560
374 44 1107
44 374 1107
1107 44 374
590 116 842
842 116 590
116 590 842
1205 2243 2946
2243 1205 2946
2946 1205 2243
271 2300 2324
2300 271 2324
2324 271 2300
2123 537 1331
1331 537 2123
537 1331 2123
2088 2172 2805
2805 2088 2172
2172 2088 2805
2224 169 1006
1006 169 2224
169 1006 2224
2720 336 2897
2897 336 2720
336 2720 2897
2027 2112 2157
2157 2027 2112
2112 2027 2157
1881 362 2472
2472 362 1881
362 1881 2472
782 534 2276
534 782 2276
2276 534 782
2460 1574 2398
1574 2398 2460
2398 1574 2460
2695 124 1098
124 1098 2695
1098 124 2695
756 1655 2459
1655 756 2459
2459 756 1655
2603 274 986
274 986 2603
986 274 2603
375 830 1112
1112 375 830
830 375 1112
2599 350 2754
2754 350 2599
350 2599 2754
1924 23 351
23 351 1924
351 23 1924
2850 15 361
15 361 2850
361 15 2850
2879 816 1780
816 1780 2879
1780 816 2879
455 66 2321
2321 66 455
66 455 2321
1498 1481 1692
1481 1498 1692
1692 1481 1498
2645 170 1835
1835 170 2645
170 1835 2645
778 373 985
373 778 985
985 373 778
519 281 785
785 281 519
281 519 785
1512 202 387
387 202 1512
202 387 1512
783 1414 2218
2218 783 1414
1414 783 2218
504 1905 2358
1905 504 2358
2358 504 1905
153 478 958
958 153 478
478 153 958
2021 1358 1929
1929 1358 2021
1358 1929 2021
776 657 1429
1429 657 776
657 776 1429
1482 589 640
640 589 1482
589 640 1482
70 981 2564
2564 70 981
981 70 2564
2512 406 2924
2924 406 2512
406 2512 2924
601 2561 2643
2561 601 2643
2643 601 2561
937 550 1267
1267 550 937
550 937 1267
2978 710 2149
710 2149 2978
2149 710 2978
1598 607 2435
607 1598 2435
2435 607 1598
1467 484 2691
484 1467 2691
2691 484 1467
1073 802 874
802 874 1073
874 802 1073
2227 1469 1985
1985 1469 2227
1469 1985 2227
2164 1202 2725
2725 1202 2164
1202 2164 2725
252 1305 1855
1305 252 1855
1855 252 1305
1193 851 2864
2864 851 1193
851 1193 2864
852 376 2222
376 852 2222
2222 376 852
1143 820 2306
2306 820 1143
820 1143 2306
1281 269 2590
2590 269 1281
269 1281 2590
2528 529 2074
2074 529 2528
529 2074 2528
2304 975 1378
975 1378 2304
1378 975 2304
1701 917 1288
1288 917 1701
917 1288 1701
642 616 960
960 616 642
616 642 960
1877 1292 1950
1950 1292 1877
1292 1877 1950
2502 1231 2936
2936 1231 2502
1231 2502 2936
1995 1805 2849
1805 1995 2849
2849 1805 1995
2482 1034 1795
1034 1795 2482
1795 1034 2482
980 1026 1907
1026 980 1907
1907 980 1026
132 1629 2945
1629 132 2945
2945 132 1629
1750 386 1398
1398 386 1750
386 1398 1750
1252 343 445
343 445 1252
445 343 1252
1567 464 1659
1659 464 1567
464 1567 1659
1552 393 1239
1239 393 1552
393 1239 1552
1842 753 1264
1264 753 1842
753 1264 1842
319 485 828
828 319 485
485 319 828
1075 72 1609
72 1075 1609
1609 72 1075
215 1650 2952
1650 215 2952
2952 215 1650
1563 1668 2344
1668 1563 2344
2344 1563 1668
2982 1773 2999
1773 2982 2999
2999 1773 2982
1302 140 2340
140 1302 2340
2340 140 1302
569 147 2925
2925 147 569
147 569 2925
229 309 1047
309 229 1047
1047 229 309
467 873 2976
873 467 2976
2976 467 873
1724 2394 2846
2846 1724 2394
2394 1724 2846
1355 2118 2248
2248 1355 2118
2118 1355 2248
1495 113 1802
113 1495 1802
1802 113 1495
1150 927 990
927 990 1150
990 927 1150
736 264 2310
2310 264 736
264 736 2310
1619 2242 2575
2242 1619 2575
2575 1619 2242
217 2052 2909
2909 217 2052
2052 217 2909
1234 1517 2587
2587 1234 1517
1517 1234 2587
565 1103 2170
1103 565 2170
2170 565 1103
2732 661 1573
661 1573 2732
1573 661 2732
1578 466 1981
1981 466 1578
466 1578 1981
267 930 1439
930 267 1439
1439 267 930
2510 564 1109
564 1109 2510
1109 564 2510
185 240 2212
2212 185 240
240 185 2212
1633 32 2730
32 1633 2730
2730 32 1633
1209 2075 2326
2075 1209 2326
2326 1209 2075
2703 2598 2829
2598 2703 2829
2829 2598 2703
2010 9 1197
9 1197 2010
1197 9 2010
163 635 1051
635 163 1051
1051 163 635
1426 34 1931
34 1426 1931
1931 34 1426
200 1183 2654
1183 200 2654
2654 200 1183
234 1427 2873
1427 234 2873
2873 234 1427
194 539 2517
2517 194 539
539 194 2517
174 138 2103
138 174 2103
2103 138 174
2881 2407 2927
2927 2407 2881
2407 2881 2927
2037 1834 2366
2366 1834 2037
1834 2037 2366
2699 27 1372
27 1372 2699
1372 27 2699
2045 1208 1870
1208 1870 2045
1870 1208 2045
1622 2602 2627
2602 1622 2627
2627 1622 2602
648 1386 1850
1850 648 1386
1386 648 1850
2796 2038 2070
2038 2070 2796
2070 2038 2796
2381 1005 2671
1005 2381 2671
2671 1005 2381
2963 476 682
682 476 2963
476 682 2963
2162 998 1089
1089 998 2162
998 1089 2162
737 1351 1699
1699 737 1351
1351 737 1699
1095 1745 2313
1745 1095 2313
2313 1095 1745
423 717 1967
717 423 1967
1967 423 717
1256 61 2717
61 1256 2717
2717 61 1256
2451 417 509
417 509 2451
509 417 2451
2635 1064 2066
2066 1064 2635
1064 2066 2635
1043 1362 2648
1362 1043 2648
2648 1043 1362
286 653 1344
653 286 1344
1344 286 653
327 1342 1747
1747 327 1342
1342 327 1747
714 4 1478
1478 4 714
4 714 1478
1401 246 2449
246 1401 2449
2449 246 1401
1436 965 1472
1472 965 1436
965 1436 1472
777 272 1848
1848 272 777
272 777 1848
2257 225 864
864 225 2257
225 864 2257
763 2490 2696
2490 763 2696
2696 763 2490
1748 382 1980
1980 382 1748
382 1748 1980
1638 122 187
122 187 1638
187 122 1638
1493 1957 2458
1957 1493 2458
2458 1493 1957
256 1944 2352
1944 256 2352
2352 256 1944
448 95 1976
95 448 1976
1976 95 448
1697 495 1735
1735 495 1697
495 1697 1735
2396 45 2949
45 2396 2949
2949 45 2396
2867 1582 2782
1582 2782 2867
2782 1582 2867
2392 1492 2464
1492 2392 2464
2464 1492 2392
396 619 1521
1521 396 619
619 396 1521
511 46 2467
46 511 2467
2467 46 511
2437 2597 2987
2597 2437 2987
2987 2437 2597
1029 860 982
982 860 1029
860 982 1029
1588 471 2001
471 1588 2001
2001 471 1588
395 1866 2593
2593 395 1866
1866 395 2593
1161 805 866
866 805 1161
805 866 1161
1804 1556 2442
2442 1556 1804
1556 1804 2442
688 514 905
905 514 688
514 688 905
890 578 1602
578 890 1602
1602 578 890
2644 946 1101
946 1101 2644
1101 946 2644
2792 1654 2056
2056 1654 2792
1654 2056 2792
772 199 2356
2356 199 772
199 772 2356
2520 107 1912
1912 107 2520
107 1912 2520
83 1265 2265
2265 83 1265
1265 83 2265
1129 644 760
644 760 1129
760 644 1129
1147 841 2486
2486 841 1147
841 1147 2486
1353 329 2892
2892 329 1353
329 1353 2892
1013 636 1217
636 1013 1217
1217 636 1013
2272 41 1522
1522 41 2272
41 1522 2272
2079 24 2476
24 2079 2476
2476 24 2079
524 919 1044
1044 524 919
919 524 1044
518 1277 1621
1621 518 1277
1277 518 1621
1678 431 967
431 967 1678
967 431 1678
398 1466 1505
1505 398 1466
1466 398 1505
940 186 1897
1897 186 940
186 940 1897
1559 694 1914
694 1559 1914
1914 694 1559
2475 2072 2400
2400 2072 2475
2072 2400 2475
2270 1590 1849
1590 1849 2270
1849 1590 2270
81 1726 2872
1726 81 2872
2872 81 1726
1417 294 2941
294 1417 2941
2941 294 1417
1195 1583 2868
2868 1195 1583
1583 1195 2868
2477 641 1890
1890 641 2477
641 1890 2477
2047 1311 2832
1311 2047 2832
2832 1311 2047
690 1086 2077
2077 690 1086
1086 690 2077
363 1241 1777
1241 363 1777
1777 363 1241
259 468 1509
468 259 1509
1509 259 468
77 745 1284
745 77 1284
1284 77 745
871 100 1831
100 871 1831
1831 100 871
96 1836 2207
2207 96 1836
1836 96 2207
2670 2288 2951
2951 2288 2670
2288 2670 2951
2738 944 2681
2681 944 2738
944 2681 2738
1452 190 2711
2711 190 1452
190 1452 2711
1364 2078 2931
2078 1364 2931
2931 1364 2078
49 1127 1730
1730 49 1127
1127 49 1730
761 12 608
12 608 761
608 12 761
490 780 2199
780 490 2199
2199 490 780
520 2650 2778
2778 520 2650
2650 520 2778
214 479 1968
1968 214 479
479 214 1968
1261 1845 2594
2594 1261 1845
1845 1261 2594
2799 1153 2742
2742 1153 2799
1153 2742 2799
1679 133 962
962 133 1679
133 962 1679
1740 542 2040
542 1740 2040
2040 542 1740
2192 530 2787
2787 530 2192
530 2192 2787
2513 843 2409
2409 843 2513
843 2409 2513
1992 127 1393
1393 127 1992
127 1393 1992
1786 1035 1474
1035 1474 1786
1474 1035 1786
2977 142 1441
142 1441 2977
1441 142 2977
1142 1031 2492
1031 1142 2492
2492 1031 1142
859 1540 2160
1540 859 2160
2160 859 1540
2178 526 2706
526 2178 2706
2706 526 2178
494 2018 2141
2141 494 2018
2018 494 2141
1978 1523 2008
1523 1978 2008
2008 1523 1978
1071 906 1963
906 1071 1963
1963 906 1071
894 953 1128
953 894 1128
1128 894 953
824 889 1049
1049 824 889
889 824 1049
1458 191 573
191 573 1458
573 191 1458
1411 704 1177
704 1177 1411
1177 704 1411
809 226 570
226 570 809
570 226 809
2619 503 1555
503 1555 2619
1555 503 2619
2596 1343 1974
1974 1343 2596
1343 1974 2596
16 621 2652
621 16 2652
2652 16 621
74 2418 2793
2793 74 2418
2418 74 2793
2422 2417 2565
2565 2417 2422
2417 2422 2565
1176 101 2854
101 1176 2854
2854 101 1176
2515 888 1779
888 1779 2515
1779 888 2515
2353 323 1002
1002 323 2353
323 1002 2353
1270 2261 2807
2807 1270 2261
2261 1270 2807
1207 1798 1859
1859 1207 1798
1798 1207 1859
2838 388 1996
1996 388 2838
388 1996 2838
315 1222 2929
2929 315 1222
1222 315 2929
721 652 2159
2159 652 721
652 721 2159
832 1640 2447
1640 832 2447
2447 832 1640
1543 499 2119
2119 499 1543
499 1543 2119
1268 633 1325
1325 633 1268
633 1268 1325
701 2187 2994
2187 701 2994
2994 701 2187
1017 1376 2030
2030 1017 1376
1376 1017 2030
1853 683 1069
683 1069 1853
1069 683 1853
1312 1665 1763
1763 1312 1665
1665 1312 1763
1418 55 2357
2357 55 1418
55 1418 2357
1115 941 2182
941 1115 2182
2182 941 1115
2125 1986 2500
2500 1986 2125
1986 2125 2500
2278 2538 2555
2555 2278 2538
2538 2278 2555
750 1880 2367
2367 750 1880
1880 750 2367
2131 1710 1964
1710 1964 2131
1964 1710 2131
52 739 1406
739 52 1406
1406 52 739
1660 762 1501
762 1501 1660
1501 762 1660
2378 1562 2322
1562 2322 2378
2322 1562 2378
1832 904 1360
904 1360 1832
1360 904 1832
322 268 2663
268 322 2663
2663 268 322
744 444 2376
444 744 2376
2376 444 744
2109 357 1408
1408 357 2109
357 1408 2109
1068 557 1290
1290 557 1068
557 1068 1290
2822 212 1941
1941 212 2822
212 1941 2822
500 195 850
195 500 850
850 195 500
1680 2068 2940
2940 1680 2068
2068 1680 2940
2813 2283 2465
2283 2465 2813
2465 2283 2813
631 727 2900
2900 631 727
727 631 2900
1021 1627 1874
1627 1021 1874
1874 1021 1627
177 934 1227
934 177 1227
1227 177 934
456 2253 2824
2253 456 2824
2824 456 2253
403 2566 2928
2566 403 2928
2928 403 2566
1535 345 2132
2132 345 1535
345 1535 2132
98 1423 1757
1423 98 1757
1757 98 1423
1297 1352 2818
1352 1297 2818
2818 1297 1352
2471 2046 2299
2046 2299 2471
2299 2046 2471
2540 123 1363
1363 123 2540
123 1363 2540
487 2126 2440
2126 487 2440
2440 487 2126
1937 784 2498
784 1937 2498
2498 784 1937
2697 260 2964
2964 260 2697
260 2697 2964
2519 1157 2785
2785 1157 2519
1157 2519 2785
2672 410 1579
410 1579 2672
1579 410 2672
1813 2426 2736
2426 1813 2736
2736 1813 2426
2433 853 2757
853 2433 2757
2757 853 2433
2583 224 1169
224 1169 2583
1169 224 2583
2661 1460 2535
1460 2535 2661
2535 1460 2661
2129 1367 1611
1611 1367 2129
1367 1611 2129
148 450 639
639 148 450
450 148 639
1030 247 2235
2235 247 1030
247 1030 2235
2289 1587 2906
1587 2289 2906
2906 1587 2289
1409 369 2745
2745 369 1409
369 1409 2745
2474 1705 2379
2379 1705 2474
1705 2379 2474
2080 2410 2956
2956 2080 2410
2410 2080 2956
377 2273 2375
2375 377 2273
2273 377 2375
2530 839 2762
839 2530 2762
2762 839 2530
2480 549 1879
549 1879 2480
1879 549 2480
1368 963 1749
963 1368 1749
1749 963 1368
1381 1400 2336
2336 1381 1400
1400 1381 2336
1 1444 1801
1444 1 1801
1801 1 1444
1581 18 1108
1108 18 1581
18 1108 1581
627 415 1131
1131 415 627
415 627 1131
2327 746 1788
1788 746 2327
746 1788 2327
1257 1539 1860
1860 1257 1539
1539 1257 1860
1673 1390 1470
1470 1390 1673
1390 1470 1673
580 546 1000
1000 546 580
546 580 1000
347 1210 2993
1210 347 2993
2993 347 1210
1916 85 1096
1096 85 1916
85 1096 1916
1140 943 1180
1180 943 1140
943 1140 1180
31 870 2581
870 31 2581
2581 31 870
440 1067 1682
1067 440 1682
1682 440 1067
767 1454 2908
1454 767 2908
2908 767 1454
2882 884 895
895 884 2882
884 895 2882
2234 157 2516
2516 157 2234
157 2234 2516
1056 136 1216
136 1056 1216
1216 136 1056
2184 1919 2953
2953 1919 2184
1919 2184 2953
2360 1544 2926
1544 2360 2926
2926 1544 2360
262 706 2701
706 262 2701
2701 262 706
134 1823 2211
1823 134 2211
2211 134 1823
2910 698 918
918 698 2910
698 918 2910
346 658 2133
658 346 2133
2133 346 658
685 1079 2033
1079 685 2033
2033 685 1079
617 1448 2845
2845 617 1448
1448 617 2845
352 833 1542
1542 352 833
833 352 1542
48 2380 2461
2380 48 2461
2461 48 2380
2347 65 128
65 128 2347
128 65 2347
181 1729 1838
1838 181 1729
1729 181 1838
1808 2089 2494
2089 1808 2494
2494 1808 2089
344 161 2766
161 344 2766
2766 161 344
91 1601 2847
2847 91 1601
1601 91 2847
528 681 2633
2633 528 681
681 528 2633
728 1282 1551
1551 728 1282
1282 728 1551
1125 849 2013
849 1125 2013
2013 849 1125
955 2142 2998
2998 955 2142
2142 955 2998
2962 1287 2194
1287 2194 2962
2194 1287 2962
854 591 1392
1392 591 854
591 854 1392
2335 2354 2889
2354 2335 2889
2889 2335 2354
2317 1603 2287
1603 2287 2317
2287 1603 2317
175 1630 2020
1630 175 2020
2020 175 1630
2007 1036 1356
1036 1356 2007
1356 1036 2007
1461 63 663
63 663 1461
663 63 1461
655 334 971
334 655 971
971 334 655
2851 757 1084
1084 757 2851
757 1084 2851
886 567 2775
567 886 2775
2775 567 886
1956 1085 1674
1085 1674 1956
1674 1085 1956
2539 425 1658
1658 425 2539
425 1658 2539
2913 2073 2659
2659 2073 2913
2073 2659 2913
844 806 1206
806 844 1206
1206 806 844
2320 1449 2537
2537 1449 2320
1449 2320 2537
2858 1970 2567
2567 1970 2858
1970 2567 2858
1077 292 1062
1062 292 1077
292 1062 1077
2086 649 834
649 834 2086
834 649 2086
630 312 667
312 630 667
667 312 630
2511 1163 2496
2496 1163 2511
1163 2496 2511
1173 1844 1942
1942 1173 1844
1844 1173 1942
2147 1455 2862
2862 1455 2147
1455 2147 2862
2588 477 517
477 517 2588
517 477 2588
618 2104 2704
2704 618 2104
2104 618 2704
1731 1045 1675
1675 1045 1731
1045 1675 1731
1366 1997 2305
2305 1366 1997
1997 1366 2305
2944 401 2733
401 2733 2944
2733 401 2944
2238 427 2491
427 2238 2491
2491 427 2238
924 912 2264
2264 912 924
912 924 2264
779 20 2042
20 779 2042
2042 20 779
545 370 1405
370 545 1405
1405 370 545
687 1487 2819
1487 687 2819
2819 687 1487
2548 257 2693
257 2548 2693
2693 257 2548
659 878 1991
878 659 1991
1991 659 878
326 109 1839
1839 109 326
109 326 1839
2071 197 796
796 197 2071
197 796 2071
1875 939 2101
939 1875 2101
2101 939 1875
553 78 1756
1756 78 553
78 553 1756
117 17 1533
17 117 1533
1533 17 117
149 959 2731
2731 149 959
959 149 2731
1506 365 1925
1925 365 1506
365 1506 1925
1334 1052 2634
2634 1052 1334
1052 1334 2634
1324 817 2830
817 1324 2830
2830 817 1324
1872 1041 2331
1041 1872 2331
2331 1041 1872
2947 2061 2389
2061 2389 2947
2389 2061 2947
2097 405 2423
2423 405 2097
405 2097 2423
987 592 2277
592 987 2277
2277 592 987
2741 1307 2622
1307 2622 2741
2622 1307 2741
1273 22 2966
22 1273 2966
2966 22 1273
446 1949 2887
2887 446 1949
1949 446 2887
723 239 1698
239 723 1698
1698 239 723
2006 821 1922
821 1922 2006
1922 821 2006
2060 2002 2269
2002 2060 2269
2269 2002 2060
249 355 2180
355 249 2180
2180 249 355
62 1818 1826
1826 62 1818
1818 62 1826
677 1300 1554
1300 677 1554
1554 677 1300
2795 708 2039
2039 708 2795
708 2039 2795
869 372 2836
2836 372 869
372 869 2836
1203 1341 2031
2031 1203 1341
1341 1203 2031
1389 184 742
742 184 1389
184 742 1389
51 1347 2063
1347 51 2063
2063 51 1347
885 1923 2395
2395 885 1923
1923 885 2395
2524 408 2244
2244 408 2524
408 2244 2524
505 2362 2543
2543 505 2362
2362 505 2543
2201 1357 1732
1357 1732 2201
1732 1357 2201
2364 278 1954
278 1954 2364
1954 278 2364
1275 245 1346
245 1275 1346
1346 245 1275
1580 230 1585
230 1580 1585
1585 230 1580
2256 995 2268
995 2256 2268
2268 995 2256
1106 154 2255
2255 154 1106
154 1106 2255
1671 877 1152
1152 877 1671
877 1152 1671
807 700 915
700 807 915
915 700 807
1137 2311 2334
2334 1137 2311
2311 1137 2334
1024 1636 1784
1636 1024 1784
1784 1024 1636
588 531 2470
531 588 2470
2470 531 588
480 800 2891
800 480 2891
2891 480 800
801 1902 2735
2735 801 1902
1902 801 2735
1759 115 235
235 115 1759
115 235 1759
638 1383 2466
2466 638 1383
1383 638 2466
563 64 2640
64 563 2640
2640 64 563
907 33 2939
2939 33 907
33 907 2939
532 424 2025
