278 40 231
231 40 278
40 231 278
38 118 126
118 38 126
126 38 118
121 260 297
297 121 260
260 121 297
299 30 224
224 30 299
30 224 299
177 18 166
166 18 177
18 166 177
90 92 267
267 90 92
92 90 267
25 46 95
95 25 46
46 25 95
7 45 198
45 7 198
198 7 45
279 2 169
2 169 279
169 2 279
68 31 172
31 68 172
172 31 68
236 42 82
82 42 236
42 82 236
108 44 61
61 44 108
44 61 108
75 158 246
246 75 158
158 75 246
66 101 287
101 66 287
287 66 101
251 19 241
19 241 251
241 19 251
296 29 132
29 132 296
132 29 296
271 112 209
209 112 271
112 209 271
240 8 291
8 240 291
291 8 240
17 69 171
171 17 69
69 17 171
185 258 270
270 185 258
258 185 270
285 77 155
77 155 285
155 77 285
62 174 194
174 62 194
194 62 174
33 36 243
36 33 243
243 33 36
233 22 28
28 22 233
22 28 233
204 140 197
197 140 204
140 197 204
253 93 111
111 93 253
93 111 253
250 263 266
263 250 266
266 250 263
152 47 259
47 152 259
259 47 152
249 16 48
48 16 249
16 48 249
282 12 103
12 103 282
103 12 282
257 137 175
137 175 257
175 137 257
63 182 220
220 63 182
182 63 220
135 98 162
98 135 162
162 98 135
128 55 134
134 55 128
55 128 134
200 147 272
147 200 272
272 147 200
37 107 275
275 37 107
107 37 275
120 52 210
210 52 120
52 120 210
264 215 248
215 248 264
248 215 264
261 186 276
186 261 276
276 186 261
179 78 247
78 179 247
247 78 179
59 102 143
143 59 102
102 59 143
27 9 193
193 9 27
9 27 193
70 84 254
84 70 254
254 70 84
235 1 129
1 129 235
129 1 235
89 15 131
131 15 89
15 89 131
164 163 205
205 163 164
163 164 205
54 91 189
91 54 189
189 54 91
24 127 187
127 24 187
187 24 127
184 146 268
268 146 184
146 184 268
113 176 255
176 113 255
255 113 176
97 211 288
288 97 211
211 97 288
180 72 80
80 72 180
72 80 180
222 212 252
252 212 222
212 222 252
289 14 141
14 141 289
141 14 289
4 3 216
216 3 4
3 4 216
153 114 195
114 153 195
195 114 153
256 5 117
5 117 256
117 5 256
71 81 228
228 71 81
81 71 228
57 76 208
76 57 208
208 57 76
148 139 213
139 148 213
213 139 148
35 94 165
94 35 165
165 35 94
73 144 283
283 73 144
144 73 283
234 86 104
104 86 234
86 104 234
64 88 178
88 64 178
178 64 88
87 96 173
173 87 96
96 87 173
206 41 151
41 151 206
151 41 206
11 109 130
109 11 130
130 11 109
227 123 223
123 223 227
223 123 227
217 196 295
295 196 217
196 217 295
167 106 242
106 167 242
242 106 167
202 192 244
244 192 202
192 202 244
43 26 136
136 26 43
26 43 136
225 110 274
274 110 225
110 225 274
13 100 161
161 13 100
100 13 161
124 21 168
21 124 168
168 21 124
119 79 142
79 119 142
142 79 119
51 149 286
286 51 149
149 51 286
201 65 191
191 65 201
65 191 201
284 49 293
293 49 284
49 284 293
34 60 290
290 34 60
60 34 290
199 85 218
218 85 199
85 199 218
159 145 156
156 145 159
145 156 159
99 10 229
10 99 229
229 10 99
238 74 298
74 238 298
298 74 238
105 122 190
190 105 122
122 105 190
221 245 292
245 221 292
292 221 245
150 219 239
219 150 239
239 150 219
23 56 207
207 23 56
56 23 207
294 32 230
230 32 294
32 230 294
39 170 214
214 39 170
170 39 214
277 115 280
115 277 280
280 115 277
232 6 265
265 6 232
6 232 265
138 226 262
226 138 262
262 138 226
133 50 53
53 50 133
50 53 133
237 67 116
116 67 237
67 116 237
154 83 160
160 83 154
83 154 160
58 20 188
20 58 188
188 20 58
269 181 183
183 181 269
181 183 269
125 157 281
157 125 281
281 125 157
273 203 300
300 203 273
203 273 300
