6558 9334 13111
9334 6558 13111
13111 6558 9334
10442 909 13382
909 10442 13382
13382 909 10442
12829 220 12634
220 12634 12829
12634 220 12829
12846 1248 6386
1248 6386 12846
6386 1248 12846
6774 2684 10928
10928 2684 6774
2684 6774 10928
3195 5359 13770
13770 3195 5359
5359 3195 13770
6248 1109 12012
12012 1109 6248
1109 6248 12012
4051 6155 12493
6155 4051 12493
12493 4051 6155
8117 2335 9449
9449 2335 8117
2335 8117 9449
1989 3594 12483
3594 1989 12483
12483 1989 3594
9453 906 1038
906 1038 9453
1038 906 9453
14782 13079 14134
13079 14134 14782
14134 13079 14782
835 7871 12212
7871 835 12212
12212 835 7871
2542 8781 14947
14947 2542 8781
8781 2542 14947
13207 4435 6047
6047 4435 13207
4435 6047 13207
6659 4586 10601
4586 6659 10601
10601 4586 6659
6773 5667 11680
5667 6773 11680
11680 5667 6773
2951 78 3371
3371 78 2951
78 2951 3371
8966 1968 7668
7668 1968 8966
1968 7668 8966
1612 5624 13351
13351 1612 5624
5624 1612 13351
11273 9371 14066
14066 9371 11273
9371 11273 14066
2679 5291 5675
5675 2679 5291
5291 2679 5675
9010 10417 14059
10417 9010 14059
14059 9010 10417
6457 1778 13493
13493 1778 6457
1778 6457 13493
6134 6159 6784
6784 6134 6159
6159 6134 6784
4213 2521 7938
2521 4213 7938
7938 2521 4213
3015 3468 14433
14433 3015 3468
3468 3015 14433
4589 10408 12228
12228 4589 10408
10408 4589 12228
541 7545 13317
7545 541 13317
13317 541 7545
10409 12377 13150
12377 10409 13150
13150 10409 12377
4743 1527 4169
1527 4169 4743
4169 1527 4743
8718 7920 14265
7920 8718 14265
14265 7920 8718
7894 4669 4687
4669 4687 7894
4687 4669 7894
5114 647 12755
12755 647 5114
647 5114 12755
2043 4464 10534
10534 2043 4464
4464 2043 10534
14173 2751 13023
13023 2751 14173
2751 13023 14173
4719 5961 13112
5961 4719 13112
13112 4719 5961
11581 546 14845
546 11581 14845
14845 546 11581
6036 3022 13595
13595 3022 6036
3022 6036 13595
5950 5677 7633
5677 5950 7633
7633 5677 5950
8719 10312 11743
10312 8719 11743
11743 8719 10312
9820 6694 11717
6694 9820 11717
11717 6694 9820
2681 5022 14203
14203 2681 5022
5022 2681 14203
8173 9932 11779
9932 8173 11779
11779 8173 9932
11744 2671 3368
2671 3368 11744
3368 2671 11744
2580 1807 4544
1807 2580 4544
4544 1807 2580
14630 270 9589
9589 270 14630
270 9589 14630
9148 2142 12808
2142 9148 12808
12808 2142 9148
454 809 1615
809 454 1615
1615 454 809
4916 2678 8480
8480 2678 4916
2678 4916 8480
6236 5718 6115
5718 6115 6236
6115 5718 6236
7210 3575 10028
10028 3575 7210
3575 7210 10028
4303 11570 12231
11570 4303 12231
12231 4303 11570
11330 1870 9495
1870 9495 11330
9495 1870 11330
7261 607 6767
6767 607 7261
607 6767 7261
14694 371 14344
371 14344 14694
14344 371 14694
11195 2454 12659
2454 11195 12659
12659 2454 11195
8155 2793 13450
13450 2793 8155
2793 8155 13450
6030 6968 12224
12224 6030 6968
6968 6030 12224
12091 5315 12042
5315 12042 12091
12042 5315 12091
8377 109 13282
109 8377 13282
13282 109 8377
14508 1204 14910
1204 14508 14910
14910 1204 14508
11070 1934 11293
11293 1934 11070
1934 11070 11293
13699 1901 6120
1901 6120 13699
6120 1901 13699
1359 4018 8684
8684 1359 4018
4018 1359 8684
7039 3064 9386
3064 7039 9386
9386 3064 7039
4802 430 13328
430 4802 13328
13328 430 4802
9345 1008 13647
1008 9345 13647
13647 1008 9345
1341 5314 14151
5314 1341 14151
14151 1341 5314
14283 315 6112
315 6112 14283
6112 315 14283
12698 3591 8882
3591 8882 12698
8882 3591 12698
14632 11383 13121
11383 13121 14632
13121 11383 14632
8149 9293 9817
9817 8149 9293
9293 8149 9817
1585 1257 9592
1257 1585 9592
9592 1257 1585
11903 11702 13902
11702 11903 13902
13902 11702 11903
7134 1318 10313
1318 7134 10313
10313 1318 7134
4763 8455 9901
8455 4763 9901
9901 4763 8455
3545 2646 8573
8573 2646 3545
2646 3545 8573
945 6645 7997
7997 945 6645
6645 945 7997
2581 1636 11958
11958 1636 2581
1636 2581 11958
10463 7798 11142
7798 10463 11142
11142 7798 10463
12799 8972 12995
8972 12799 12995
12995 8972 12799
2935 9497 12049
12049 2935 9497
9497 2935 12049
10274 4500 12520
4500 10274 12520
12520 4500 10274
10862 184 11869
184 10862 11869
11869 184 10862
12571 885 9018
9018 885 12571
885 9018 12571
4087 944 9199
944 4087 9199
9199 944 4087
4010 1722 14997
1722 4010 14997
14997 1722 4010
14739 357 2692
357 2692 14739
2692 357 14739
1982 3104 6610
6610 1982 3104
3104 1982 6610
4720 6614 10548
6614 4720 10548
10548 4720 6614
12562 14213 14380
14213 12562 14380
14380 12562 14213
11379 518 2947
518 2947 11379
2947 518 11379
14236 8395 9175
8395 9175 14236
9175 8395 14236
13610 2608 6185
6185 2608 13610
2608 6185 13610
3637 2595 10933
2595 3637 10933
10933 2595 3637
2817 3141 9482
9482 2817 3141
3141 2817 9482
12245 13136 14855
14855 12245 13136
13136 12245 14855
8098 8784 14504
14504 8098 8784
8784 8098 14504
14566 4104 8498
4104 8498 14566
8498 4104 14566
13272 7140 8296
7140 8296 13272
8296 7140 13272
11496 4599 6893
4599 6893 11496
6893 4599 11496
4361 4430 14168
14168 4361 4430
4430 4361 14168
9002 3117 11035
3117 9002 11035
11035 3117 9002
1468 8056 12148
8056 1468 12148
12148 1468 8056
13828 7685 9811
7685 9811 13828
9811 7685 13828
560 1954 12421
1954 560 12421
12421 560 1954
965 614 13964
614 965 13964
13964 614 965
1513 3768 7647
7647 1513 3768
3768 1513 7647
11654 11798 12474
12474 11654 11798
11798 11654 12474
3209 4448 9272
4448 3209 9272
9272 3209 4448
9664 2707 5603
5603 2707 9664
2707 5603 9664
9599 4041 14825
4041 9599 14825
14825 4041 9599
6221 1133 4135
4135 1133 6221
1133 4135 6221
9168 9329 12196
12196 9168 9329
9329 9168 12196
3053 4489 7307
7307 3053 4489
4489 3053 7307
5506 10097 14180
10097 5506 14180
14180 5506 10097
6076 12652 14637
12652 6076 14637
14637 6076 12652
14519 1339 3378
1339 3378 14519
3378 1339 14519
2092 2215 7344
7344 2092 2215
2215 2092 7344
8525 7987 9431
9431 7987 8525
7987 8525 9431
4928 10132 12839
10132 4928 12839
12839 4928 10132
4758 2545 3687
2545 3687 4758
3687 2545 4758
13784 8205 11282
8205 11282 13784
11282 8205 13784
13293 4364 10574
4364 10574 13293
10574 4364 13293
4892 2704 2786
2704 2786 4892
2786 2704 4892
5725 5978 8822
8822 5725 5978
5978 5725 8822
11709 11692 14994
11692 11709 14994
14994 11692 11709
11300 803 8791
803 8791 11300
8791 803 11300
4108 2839 3469
2839 3469 4108
3469 2839 4108
7908 10326 11722
11722 7908 10326
10326 7908 11722
12465 119 2164
119 2164 12465
2164 119 12465
10410 542 4865
4865 542 10410
542 4865 10410
860 9838 12876
9838 860 12876
12876 860 9838
12633 8977 11440
8977 11440 12633
11440 8977 12633
11715 2532 3070
3070 2532 11715
2532 3070 11715
13710 11667 12723
11667 12723 13710
12723 11667 13710
9108 12388 13714
13714 9108 12388
12388 9108 13714
12928 879 11055
11055 879 12928
879 11055 12928
8432 4449 14149
4449 8432 14149
14149 4449 8432
10211 2934 14392
2934 10211 14392
14392 2934 10211
4616 717 11731
11731 717 4616
717 4616 11731
47 2011 11116
11116 47 2011
2011 47 11116
8599 10043 10512
10512 8599 10043
10043 8599 10512
5004 3094 10202
3094 5004 10202
10202 3094 5004
6088 11515 12735
11515 6088 12735
12735 6088 11515
12349 6013 9864
9864 6013 12349
6013 9864 12349
1434 11759 13020
11759 1434 13020
13020 1434 11759
14055 5866 11426
5866 11426 14055
11426 5866 14055
617 5926 9947
5926 617 9947
9947 617 5926
1780 3120 5417
5417 1780 3120
3120 1780 5417
11987 9965 10178
9965 10178 11987
10178 9965 11987
4910 4863 5650
4863 4910 5650
5650 4863 4910
10459 1411 13592
13592 1411 10459
1411 10459 13592
14000 1929 10317
10317 1929 14000
1929 10317 14000
9953 2489 10791
2489 9953 10791
10791 2489 9953
11073 5914 11298
11298 5914 11073
5914 11073 11298
6031 11358 14736
11358 6031 14736
14736 6031 11358
6596 6272 11561
6272 6596 11561
11561 6272 6596
11101 7204 12728
12728 7204 11101
7204 11101 12728
2844 272 13888
13888 272 2844
272 2844 13888
11776 741 12350
12350 741 11776
741 11776 12350
12311 6832 8747
8747 6832 12311
6832 8747 12311
1967 7131 13221
13221 1967 7131
7131 1967 13221
2769 4603 4714
4603 2769 4714
4714 2769 4603
8196 4756 10993
4756 8196 10993
10993 4756 8196
646 192 8907
8907 192 646
192 646 8907
1245 73 5751
5751 73 1245
73 1245 5751
13950 825 13018
13018 825 13950
825 13018 13950
14709 3339 11396
11396 3339 14709
3339 11396 14709
6778 5763 11828
11828 5763 6778
5763 6778 11828
7303 7598 8832
7598 7303 8832
8832 7303 7598
9515 3102 11239
11239 3102 9515
3102 9515 11239
12701 13033 14245
13033 12701 14245
14245 12701 13033
10251 4122 10250
4122 10250 10251
10250 4122 10251
9816 3310 14665
3310 9816 14665
14665 3310 9816
8771 520 4074
4074 520 8771
520 4074 8771
11004 4088 12805
4088 11004 12805
12805 4088 11004
4193 2252 13447
2252 4193 13447
13447 2252 4193
8150 1510 8324
8324 1510 8150
1510 8150 8324
10391 9326 11487
11487 9326 10391
9326 10391 11487
2625 3585 5214
5214 2625 3585
3585 2625 5214
11028 2987 7403
2987 7403 11028
7403 2987 11028
5613 8538 11850
8538 5613 11850
11850 5613 8538
13596 4640 10687
4640 10687 13596
10687 4640 13596
9137 4438 9708
4438 9137 9708
9708 4438 9137
10946 4876 8521
8521 4876 10946
4876 8521 10946
13753 1593 3506
1593 3506 13753
3506 1593 13753
11246 4971 8528
4971 8528 11246
8528 4971 11246
7573 3950 6321
6321 3950 7573
3950 6321 7573
5208 523 5263
523 5208 5263
5263 523 5208
6581 2360 14397
14397 2360 6581
2360 6581 14397
13789 880 1845
880 1845 13789
1845 880 13789
494 4149 6062
4149 494 6062
6062 494 4149
3821 378 4739
378 3821 4739
4739 378 3821
5105 2979 13451
13451 2979 5105
2979 5105 13451
4778 4011 9830
9830 4011 4778
4011 4778 9830
7285 4564 8391
8391 4564 7285
4564 7285 8391
5759 12783 14452
12783 5759 14452
14452 5759 12783
2734 7616 9403
9403 2734 7616
7616 2734 9403
1602 1011 9952
9952 1011 1602
1011 1602 9952
4819 2381 4821
4821 2381 4819
2381 4819 4821
5379 2172 2999
2172 2999 5379
2999 2172 5379
10890 2739 12667
2739 10890 12667
12667 2739 10890
845 6238 12578
6238 845 12578
12578 845 6238
7037 2001 3636
3636 2001 7037
2001 3636 7037
14277 10259 11240
10259 11240 14277
11240 10259 14277
9122 521 6987
521 6987 9122
6987 521 9122
4759 5397 14766
5397 4759 14766
14766 4759 5397
12336 11316 13143
13143 11316 12336
11316 12336 13143
5942 2779 8814
2779 5942 8814
8814 2779 5942
13889 1325 12565
1325 12565 13889
12565 1325 13889
6624 3845 4846
3845 4846 6624
4846 3845 6624
10188 8689 12399
8689 10188 12399
12399 8689 10188
13721 2387 9983
9983 2387 13721
2387 9983 13721
10808 9870 13039
13039 9870 10808
9870 10808 13039
4470 7518 11204
7518 4470 11204
11204 4470 7518
14015 6417 14638
14638 6417 14015
6417 14015 14638
7225 2518 14974
2518 7225 14974
14974 2518 7225
11707 747 5443
5443 747 11707
747 5443 11707
1025 11318 13846
11318 1025 13846
13846 1025 11318
14160 626 2308
2308 626 14160
626 2308 14160
5311 12169 13833
13833 5311 12169
12169 5311 13833
10079 7478 9454
9454 7478 10079
7478 9454 10079
4569 3889 5556
3889 4569 5556
5556 3889 4569
1999 2452 5085
5085 1999 2452
2452 1999 5085
10719 1697 6147
1697 6147 10719
6147 1697 10719
9699 223 6446
6446 223 9699
223 6446 9699
14920 3269 5756
3269 5756 14920
5756 3269 14920
13877 10146 13575
10146 13575 13877
13575 10146 13877
5471 779 3841
3841 779 5471
779 3841 5471
2173 3372 13910
3372 2173 13910
13910 2173 3372
81 10257 12367
12367 81 10257
10257 81 12367
10671 8669 9193
8669 9193 10671
9193 8669 10671
2522 1704 9296
9296 1704 2522
1704 2522 9296
712 3466 9759
9759 712 3466
3466 712 9759
10506 3206 12235
3206 10506 12235
12235 3206 10506
2806 9492 14521
14521 2806 9492
9492 2806 14521
242 7445 12130
7445 242 12130
12130 242 7445
9321 1113 12139
12139 1113 9321
1113 9321 12139
4502 2636 6100
2636 4502 6100
6100 2636 4502
7673 6008 14468
6008 7673 14468
14468 6008 7673
14050 4433 7642
7642 4433 14050
4433 7642 14050
3860 5524 8635
8635 3860 5524
5524 3860 8635
11656 9349 12498
12498 9349 11656
9349 11656 12498
1420 6715 7846
6715 1420 7846
7846 1420 6715
10269 273 2781
273 2781 10269
2781 273 10269
7942 4231 6071
6071 4231 7942
4231 6071 7942
7001 1268 4895
1268 4895 7001
4895 1268 7001
3524 3261 4237
3261 3524 4237
4237 3261 3524
55 344 5499
5499 55 344
344 55 5499
8942 235 5212
5212 235 8942
235 5212 8942
4578 1839 6543
6543 1839 4578
1839 4578 6543
5221 11178 14369
14369 5221 11178
11178 5221 14369
214 4553 8847
8847 214 4553
4553 214 8847
228 9480 12088
9480 228 12088
12088 228 9480
14576 3472 9852
3472 9852 14576
9852 3472 14576
10369 13213 13992
13213 10369 13992
13992 10369 13213
10660 1190 8189
8189 1190 10660
1190 8189 10660
1475 1825 8502
8502 1475 1825
1825 1475 8502
5091 9845 12745
12745 5091 9845
9845 5091 12745
4230 3918 14158
3918 4230 14158
14158 3918 4230
7454 2268 4355
4355 2268 7454
2268 4355 7454
6140 3842 6838
6838 3842 6140
3842 6140 6838
5027 591 4380
591 4380 5027
4380 591 5027
8284 10245 14410
10245 8284 14410
14410 8284 10245
14839 3285 5662
5662 3285 14839
3285 5662 14839
11369 3662 6376
3662 6376 11369
6376 3662 11369
1759 6174 10582
10582 1759 6174
6174 1759 10582
3207 7835 9729
9729 3207 7835
7835 3207 9729
7761 5997 12069
5997 7761 12069
12069 5997 7761
5505 10875 14182
10875 5505 14182
14182 5505 10875
9897 8240 12896
12896 8240 9897
8240 9897 12896
2211 2419 11469
2419 2211 11469
11469 2211 2419
4115 8137 9736
9736 4115 8137
8137 4115 9736
14522 7338 8638
7338 8638 14522
8638 7338 14522
9740 5856 6102
6102 5856 9740
5856 6102 9740
11061 11223 11960
11223 11061 11960
11960 11061 11223
5799 3539 7889
7889 3539 5799
3539 5799 7889
5382 5473 11558
11558 5382 5473
5473 5382 11558
966 10657 14121
14121 966 10657
10657 966 14121
10263 13569 13845
13845 10263 13569
13569 10263 13845
10230 11086 14438
14438 10230 11086
11086 10230 14438
11428 9891 12557
9891 11428 12557
12557 9891 11428
759 1696 2000
2000 759 1696
1696 759 2000
2800 166 2177
2177 166 2800
166 2177 2800
12450 9681 12910
9681 12450 12910
12910 9681 12450
4958 8694 14806
8694 4958 14806
14806 4958 8694
7191 4672 4774
4774 4672 7191
4672 4774 7191
11793 2897 14980
14980 2897 11793
2897 11793 14980
9412 6489 11410
11410 6489 9412
6489 9412 11410
14567 14147 14762
14762 14147 14567
14147 14567 14762
11534 4086 4629
4086 4629 11534
4629 4086 11534
11955 7587 11456
7587 11456 11955
11456 7587 11955
4782 2848 13085
2848 4782 13085
13085 2848 4782
2782 8400 11161
11161 2782 8400
8400 2782 11161
4793 3062 7411
7411 3062 4793
3062 4793 7411
2469 1570 7077
7077 1570 2469
1570 2469 7077
12460 1529 3288
3288 1529 12460
1529 3288 12460
11029 1881 7010
1881 7010 11029
7010 1881 11029
14959 144 11366
144 11366 14959
11366 144 14959
1347 10627 12592
12592 1347 10627
10627 1347 12592
4920 8419 8904
8419 4920 8904
8904 4920 8419
1053 8940 10137
10137 1053 8940
8940 1053 10137
14757 1625 6857
6857 1625 14757
1625 6857 14757
6533 1978 13042
13042 1978 6533
1978 6533 13042
4214 5587 14478
14478 4214 5587
5587 4214 14478
8390 1710 13648
13648 1710 8390
1710 8390 13648
11194 8319 10264
10264 8319 11194
8319 10264 11194
13097 6086 10827
6086 10827 13097
10827 6086 13097
1355 3529 10001
3529 1355 10001
10001 1355 3529
8225 1518 12612
12612 1518 8225
1518 8225 12612
7869 8078 9808
8078 7869 9808
9808 7869 8078
8530 1191 12065
1191 8530 12065
12065 1191 8530
12032 1427 12017
1427 12017 12032
12017 1427 12032
11030 6966 7906
6966 7906 11030
7906 6966 11030
8601 9313 10908
10908 8601 9313
9313 8601 10908
4282 2395 10415
2395 4282 10415
10415 2395 4282
8997 850 11264
11264 850 8997
850 8997 11264
3593 7912 14575
7912 3593 14575
14575 3593 7912
6200 9682 10628
9682 6200 10628
10628 6200 9682
2363 2334 8288
8288 2334 2363
2334 2363 8288
4929 8687 12903
8687 4929 12903
12903 4929 8687
1556 3027 12066
3027 1556 12066
12066 1556 3027
6964 2798 10564
2798 6964 10564
10564 2798 6964
8308 3087 8586
3087 8308 8586
8586 3087 8308
7472 8021 13469
13469 7472 8021
8021 7472 13469
1609 11414 12865
11414 1609 12865
12865 1609 11414
1333 3989 12502
12502 1333 3989
3989 1333 12502
1145 5230 8764
5230 1145 8764
8764 1145 5230
7873 1000 8055
8055 1000 7873
1000 7873 8055
5767 9081 10724
10724 5767 9081
9081 5767 10724
2192 12789 14495
14495 2192 12789
12789 2192 14495
3122 2528 14701
2528 3122 14701
14701 2528 3122
5833 6497 12371
6497 5833 12371
12371 5833 6497
3474 8949 11749
8949 3474 11749
11749 3474 8949
155 2178 6428
2178 155 6428
6428 155 2178
9051 2421 6209
2421 6209 9051
6209 2421 9051
3780 44 11103
44 3780 11103
11103 44 3780
14488 1118 1370
1370 1118 14488
1118 1370 14488
13037 2887 7412
7412 2887 13037
2887 7412 13037
10270 6335 7123
7123 6335 10270
6335 7123 10270
9060 216 3987
3987 216 9060
216 3987 9060
10989 211 9755
211 9755 10989
9755 211 10989
9360 8584 9283
8584 9283 9360
9283 8584 9360
1922 410 11856
410 1922 11856
11856 410 1922
9099 5140 13286
13286 5140 9099
5140 9099 13286
2802 11110 11811
11110 2802 11811
11811 2802 11110
4850 7540 14346
14346 4850 7540
7540 4850 14346
11983 5937 14617
14617 5937 11983
5937 11983 14617
4796 1078 10683
10683 1078 4796
1078 4796 10683
7052 2263 3675
2263 3675 7052
3675 2263 7052
10098 1900 2299
1900 2299 10098
2299 1900 10098
4471 2659 4516
2659 4471 4516
4516 2659 4471
11696 1699 11091
11091 1699 11696
1699 11091 11696
10112 8702 9894
9894 8702 10112
8702 9894 10112
3665 2108 13866
2108 3665 13866
13866 2108 3665
8710 8909 14117
8909 8710 14117
14117 8710 8909
2277 13050 13760
13760 2277 13050
13050 2277 13760
6251 1 9533
1 6251 9533
9533 1 6251
6054 6401 6754
6401 6054 6754
6754 6054 6401
9920 1656 1824
1656 1824 9920
1824 1656 9920
11329 4528 5903
4528 5903 11329
5903 4528 11329
8097 10617 14721
14721 8097 10617
10617 8097 14721
6258 1714 10910
1714 6258 10910
10910 1714 6258
11602 987 12446
987 11602 12446
12446 987 11602
10466 3760 12404
3760 10466 12404
12404 3760 10466
361 9091 9898
9898 361 9091
9091 361 9898
2422 574 10872
574 2422 10872
10872 574 2422
4331 4584 8860
8860 4331 4584
4584 4331 8860
12292 2109 9962
9962 2109 12292
2109 9962 12292
4944 2205 13740
13740 2205 4944
2205 4944 13740
5539 3628 10990
3628 5539 10990
10990 3628 5539
13752 2094 12361
2094 12361 13752
12361 2094 13752
746 1672 5843
5843 746 1672
1672 746 5843
11074 9034 13361
9034 11074 13361
13361 9034 11074
11928 3755 8877
3755 8877 11928
8877 3755 11928
11622 3731 13174
3731 11622 13174
13174 3731 11622
13466 11080 12721
12721 11080 13466
11080 12721 13466
14776 396 10792
396 10792 14776
10792 396 14776
4017 171 1528
171 1528 4017
1528 171 4017
7017 190 1600
190 1600 7017
1600 190 7017
9428 9062 13495
9062 9428 13495
13495 9062 9428
2340 1455 5800
5800 1455 2340
1455 2340 5800
2432 7781 14307
14307 2432 7781
7781 2432 14307
14162 7782 9780
9780 7782 14162
7782 9780 14162
11170 1499 6590
6590 1499 11170
1499 6590 11170
8171 9974 14295
9974 8171 14295
14295 8171 9974
3643 5486 14527
5486 3643 14527
14527 3643 5486
11164 5541 10797
10797 5541 11164
5541 10797 11164
4276 3854 8236
3854 4276 8236
8236 3854 4276
4721 11265 13591
13591 4721 11265
11265 4721 13591
5798 1880 9655
1880 5798 9655
9655 1880 5798
6909 7530 12904
12904 6909 7530
7530 6909 12904
13194 3072 13322
13322 3072 13194
3072 13194 13322
1390 2425 11986
2425 1390 11986
11986 1390 2425
3939 240 13439
13439 240 3939
240 3939 13439
13243 5867 7484
7484 5867 13243
5867 7484 13243
103 9377 11891
9377 103 11891
11891 103 9377
5969 11261 14908
14908 5969 11261
11261 5969 14908
1295 12550 12588
12588 1295 12550
12550 1295 12588
11913 11138 13802
13802 11138 11913
11138 11913 13802
6384 5598 13594
5598 6384 13594
13594 5598 6384
163 833 9818
833 163 9818
9818 163 833
5470 6415 7029
6415 5470 7029
7029 5470 6415
14559 2383 6569
6569 2383 14559
2383 6569 14559
1649 4197 6802
6802 1649 4197
4197 1649 6802
8775 8981 9812
8981 8775 9812
9812 8775 8981
9196 4191 5836
5836 4191 9196
4191 5836 9196
4922 2324 12283
12283 2324 4922
2324 4922 12283
13173 13600 14705
13600 13173 14705
14705 13173 13600
10310 8658 13372
8658 10310 13372
13372 8658 10310
2162 1917 2080
2080 1917 2162
1917 2080 2162
325 6340 8306
6340 325 8306
8306 325 6340
9090 8420 8848
8420 8848 9090
8848 8420 9090
14136 2063 3016
2063 3016 14136
3016 2063 14136
11752 126 14911
126 11752 14911
14911 126 11752
2306 8243 12092
12092 2306 8243
8243 2306 12092
1328 2941 9425
2941 1328 9425
9425 1328 2941
7112 13180 14074
13180 7112 14074
14074 7112 13180
713 5928 11319
5928 713 11319
11319 713 5928
3244 95 8960
8960 95 3244
95 3244 8960
1219 3928 4823
4823 1219 3928
3928 1219 4823
14986 1155 7516
1155 7516 14986
7516 1155 14986
4327 10474 10688
10474 4327 10688
10688 4327 10474
14952 12490 12491
12491 12490 14952
12490 12491 14952
1562 781 7853
781 1562 7853
7853 781 1562
13092 13019 13503
13019 13092 13503
13503 13019 13092
5172 1227 10458
1227 5172 10458
10458 1227 5172
3762 8388 11706
11706 3762 8388
8388 3762 11706
4843 1335 9942
1335 4843 9942
9942 1335 4843
6775 1382 1995
1995 1382 6775
1382 1995 6775
1069 1921 11129
1921 1069 11129
11129 1069 1921
14775 11588 13134
13134 11588 14775
11588 13134 14775
10315 9997 14103
9997 10315 14103
14103 9997 10315
11013 5630 6127
5630 6127 11013
6127 5630 11013
5270 953 10513
10513 953 5270
953 5270 10513
14458 5870 9204
5870 9204 14458
9204 5870 14458
8340 3031 8816
8816 3031 8340
3031 8340 8816
12886 5684 14680
14680 5684 12886
5684 12886 14680
4455 5278 12085
5278 4455 12085
12085 4455 5278
10307 5302 14754
14754 5302 10307
5302 10307 14754
14018 9815 10075
10075 9815 14018
9815 10075 14018
8250 5211 5420
5420 5211 8250
5211 5420 8250
983 7961 12117
12117 983 7961
7961 983 12117
8491 301 10615
301 8491 10615
10615 301 8491
2206 4210 13787
4210 2206 13787
13787 2206 4210
6768 2666 6527
6527 2666 6768
2666 6527 6768
6809 6079 8402
6079 6809 8402
8402 6079 6809
1798 5195 9138
9138 1798 5195
5195 1798 9138
4302 5201 11354
11354 4302 5201
5201 4302 11354
5216 113 14228
14228 113 5216
113 5216 14228
9033 2231 9461
2231 9033 9461
9461 2231 9033
13189 3541 4842
3541 4842 13189
4842 3541 13189
7612 8943 14047
8943 7612 14047
14047 7612 8943
12533 5717 8398
5717 8398 12533
8398 5717 12533
14557 5134 5819
5819 5134 14557
5134 5819 14557
10820 2765 4983
4983 2765 10820
2765 4983 10820
1734 8678 10068
8678 1734 10068
10068 1734 8678
11280 13030 14634
14634 11280 13030
13030 11280 14634
6728 1086 4511
1086 4511 6728
4511 1086 6728
843 576 12744
12744 576 843
576 843 12744
1282 7056 11582
11582 1282 7056
7056 1282 11582
13061 2607 2990
2990 2607 13061
2607 2990 13061
11932 2045 3974
3974 2045 11932
2045 3974 11932
5771 5185 7602
5185 5771 7602
7602 5185 5771
5001 3057 11803
3057 5001 11803
11803 3057 5001
350 10555 11093
10555 350 11093
11093 350 10555
7909 1961 4019
1961 4019 7909
4019 1961 7909
611 3592 5183
3592 611 5183
5183 611 3592
8529 1827 8613
8613 1827 8529
1827 8529 8613
6731 5173 6626
6626 5173 6731
5173 6626 6731
14503 4788 13370
4788 13370 14503
13370 4788 14503
10203 5442 14105
14105 5442 10203
5442 10203 14105
6304 644 14897
644 6304 14897
14897 644 6304
12043 2738 10432
2738 10432 12043
10432 2738 12043
5094 751 12107
751 5094 12107
12107 751 5094
2481 14408 14511
14511 2481 14408
14408 2481 14511
858 3273 12124
12124 858 3273
3273 858 12124
10092 896 8361
896 8361 10092
8361 896 10092
5532 7181 12764
7181 5532 12764
12764 5532 7181
374 462 503
503 374 462
462 374 503
8159 5906 12599
12599 5906 8159
5906 8159 12599
12182 7421 14635
14635 7421 12182
7421 12182 14635
1911 303 9158
9158 303 1911
303 1911 9158
9103 3093 8974
3093 8974 9103
8974 3093 9103
7051 2700 13545
2700 7051 13545
13545 2700 7051
1873 1564 4311
4311 1564 1873
1564 1873 4311
10983 784 6271
784 6271 10983
6271 784 10983
4359 8664 9500
9500 4359 8664
8664 4359 9500
2256 5835 7662
5835 2256 7662
7662 2256 5835
6943 3712 7644
3712 6943 7644
7644 3712 6943
10100 2768 4668
4668 2768 10100
2768 4668 10100
3978 9746 9846
9746 3978 9846
9846 3978 9746
14913 6539 12213
12213 6539 14913
6539 12213 14913
12097 13811 13917
13917 12097 13811
13811 12097 13917
10377 231 2874
2874 231 10377
231 2874 10377
10457 9432 11151
11151 9432 10457
9432 10457 11151
11842 4746 6859
6859 4746 11842
4746 6859 11842
7165 7643 10007
7643 7165 10007
10007 7165 7643
10972 10591 13574
13574 10591 10972
10591 10972 13574
7710 2244 14498
2244 7710 14498
14498 2244 7710
8547 9003 12881
12881 8547 9003
9003 8547 12881
6488 1456 7947
7947 1456 6488
1456 6488 7947
10497 8887 11308
11308 8887 10497
8887 10497 11308
10811 6215 6336
6215 6336 10811
6336 6215 10811
300 8382 13685
8382 300 13685
13685 300 8382
6609 299 3038
299 3038 6609
3038 299 6609
2234 1814 4162
1814 2234 4162
4162 1814 2234
4786 2747 12639
12639 2747 4786
2747 4786 12639
6290 8321 10077
10077 6290 8321
8321 6290 10077
5542 7825 13120
7825 5542 13120
13120 5542 7825
3390 2274 13563
13563 2274 3390
2274 3390 13563
10072 4787 13954
4787 10072 13954
13954 4787 10072
7656 9632 12603
9632 7656 12603
12603 7656 9632
5266 841 1280
841 1280 5266
1280 841 5266
8431 2740 8939
2740 8431 8939
8939 2740 8431
12221 1987 2482
2482 1987 12221
1987 2482 12221
12056 6833 12567
6833 12056 12567
12567 6833 12056
11906 11745 14205
14205 11745 11906
11745 11906 14205
3823 5151 8335
8335 3823 5151
5151 3823 8335
9278 6684 10987
6684 9278 10987
10987 6684 9278
9120 8493 10020
10020 8493 9120
8493 9120 10020
13598 3249 14298
14298 3249 13598
3249 13598 14298
7041 912 7024
912 7024 7041
7024 912 7041
6173 1776 6022
1776 6022 6173
6022 1776 6173
8811 2719 7679
7679 2719 8811
2719 7679 8811
5656 6513 12047
12047 5656 6513
6513 5656 12047
8478 6237 12784
12784 6237 8478
6237 8478 12784
1952 861 6572
861 1952 6572
6572 861 1952
10982 903 13839
13839 903 10982
903 10982 13839
9029 594 6193
6193 594 9029
594 6193 9029
3214 4436 6416
4436 3214 6416
6416 3214 4436
3806 1927 5267
1927 3806 5267
5267 1927 3806
2559 3620 7012
3620 2559 7012
7012 2559 3620
6004 11568 13689
13689 6004 11568
11568 6004 13689
3 4129 11406
4129 3 11406
11406 3 4129
6954 3283 10175
10175 3283 6954
3283 6954 10175
11970 13277 14012
13277 11970 14012
14012 11970 13277
5881 13247 13612
13612 5881 13247
13247 5881 13612
8265 10676 13920
10676 8265 13920
13920 8265 10676
9956 3822 13927
13927 3822 9956
3822 9956 13927
4141 602 1951
602 1951 4141
1951 602 4141
7785 11181 13219
11181 7785 13219
13219 7785 11181
7549 2860 8859
8859 2860 7549
2860 7549 8859
12239 958 3901
958 3901 12239
3901 958 12239
6156 1524 13105
13105 1524 6156
1524 6156 13105
14723 12370 14250
14250 12370 14723
12370 14250 14723
11678 2365 10817
10817 2365 11678
2365 10817 11678
14440 1935 12006
12006 1935 14440
1935 12006 14440
3779 1626 3577
3577 1626 3779
1626 3577 3779
12555 2227 5596
5596 2227 12555
2227 5596 12555
5391 10088 14841
10088 5391 14841
14841 5391 10088
14717 3328 14568
14568 3328 14717
3328 14568 14717
7118 3725 11205
11205 3725 7118
3725 7118 11205
14914 10404 12521
12521 10404 14914
10404 12521 14914
14002 323 9960
323 9960 14002
9960 323 14002
14923 3430 7139
3430 7139 14923
7139 3430 14923
1157 5218 13773
5218 1157 13773
13773 1157 5218
8668 4812 14469
4812 8668 14469
14469 4812 8668
10392 4003 11436
4003 10392 11436
11436 4003 10392
5347 1566 8180
8180 1566 5347
1566 5347 8180
12448 556 2587
556 2587 12448
2587 556 12448
2910 3054 6029
3054 2910 6029
6029 2910 3054
967 911 2612
2612 911 967
911 967 2612
12111 2280 12984
12984 2280 12111
2280 12111 12984
10637 1555 12813
1555 10637 12813
12813 1555 10637
10801 624 790
790 624 10801
624 790 10801
2002 1940 8226
8226 1940 2002
1940 2002 8226
6814 4211 10223
10223 4211 6814
4211 6814 10223
7808 1251 7265
1251 7265 7808
7265 1251 7808
8610 4653 12606
12606 4653 8610
4653 8610 12606
8327 10324 11908
10324 8327 11908
11908 8327 10324
13528 962 7223
962 7223 13528
7223 962 13528
8554 1401 2955
2955 1401 8554
1401 2955 8554
3900 2813 8576
2813 3900 8576
8576 2813 3900
8894 9866 11492
9866 8894 11492
11492 8894 9866
10598 5791 12080
5791 10598 12080
12080 5791 10598
862 2795 3332
3332 862 2795
2795 862 3332
7645 13968 14041
14041 7645 13968
13968 7645 14041
11214 4936 10399
10399 4936 11214
4936 10399 11214
7359 3719 3879
3879 3719 7359
3719 3879 7359
5983 1731 5378
1731 5378 5983
5378 1731 5983
13794 6144 10809
6144 10809 13794
10809 6144 13794
8699 4312 11047
11047 4312 8699
4312 8699 11047
6800 13747 14926
14926 6800 13747
13747 6800 14926
13552 2601 3155
2601 3155 13552
3155 2601 13552
10285 1831 4852
1831 4852 10285
4852 1831 10285
11527 7028 9276
7028 9276 11527
9276 7028 11527
3774 10108 13080
13080 3774 10108
10108 3774 13080
1080 9005 11766
9005 1080 11766
11766 1080 9005
12026 2201 10543
10543 2201 12026
2201 10543 12026
2507 3714 11922
11922 2507 3714
3714 2507 11922
4082 53 10226
53 4082 10226
10226 53 4082
2794 5808 7480
7480 2794 5808
5808 2794 7480
2576 8571 12530
8571 2576 12530
12530 2576 8571
9850 2480 9670
2480 9670 9850
9670 2480 9850
12441 474 3013
474 3013 12441
3013 474 12441
6573 4413 14098
14098 4413 6573
4413 6573 14098
7432 363 8546
363 7432 8546
8546 363 7432
6756 7011 10712
7011 6756 10712
10712 6756 7011
13671 14343 14569
14343 13671 14569
14569 13671 14343
14852 4699 13044
13044 4699 14852
4699 13044 14852
6268 416 5103
416 5103 6268
5103 416 6268
14416 8203 10394
8203 10394 14416
10394 8203 14416
6357 1708 1756
1708 1756 6357
1756 1708 6357
8410 10630 10879
10879 8410 10630
10630 8410 10879
1536 7020 9527
9527 1536 7020
7020 1536 9527
3167 655 11501
655 3167 11501
11501 655 3167
1595 6123 7815
7815 1595 6123
6123 1595 7815
9192 413 5406
413 5406 9192
5406 413 9192
6287 1316 5823
1316 5823 6287
5823 1316 6287
3470 4123 12750
4123 3470 12750
12750 3470 4123
6161 1343 11630
11630 1343 6161
1343 6161 11630
13772 6297 11435
11435 6297 13772
6297 11435 13772
7163 918 1624
1624 918 7163
918 1624 7163
4160 4223 13743
13743 4160 4223
4223 4160 13743
10216 10865 13075
13075 10216 10865
10865 10216 13075
13938 4710 11466
11466 4710 13938
4710 11466 13938
8870 2546 14111
2546 8870 14111
14111 2546 8870
7615 4392 11535
4392 7615 11535
11535 4392 7615
14641 5289 14101
14101 5289 14641
5289 14101 14641
9328 3000 7081
7081 3000 9328
3000 7081 9328
625 6345 11412
11412 625 6345
6345 625 11412
3782 937 13687
937 3782 13687
13687 937 3782
9843 11661 13512
13512 9843 11661
11661 9843 13512
13673 1218 10343
1218 10343 13673
10343 1218 13673
8723 5610 13906
5610 8723 13906
13906 5610 8723
10261 8985 10371
10371 8985 10261
8985 10261 10371
5013 1494 10363
1494 5013 10363
10363 1494 5013
4989 3265 14367
3265 4989 14367
14367 3265 4989
1146 10158 11595
10158 1146 11595
11595 1146 10158
1498 186 5734
5734 186 1498
186 1498 5734
9197 8725 8735
8725 8735 9197
8735 8725 9197
8790 7377 8059
7377 8059 8790
8059 7377 8790
11631 7000 9324
7000 9324 11631
9324 7000 11631
12785 3873 9986
3873 9986 12785
9986 3873 12785
13878 12875 12979
12979 12875 13878
12875 12979 13878
12774 11464 13321
13321 11464 12774
11464 12774 13321
5217 7939 9048
7939 5217 9048
9048 5217 7939
11914 4737 11583
4737 11583 11914
11583 4737 11914
14381 6312 12956
12956 6312 14381
6312 12956 14381
14360 2629 14606
14606 2629 14360
2629 14360 14606
7914 10292 13252
13252 7914 10292
10292 7914 13252
11403 4102 5679
5679 4102 11403
4102 5679 11403
1022 1431 2412
2412 1022 1431
1431 1022 2412
13436 5720 10952
10952 5720 13436
5720 10952 13436
7613 8102 13214
13214 7613 8102
8102 7613 13214
6990 6757 13181
13181 6757 6990
6757 6990 13181
5339 9164 14946
14946 5339 9164
9164 5339 14946
9085 5691 9262
9262 5691 9085
5691 9085 9262
3853 3814 10686
10686 3814 3853
3814 3853 10686
9292 5118 5912
5912 5118 9292
5118 5912 9292
10444 5349 14726
14726 5349 10444
5349 10444 14726
1854 7568 12195
7568 1854 12195
12195 1854 7568
4697 4674 8061
8061 4674 4697
4674 4697 8061
12453 2694 7900
2694 7900 12453
7900 2694 12453
7332 7706 9583
7706 7332 9583
9583 7332 7706
10370 1860 12827
1860 10370 12827
12827 1860 10370
7779 2447 4656
4656 2447 7779
2447 4656 7779
8617 673 810
673 810 8617
810 673 8617
1985 1988 8438
1988 1985 8438
8438 1985 1988
6851 7103 7776
7776 6851 7103
7103 6851 7776
12732 2366 10334
2366 10334 12732
10334 2366 12732
2090 7333 8783
8783 2090 7333
7333 2090 8783
12300 205 5064
205 5064 12300
5064 205 12300
6199 3029 8007
8007 3029 6199
3029 6199 8007
10471 3475 7157
7157 3475 10471
3475 7157 10471
1793 3866 4527
4527 1793 3866
3866 1793 4527
3488 864 10275
10275 864 3488
864 3488 10275
3028 8004 13346
13346 3028 8004
8004 3028 13346
10131 448 3226
3226 448 10131
448 3226 10131
6254 11796 12010
11796 6254 12010
12010 6254 11796
12841 9619 14221
14221 9619 12841
9619 12841 14221
5773 676 14553
14553 676 5773
676 5773 14553
2842 8931 13259
13259 2842 8931
8931 2842 13259
1628 928 4068
4068 928 1628
928 1628 4068
12613 1681 11866
11866 1681 12613
1681 11866 12613
7566 3835 6368
3835 6368 7566
6368 3835 7566
7667 9055 13077
9055 7667 13077
13077 7667 9055
13630 5167 7813
7813 5167 13630
5167 7813 13630
12356 8039 13257
13257 8039 12356
8039 12356 13257
6179 844 3385
3385 844 6179
844 3385 6179
9559 2837 11547
11547 2837 9559
2837 9559 11547
3004 6363 10065
10065 3004 6363
6363 3004 10065
10835 5065 11018
11018 5065 10835
5065 10835 11018
552 2459 3738
2459 552 3738
3738 552 2459
13820 1583 7880
7880 1583 13820
1583 7880 13820
14639 1920 4329
1920 4329 14639
4329 1920 14639
4752 1254 9665
9665 1254 4752
1254 4752 9665
11054 8031 14120
14120 8031 11054
8031 11054 14120
6769 11401 13868
13868 6769 11401
11401 6769 13868
5431 3423 14312
3423 5431 14312
14312 3423 5431
2081 3161 5683
3161 2081 5683
5683 2081 3161
3689 9215 10186
9215 3689 10186
10186 3689 9215
13576 5676 13294
5676 13294 13576
13294 5676 13576
6521 1182 8315
8315 1182 6521
1182 6521 8315
14683 1572 10700
10700 1572 14683
1572 10700 14683
309 7519 9124
7519 309 9124
9124 309 7519
7669 4124 12615
4124 7669 12615
12615 4124 7669
3909 2919 14905
14905 2919 3909
2919 3909 14905
11479 920 4709
4709 920 11479
920 4709 11479
2815 1176 4997
4997 1176 2815
1176 2815 4997
9 6083 11845
11845 9 6083
6083 9 11845
9540 2388 8748
8748 2388 9540
2388 8748 9540
3746 79 661
79 661 3746
661 79 3746
6907 10296 12437
12437 6907 10296
10296 6907 12437
1629 10840 11067
11067 1629 10840
10840 1629 11067
10420 7720 9558
9558 7720 10420
7720 9558 10420
3530 12241 12810
12810 3530 12241
12241 3530 12810
11533 8627 12781
8627 11533 12781
12781 8627 11533
7248 8507 13230
8507 7248 13230
13230 7248 8507
6650 5181 10452
10452 5181 6650
5181 6650 10452
13766 5434 14252
5434 13766 14252
14252 5434 13766
3559 1296 10706
10706 1296 3559
1296 3559 10706
11123 9484 9751
9751 9484 11123
9484 9751 11123
4201 6671 8063
6671 4201 8063
8063 4201 6671
529 5654 12797
5654 529 12797
12797 529 5654
7395 2182 9666
9666 2182 7395
2182 7395 9666
11838 1259 5186
5186 1259 11838
1259 5186 11838
11754 3486 4028
3486 4028 11754
4028 3486 11754
8093 1009 7496
7496 1009 8093
1009 7496 8093
10941 4139 6096
4139 6096 10941
6096 4139 10941
5383 4247 8861
4247 5383 8861
8861 4247 5383
6638 884 5546
5546 884 6638
884 5546 6638
9245 486 2034
486 2034 9245
2034 486 9245
9884 2623 11920
11920 2623 9884
2623 9884 11920
3375 10920 14274
14274 3375 10920
10920 3375 14274
2407 11969 12194
11969 2407 12194
12194 2407 11969
4973 1238 1931
1931 1238 4973
1238 1931 4973
5582 8872 14885
8872 5582 14885
14885 5582 8872
7004 9988 11224
9988 7004 11224
11224 7004 9988
8984 2055 5841
2055 5841 8984
5841 2055 8984
9460 6065 12428
12428 6065 9460
6065 9460 12428
8624 4287 11444
11444 4287 8624
4287 8624 11444
8609 5924 8693
8693 5924 8609
5924 8609 8693
2148 10476 11780
11780 2148 10476
10476 2148 11780
12878 1050 6995
1050 6995 12878
6995 1050 12878
12013 1244 14029
1244 12013 14029
14029 1244 12013
619 8707 9692
9692 619 8707
8707 619 9692
8618 6045 13698
13698 6045 8618
6045 8618 13698
1563 3408 12971
3408 1563 12971
12971 1563 3408
7227 320 7209
320 7209 7227
7209 320 7227
9308 745 12640
12640 745 9308
745 9308 12640
526 3521 12389
12389 526 3521
3521 526 12389
2064 6306 12386
12386 2064 6306
6306 2064 12386
8188 3432 3757
3757 3432 8188
3432 3757 8188
1662 483 7097
7097 483 1662
483 1662 7097
5840 6158 12594
6158 5840 12594
12594 5840 6158
1797 531 5502
5502 531 1797
531 1797 5502
5250 5298 10691
10691 5250 5298
5298 5250 10691
1783 5831 9556
5831 1783 9556
9556 1783 5831
10152 6121 14225
6121 10152 14225
14225 6121 10152
10288 8440 13496
8440 10288 13496
13496 8440 10288
13114 1327 8199
1327 8199 13114
8199 1327 13114
5090 3277 13458
3277 5090 13458
13458 3277 5090
11988 11259 12866
12866 11259 11988
11259 11988 12866
2783 11542 13945
11542 2783 13945
13945 2783 11542
7368 8458 9862
8458 7368 9862
9862 7368 8458
4676 1389 13035
13035 1389 4676
1389 4676 13035
3818 122 10947
10947 122 3818
122 3818 10947
7911 9089 9855
9855 7911 9089
9089 7911 9855
11083 11931 13757
13757 11083 11931
11931 11083 13757
9728 9961 12946
12946 9728 9961
9961 9728 12946
14351 5531 11729
11729 5531 14351
5531 11729 14351
1777 1491 1806
1491 1777 1806
1806 1491 1777
1021 895 7887
7887 895 1021
895 1021 7887
1559 5698 12484
12484 1559 5698
5698 1559 12484
528 3052 11657
11657 528 3052
3052 528 11657
13627 8978 14916
14916 8978 13627
8978 13627 14916
8350 3042 8237
8237 3042 8350
3042 8237 8350
1046 5963 5980
5963 1046 5980
5980 1046 5963
4711 7406 13870
7406 4711 13870
13870 4711 7406
6082 2875 3700
2875 3700 6082
3700 2875 6082
538 2995 11147
2995 538 11147
11147 538 2995
4284 3546 5549
5549 3546 4284
3546 4284 5549
14591 5145 7584
5145 7584 14591
7584 5145 14591
1028 2577 7023
2577 1028 7023
7023 1028 2577
295 8110 9760
8110 295 9760
9760 295 8110
8003 3625 9993
9993 3625 8003
3625 8003 9993
5568 3238 9774
3238 5568 9774
9774 3238 5568
12466 5203 11738
5203 11738 12466
11738 5203 12466
1717 7448 9027
7448 1717 9027
9027 1717 7448
946 9984 13524
9984 946 13524
13524 946 9984
9335 9429 10570
10570 9335 9429
9429 9335 10570
5974 4484 5793
4484 5793 5974
5793 4484 5974
3360 754 11395
754 3360 11395
11395 754 3360
10256 3626 10745
10745 3626 10256
3626 10256 10745
275 5637 8326
8326 275 5637
5637 275 8326
7021 4052 4110
4110 4052 7021
4052 4110 7021
8257 8758 9206
8758 8257 9206
9206 8257 8758
897 8125 14732
14732 897 8125
8125 897 14732
1859 6456 12706
12706 1859 6456
6456 1859 12706
9102 5688 6948
6948 5688 9102
5688 6948 9102
13128 4269 7365
4269 7365 13128
7365 4269 13128
1232 8235 14475
8235 1232 14475
14475 1232 8235
9451 8968 10405
10405 8968 9451
8968 9451 10405
6905 9584 12952
12952 6905 9584
9584 6905 12952
4506 4429 9955
4429 4506 9955
9955 4429 4506
4885 12281 12494
12494 4885 12281
12281 4885 12494
10859 364 2771
364 2771 10859
2771 364 10859
10939 7660 8195
8195 7660 10939
7660 8195 10939
11718 7199 14230
14230 7199 11718
7199 11718 14230
7989 1240 14919
14919 1240 7989
1240 7989 14919
14233 8821 11859
11859 8821 14233
8821 11859 14233
8954 2320 6629
6629 2320 8954
2320 6629 8954
7533 7482 11992
11992 7482 7533
7482 7533 11992
199 5303 11858
11858 199 5303
5303 199 11858
2278 7309 13402
7309 2278 13402
13402 2278 7309
10161 12425 14529
12425 10161 14529
14529 10161 12425
5938 11741 14740
14740 5938 11741
11741 5938 14740
5258 734 12383
12383 734 5258
734 5258 12383
3299 3342 5360
3342 3299 5360
5360 3299 3342
10224 2436 14608
2436 10224 14608
14608 2436 10224
10521 8556 11210
8556 10521 11210
11210 8556 10521
14989 6259 9180
9180 6259 14989
6259 9180 14989
3657 4649 10291
4649 3657 10291
10291 3657 4649
8535 4748 9367
9367 4748 8535
4748 8535 9367
8273 5513 11037
11037 5513 8273
5513 8273 11037
9163 8874 8881
8881 8874 9163
8874 8881 9163
10033 6358 7529
6358 7529 10033
7529 6358 10033
13705 3720 4094
4094 3720 13705
3720 4094 13705
5947 2427 3345
3345 2427 5947
2427 3345 5947
14832 3957 5188
5188 3957 14832
3957 5188 14832
9985 3233 4982
3233 4982 9985
4982 3233 9985
11196 1909 10241
10241 1909 11196
1909 10241 11196
7552 4536 13579
4536 7552 13579
13579 4536 7552
2944 197 10938
10938 197 2944
197 2944 10938
2428 4411 13781
13781 2428 4411
4411 2428 13781
6739 5638 6324
5638 6324 6739
6324 5638 6739
14058 5772 10957
10957 5772 14058
5772 10957 14058
7924 6409 14677
14677 6409 7924
6409 7924 14677
2346 540 1959
1959 540 2346
540 1959 2346
10829 6449 10425
10425 6449 10829
6449 10425 10829
13804 9223 11597
9223 11597 13804
11597 9223 13804
6528 3710 8095
3710 6528 8095
8095 3710 6528
12630 6463 12151
12151 6463 12630
6463 12151 12630
14419 2455 4639
4639 2455 14419
2455 4639 14419
8178 116 5954
5954 116 8178
116 5954 8178
6850 6476 8944
6476 6850 8944
8944 6476 6850
6284 407 4652
407 4652 6284
4652 407 6284
7035 8453 12315
8453 7035 12315
12315 7035 8453
1766 814 14843
814 1766 14843
14843 814 1766
13652 1835 9880
9880 1835 13652
1835 9880 13652
13202 1762 4032
1762 4032 13202
4032 1762 13202
