126 408 876
876 126 408
408 126 876
475 490 981
490 475 981
981 475 490
1028 178 207
178 207 1028
207 178 1028
9 225 1367
1367 9 225
225 9 1367
158 284 1355
1355 158 284
284 158 1355
1361 1342 1347
1342 1347 1361
1347 1342 1361
784 110 1110
110 784 1110
1110 110 784
426 265 1064
1064 265 426
265 426 1064
1089 74 482
74 482 1089
482 74 1089
666 495 615
615 495 666
495 615 666
1349 672 1497
672 1349 1497
1497 672 1349
720 99 1206
99 720 1206
1206 99 720
376 476 1372
1372 376 476
476 376 1372
706 444 669
669 444 706
444 669 706
838 68 875
875 68 838
68 838 875
416 953 1019
953 416 1019
1019 416 953
491 902 1481
902 491 1481
1481 491 902
864 872 1217
872 864 1217
1217 864 872
510 714 1049
1049 510 714
714 510 1049
351 48 846
846 48 351
48 351 846
245 409 522
409 245 522
522 245 409
732 243 752
243 732 752
752 243 732
1085 1057 1477
1057 1085 1477
1477 1057 1085
1442 101 1476
1476 101 1442
101 1442 1476
318 179 856
179 318 856
856 179 318
1368 1136 1240
1240 1136 1368
1136 1240 1368
489 327 1417
327 489 1417
1417 327 489
549 546 1446
1446 546 549
546 549 1446
1396 92 1155
92 1155 1396
1155 92 1396
300 590 1062
590 300 1062
1062 300 590
930 117 232
117 232 930
232 117 930
326 1238 1313
1313 326 1238
1238 326 1313
1082 119 649
649 119 1082
119 649 1082
1016 118 704
704 118 1016
118 704 1016
979 1166 1494
1494 979 1166
1166 979 1494
828 287 1200
287 828 1200
1200 287 828
145 598 918
598 145 918
918 145 598
335 223 1415
1415 223 335
223 335 1415
814 332 1462
332 814 1462
1462 332 814
36 280 1142
1142 36 280
280 36 1142
645 23 1424
1424 23 645
23 645 1424
623 302 866
866 302 623
302 623 866
753 678 694
694 678 753
678 694 753
614 729 845
845 614 729
729 614 845
1241 307 842
842 307 1241
307 842 1241
637 149 1429
1429 149 637
149 637 1429
1352 240 844
240 844 1352
844 240 1352
1143 1168 1297
1168 1143 1297
1297 1143 1168
1407 267 341
341 267 1407
267 341 1407
183 69 120
69 120 183
120 69 183
1093 1088 1220
1220 1088 1093
1088 1093 1220
102 362 835
835 102 362
362 102 835
1115 648 868
868 648 1115
648 868 1115
1265 15 1371
1371 15 1265
15 1265 1371
674 379 393
393 379 674
379 393 674
1234 643 797
797 643 1234
643 797 1234
507 655 1354
655 507 1354
1354 507 655
1169 657 1257
657 1169 1257
1257 657 1169
551 1107 1459
1107 551 1459
1459 551 1107
1301 964 1447
964 1301 1447
1447 964 1301
620 241 659
659 241 620
241 620 659
18 141 986
141 18 986
986 18 141
584 520 1326
520 584 1326
1326 520 584
340 303 994
303 340 994
994 303 340
1196 947 1443
1443 947 1196
947 1196 1443
97 366 411
411 97 366
366 97 411
1022 999 1215
999 1022 1215
1215 999 1022
789 1133 1412
1133 789 1412
1412 789 1133
605 381 831
831 381 605
381 605 831
1052 697 887
887 697 1052
697 887 1052
663 788 1132
788 663 1132
1132 663 788
257 58 836
836 58 257
58 257 836
91 127 892
127 91 892
892 91 127
940 337 347
347 337 940
337 347 940
330 417 1356
1356 330 417
417 330 1356
450 319 1495
1495 319 450
319 450 1495
1075 62 167
167 62 1075
62 167 1075
619 423 555
423 555 619
555 423 619
841 591 903
903 591 841
591 841 903
1374 324 939
324 939 1374
939 324 1374
323 563 889
889 323 563
563 323 889
593 1065 1251
1251 593 1065
1065 593 1251
122 992 1176
992 122 1176
1176 122 992
112 19 924
924 19 112
19 112 924
1283 283 1158
1158 283 1283
283 1158 1283
76 506 1076
506 76 1076
1076 76 506
762 687 894
894 687 762
687 762 894
1482 372 787
787 372 1482
372 787 1482
1002 385 755
385 755 1002
755 385 1002
850 28 32
32 28 850
28 32 850
397 825 912
825 397 912
912 397 825
1145 34 1370
34 1145 1370
1370 34 1145
4 163 544
544 4 163
163 4 544
286 1260 1467
1467 286 1260
1260 286 1467
1100 618 1479
618 1100 1479
1479 618 1100
652 970 1151
1151 652 970
970 652 1151
259 480 957
957 259 480
480 259 957
336 494 1080
1080 336 494
494 336 1080
239 557 1414
1414 239 557
557 239 1414
661 547 1398
547 661 1398
1398 547 661
776 962 1311
1311 776 962
962 776 1311
537 83 291
83 291 537
291 83 537
692 583 1121
1121 583 692
583 692 1121
571 744 1031
744 571 1031
1031 571 744
361 853 1223
853 361 1223
1223 361 853
1314 601 1055
1055 601 1314
601 1055 1314
1357 493 915
915 493 1357
493 915 1357
1118 705 1277
1277 705 1118
705 1118 1277
159 733 949
949 159 733
733 159 949
891 500 738
738 500 891
500 738 891
446 832 884
884 446 832
832 446 884
1378 757 1129
1129 757 1378
757 1129 1378
1282 202 709
709 202 1282
202 709 1282
314 488 682
682 314 488
488 314 682
932 320 462
320 462 932
462 320 932
929 622 1401
622 929 1401
1401 622 929
941 1061 1242
1242 941 1061
1061 941 1242
294 469 1269
1269 294 469
469 294 1269
208 742 1114
742 208 1114
1114 208 742
278 526 1325
526 278 1325
1325 278 526
264 31 75
75 31 264
31 75 264
818 304 1286
304 818 1286
1286 304 818
1448 781 975
975 781 1448
781 975 1448
246 73 588
73 246 588
588 73 246
1204 234 910
910 234 1204
234 910 1204
1430 25 473
25 473 1430
473 25 1430
1219 1099 1323
1323 1099 1219
1099 1219 1323
1264 961 1380
1380 961 1264
961 1264 1380
955 1243 1413
1413 955 1243
1243 955 1413
345 928 1007
928 345 1007
1007 345 928
603 722 879
722 603 879
879 603 722
276 388 612
388 276 612
612 276 388
1321 608 1244
1244 608 1321
608 1244 1321
577 378 1344
1344 378 577
378 577 1344
635 135 1130
1130 135 635
135 635 1130
466 562 1235
562 466 1235
1235 466 562
1337 186 1441
1441 186 1337
186 1337 1441
177 795 1432
1432 177 795
795 177 1432
1278 570 854
570 854 1278
854 570 1278
719 40 990
990 40 719
40 719 990
800 116 453
453 116 800
116 453 800
1077 1015 1201
1201 1015 1077
1015 1077 1201
527 717 1231
717 527 1231
1231 527 717
691 65 1178
65 691 1178
1178 65 691
566 263 1175
1175 263 566
263 566 1175
398 216 1199
216 398 1199
1199 216 398
212 573 1058
1058 212 573
573 212 1058
1170 124 1392
124 1170 1392
1392 124 1170
680 1008 1402
1402 680 1008
1008 680 1402
64 1362 1381
1381 64 1362
1362 64 1381
484 624 1063
1063 484 624
624 484 1063
1010 360 1322
1322 360 1010
360 1010 1322
1492 763 878
763 878 1492
878 763 1492
497 39 483
483 39 497
39 483 497
1423 43 1189
1189 43 1423
43 1189 1423
638 534 943
943 534 638
534 638 943
1318 7 610
7 610 1318
610 7 1318
50 824 960
824 50 960
960 50 824
1236 256 1226
256 1226 1236
1226 256 1236
1026 176 671
176 671 1026
671 176 1026
554 511 734
734 511 554
511 554 734
1255 155 1012
155 1012 1255
1012 155 1255
735 151 1279
1279 151 735
151 735 1279
1195 387 942
387 942 1195
942 387 1195
780 210 574
210 574 780
574 210 780
449 168 1465
1465 168 449
168 449 1465
564 24 1294
1294 24 564
24 564 1294
1387 642 1263
1263 642 1387
642 1263 1387
111 425 740
740 111 425
425 111 740
1232 827 1393
1393 827 1232
827 1232 1393
1364 1014 1327
1014 1327 1364
1327 1014 1364
358 1141 1471
1141 358 1471
1471 358 1141
933 715 1303
715 933 1303
1303 715 933
1041 1239 1452
1239 1041 1452
1452 1041 1239
60 189 758
189 60 758
758 60 189
1340 254 380
254 380 1340
380 254 1340
1305 199 626
626 199 1305
199 626 1305
1181 88 586
88 586 1181
586 88 1181
312 556 569
569 312 556
556 312 569
84 579 1042
1042 84 579
579 84 1042
1212 220 255
220 255 1212
255 220 1212
51 628 1127
628 51 1127
1127 51 628
811 852 987
987 811 852
852 811 987
322 247 1032
1032 247 322
247 322 1032
1330 143 978
978 143 1330
143 978 1330
66 1331 1474
1474 66 1331
1331 66 1474
897 458 1445
1445 458 897
458 897 1445
134 365 833
365 134 833
833 134 365
808 670 1033
670 808 1033
1033 670 808
896 690 993
690 896 993
993 690 896
521 258 634
258 521 634
634 258 521
525 477 1275
1275 477 525
477 525 1275
461 422 1433
422 461 1433
1433 422 461
802 451 1312
1312 451 802
451 802 1312
468 6 969
6 468 969
969 6 468
279 251 1096
251 279 1096
1096 251 279
205 576 1017
576 205 1017
1017 205 576
727 140 1252
1252 140 727
140 727 1252
1431 474 660
474 660 1431
660 474 1431
144 991 1274
1274 144 991
991 144 1274
161 1193 1287
1287 161 1193
1193 161 1287
175 328 700
328 175 700
700 175 328
1468 16 1167
16 1167 1468
1167 16 1468
1094 1227 1438
1227 1094 1438
1438 1094 1227
1192 233 865
865 233 1192
233 865 1192
403 545 1034
1034 403 545
545 403 1034
861 1119 1427
1119 861 1427
1427 861 1119
1296 12 982
12 982 1296
982 12 1296
1102 1150 1338
1150 1102 1338
1338 1102 1150
82 438 750
438 82 750
750 82 438
78 150 737
150 78 737
737 78 150
17 137 973
137 17 973
973 17 137
600 227 391
227 391 600
391 227 600
440 743 1453
743 440 1453
1453 440 743
436 518 816
816 436 518
518 436 816
123 587 890
587 123 890
890 123 587
1103 415 1403
1403 415 1103
415 1103 1403
983 130 434
130 434 983
434 130 983
413 739 976
976 413 739
739 413 976
288 916 967
967 288 916
916 288 967
235 81 1068
81 235 1068
1068 81 235
699 250 909
250 699 909
909 250 699
1172 430 783
783 430 1172
430 783 1172
1271 621 1023
1023 621 1271
621 1023 1271
512 517 1186
1186 512 517
517 512 1186
513 667 689
689 513 667
667 513 689
1111 1258 1298
1298 1111 1258
1258 1111 1298
94 275 1306
1306 94 275
275 94 1306
299 196 1233
196 299 1233
1233 196 299
1084 568 1030
1030 568 1084
568 1030 1084
1284 1054 1116
1116 1054 1284
1054 1116 1284
676 174 1218
174 676 1218
1218 174 676
395 136 1018
136 395 1018
1018 136 395
369 812 925
812 369 925
925 369 812
282 839 922
922 282 839
839 282 922
371 147 272
272 147 371
147 272 371
572 613 840
613 572 840
840 572 613
59 541 1246
1246 59 541
541 59 1246
1439 956 1428
956 1428 1439
1428 956 1439
1293 539 1416
1416 539 1293
539 1293 1416
485 138 1165
138 485 1165
1165 138 485
1173 567 718
567 718 1173
718 567 1173
837 71 730
71 730 837
730 71 837
1404 1159 1421
1421 1159 1404
1159 1404 1421
830 1044 1487
1487 830 1044
1044 830 1487
171 224 420
420 171 224
224 171 420
951 213 974
213 951 974
974 213 951
89 402 1253
402 89 1253
1253 89 402
748 503 1203
503 748 1203
1203 503 748
33 1162 1419
1162 33 1419
1419 33 1162
1470 636 1021
1021 636 1470
636 1021 1470
1341 356 815
356 815 1341
815 356 1341
377 1177 1262
1177 377 1262
1262 377 1177
927 200 792
200 792 927
792 200 927
883 72 914
72 883 914
914 72 883
631 301 906
906 301 631
301 631 906
249 401 1493
401 249 1493
1493 249 401
822 504 779
779 504 822
504 779 822
1377 785 1259
1259 785 1377
785 1259 1377
1422 550 707
550 707 1422
707 550 1422
125 274 1056
1056 125 274
274 125 1056
595 2 399
399 2 595
2 399 595
731 93 723
93 723 731
723 93 731
142 760 819
760 142 819
819 142 760
214 11 821
821 11 214
11 214 821
1375 548 901
901 548 1375
548 901 1375
616 917 1106
1106 616 917
917 616 1106
1090 269 639
639 269 1090
269 639 1090
904 325 654
325 654 904
654 325 904
931 767 971
971 767 931
767 931 971
542 104 799
104 542 799
799 104 542
437 851 1120
851 437 1120
1120 437 851
368 384 1343
1343 368 384
384 368 1343
847 647 959
647 847 959
959 647 847
47 1268 1425
1425 47 1268
1268 47 1425
100 248 1499
1499 100 248
248 100 1499
1079 424 794
424 794 1079
794 424 1079
1126 106 487
487 106 1126
106 487 1126
375 311 1332
311 375 1332
1332 311 375
1161 685 950
950 685 1161
685 950 1161
533 172 1053
172 533 1053
1053 172 533
309 442 1292
442 309 1292
1292 309 442
877 231 726
231 726 877
726 231 877
834 77 133
77 133 834
133 77 834
1388 472 1299
472 1299 1388
1299 472 1388
688 131 471
471 131 688
131 471 688
355 445 1070
1070 355 445
445 355 1070
1025 1225 1456
1456 1025 1225
1225 1025 1456
1245 683 998
998 683 1245
683 998 1245
646 266 1045
1045 266 646
266 646 1045
1046 578 1328
578 1046 1328
1328 578 1046
1149 640 724
724 640 1149
640 724 1149
1020 627 1435
1435 627 1020
627 1020 1435
565 35 1078
35 565 1078
1078 35 565
529 1384 1484
1484 529 1384
1384 529 1484
1147 829 1208
829 1147 1208
1208 829 1147
45 203 1490
203 45 1490
1490 45 203
921 5 801
801 5 921
5 801 921
695 221 1339
1339 221 695
221 695 1339
463 443 606
443 463 606
606 443 463
630 1051 1406
1051 630 1406
1406 630 1051
1060 261 1163
1163 261 1060
261 1060 1163
1256 298 1039
298 1039 1256
1039 298 1256
229 589 1444
589 229 1444
1444 229 589
305 289 1144
289 305 1144
1144 289 305
107 165 1363
165 107 1363
1363 107 165
90 306 1295
306 90 1295
1295 90 306
206 389 703
389 206 703
703 206 389
996 575 1146
1146 575 996
575 996 1146
1135 625 1198
1198 625 1135
625 1135 1198
859 530 1334
1334 530 859
530 859 1334
42 209 1405
1405 42 209
209 42 1405
1458 386 907
386 907 1458
907 386 1458
1210 535 796
535 796 1210
796 535 1210
382 585 1308
1308 382 585
585 382 1308
187 880 1209
880 187 1209
1209 187 880
1154 1300 1411
1300 1154 1411
1411 1154 1300
455 226 364
226 364 455
364 226 455
321 1174 1358
1358 321 1174
1174 321 1358
429 26 435
435 26 429
26 429 435
1224 988 1457
1457 988 1224
988 1224 1457
1194 22 560
560 22 1194
22 560 1194
129 684 1171
684 129 1171
1171 129 684
1182 540 938
938 540 1182
540 938 1182
373 392 786
392 373 786
786 373 392
1348 668 1394
668 1348 1394
1394 668 1348
863 756 1066
1066 756 863
756 863 1066
764 798 1122
1122 764 798
798 764 1122
1409 331 807
331 807 1409
807 331 1409
486 791 871
871 486 791
791 486 871
1485 1184 1390
1390 1184 1485
1184 1390 1485
1460 441 1205
1205 441 1460
441 1205 1460
169 333 870
333 169 870
870 169 333
793 677 1081
677 793 1081
1081 677 793
849 113 761
761 113 849
113 761 849
410 428 728
728 410 428
428 410 728
1190 406 782
782 406 1190
406 782 1190
711 67 236
67 236 711
236 67 711
710 1043 1188
1043 710 1188
1188 710 1043
963 1157 1389
1389 963 1157
1157 963 1389
1376 888 1302
888 1302 1376
1302 888 1376
343 481 736
481 343 736
736 343 481
1 374 459
374 1 459
459 1 374
803 457 1247
457 803 1247
1247 457 803
1488 716 765
716 765 1488
765 716 1488
633 867 1197
867 633 1197
1197 633 867
679 650 1266
650 679 1266
1266 650 679
419 61 1369
61 419 1369
1369 61 419
41 980 1067
980 41 1067
1067 41 980
367 1048 1450
1450 367 1048
1048 367 1450
820 499 617
499 617 820
617 499 820
1229 182 447
182 447 1229
447 182 1229
218 281 741
281 218 741
741 218 281
874 157 217
157 217 874
217 157 874
1464 775 989
989 775 1464
775 989 1464
997 132 1320
1320 132 997
132 997 1320
1434 193 893
893 193 1434
193 893 1434
1360 21 290
21 290 1360
290 21 1360
1336 496 536
536 496 1336
496 536 1336
79 310 1498
1498 79 310
310 79 1498
13 38 154
154 13 38
38 13 154
1083 52 211
52 211 1083
211 52 1083
1148 55 873
55 873 1148
873 55 1148
37 1473 1491
1473 37 1491
1491 37 1473
1035 192 886
886 192 1035
192 886 1035
414 173 1050
1050 173 414
173 414 1050
292 128 238
128 238 292
238 128 292
899 146 350
146 350 899
350 146 899
505 465 662
465 505 662
662 465 505
197 885 1272
885 197 1272
1272 197 885
528 29 268
268 29 528
29 268 528
532 777 1315
1315 532 777
777 532 1315
188 109 1267
109 188 1267
1267 109 188
1001 57 363
57 363 1001
363 57 1001
1179 984 1108
1108 984 1179
984 1108 1179
3 708 857
857 3 708
708 3 857
156 148 898
148 156 898
898 148 156
581 70 1228
1228 70 581
70 581 1228
215 1047 1139
1139 215 1047
1047 215 1139
805 966 1027
1027 805 966
966 805 1027
1112 253 769
253 769 1112
769 253 1112
1383 508 1496
508 1383 1496
1496 508 1383
1180 342 702
342 702 1180
702 342 1180
1185 515 721
721 515 1185
515 721 1185
501 185 334
334 185 501
185 334 501
1463 190 349
190 349 1463
349 190 1463
745 1335 1454
1454 745 1335
1335 745 1454
170 339 1153
339 170 1153
1153 170 339
87 184 810
184 87 810
810 87 184
747 823 905
905 747 823
823 747 905
1397 329 869
329 869 1397
869 329 1397
1288 338 725
725 338 1288
338 725 1288
1036 49 1469
49 1036 1469
1469 49 1036
1489 1097 1273
1273 1097 1489
1097 1273 1489
1101 768 945
768 945 1101
945 768 1101
1183 751 1202
751 1183 1202
1202 751 1183
194 464 1113
1113 194 464
464 194 1113
985 1346 1472
1346 985 1472
1472 985 1346
394 516 1291
1291 394 516
516 394 1291
1092 746 1391
746 1092 1391
1391 746 1092
121 348 1486
1486 121 348
348 121 1486
1138 400 1222
1222 400 1138
400 1138 1222
285 180 479
479 180 285
180 285 479
519 1038 1071
1071 519 1038
1038 519 1071
1420 353 656
353 656 1420
656 353 1420
198 936 1187
1187 198 936
936 198 1187
1455 609 1466
609 1455 1466
1466 609 1455
404 164 1109
1109 164 404
164 404 1109
804 219 1117
1117 219 804
219 804 1117
359 995 1276
1276 359 995
995 359 1276
1074 935 1449
935 1074 1449
1449 935 1074
396 105 712
105 396 712
712 105 396
153 346 357
346 153 357
357 153 346
1478 977 1131
977 1131 1478
1131 977 1478
855 664 1104
1104 664 855
664 855 1104
181 242 1319
242 181 1319
1319 181 242
1281 114 1350
1350 114 1281
114 1281 1350
492 937 1436
1436 492 937
937 492 1436
1160 230 1408
230 1160 1408
1408 230 1160
773 1037 1086
1037 773 1086
1086 773 1037
913 262 1006
262 913 1006
1006 262 913
354 1059 1386
1059 354 1386
1386 354 1059
237 204 1248
204 237 1248
1248 204 237
10 826 1250
1250 10 826
826 10 1250
1230 523 644
644 523 1230
523 644 1230
222 108 881
108 222 881
881 108 222
1191 98 456
98 456 1191
456 98 1191
20 713 1123
1123 20 713
713 20 1123
1500 277 632
632 277 1500
277 632 1500
1480 271 641
271 641 1480
641 271 1480
1353 467 543
543 467 1353
467 543 1353
1351 602 911
911 602 1351
602 911 1351
1087 597 611
611 597 1087
597 611 1087
701 317 1214
317 701 1214
1214 317 701
651 295 813
813 295 651
295 651 813
96 596 698
698 96 596
596 96 698
1329 1105 1307
1105 1307 1329
1307 1105 1329
1437 895 1304
1304 895 1437
895 1304 1437
580 46 1152
46 580 1152
1152 46 580
882 1128 1418
1418 882 1128
1128 882 1418
766 139 352
352 139 766
139 352 766
1366 1003 1400
1400 1003 1366
1003 1366 1400
923 162 260
260 162 923
162 260 923
1440 390 1399
1399 390 1440
390 1399 1440
1365 27 448
448 27 1365
27 448 1365
1249 1324 1345
1324 1249 1345
1345 1249 1324
944 754 1137
754 944 1137
1137 754 944
696 559 778
559 696 778
778 559 696
370 383 478
383 370 478
478 370 383
553 244 1221
1221 244 553
244 553 1221
582 270 1073
270 582 1073
1073 270 582
44 1216 1426
1216 44 1426
1426 44 1216
599 558 1004
1004 558 599
558 599 1004
405 1000 1333
1333 405 1000
1000 405 1333
594 293 926
293 594 926
926 293 594
433 297 316
316 297 433
297 316 433
561 592 1140
1140 561 592
592 561 1140
460 86 498
498 86 460
86 460 498
63 152 514
514 63 152
152 63 514
502 749 1095
749 502 1095
1095 502 749
862 1211 1289
1289 862 1211
1211 862 1289
1309 166 900
166 900 1309
900 166 1309
1316 53 1373
53 1316 1373
1373 53 1316
431 85 191
85 191 431
191 85 431
1317 407 948
407 948 1317
948 407 1317
524 296 1213
1213 296 524
296 524 1213
774 790 1285
790 774 1285
1285 774 790
531 308 1395
1395 308 531
308 531 1395
770 160 658
658 160 770
160 658 770
693 201 653
201 653 693
653 201 693
418 439 860
439 418 860
860 418 439
1382 30 1207
1207 30 1382
30 1207 1382
958 344 1164
344 958 1164
1164 344 958
1385 14 421
421 14 1385
14 421 1385
1091 772 1072
772 1072 1091
1072 772 1091
432 1040 1261
1261 432 1040
1040 432 1261
273 965 1254
965 273 1254
1254 273 965
95 946 1483
1483 95 946
946 95 1483
809 195 1134
195 809 1134
1134 195 809
115 759 1410
759 115 1410
1410 115 759
470 8 920
920 8 470
8 470 920
1359 673 1156
673 1156 1359
1156 673 1359
552 843 908
843 552 908
908 552 843
771 607 686
607 686 771
686 607 771
952 1237 1379
1237 952 1379
1379 952 1237
54 228 1310
228 54 1310
1310 54 228
538 452 1009
1009 452 538
452 538 1009
454 1013 1290
1013 454 1290
1290 454 1013
954 806 919
806 919 954
919 806 954
1125 858 1024
1024 858 1125
858 1024 1125
1280 968 1069
968 1069 1280
1069 968 1280
80 681 1124
681 80 1124
1124 80 681
1005 509 817
509 817 1005
817 509 1005
1451 604 665
604 665 1451
665 604 1451
1461 848 1011
1011 848 1461
848 1011 1461
315 629 1098
629 315 1098
1098 315 629
313 56 934
934 56 313
56 313 934
1270 252 675
675 252 1270
252 675 1270
427 103 1475
103 427 1475
1475 103 427
412 972 1029
972 412 1029
1029 412 972
