616 159 584
584 159 616
159 584 616
1182 1127 1181
1181 1127 1182
1127 1181 1182
1196 316 1337
1337 316 1196
316 1196 1337
67 147 630
147 67 630
630 67 147
966 761 1450
761 966 1450
1450 761 966
780 217 424
217 424 780
424 217 780
1168 581 870
870 581 1168
581 870 1168
53 38 958
38 53 958
958 38 53
1143 243 1497
1497 243 1143
243 1143 1497
348 485 596
596 348 485
485 348 596
990 332 1282
332 990 1282
1282 332 990
364 95 702
702 95 364
95 364 702
747 500 865
500 747 865
865 500 747
660 506 879
879 506 660
506 660 879
515 1005 1328
1005 515 1328
1328 515 1005
468 857 983
983 468 857
857 468 983
456 388 1099
1099 388 456
388 456 1099
634 571 1082
571 634 1082
1082 571 634
1138 102 880
102 880 1138
880 102 1138
992 174 1103
174 992 1103
1103 174 992
1047 220 1263
1263 220 1047
220 1047 1263
20 167 1464
167 20 1464
1464 20 167
1170 190 564
190 564 1170
564 190 1170
1109 705 1258
705 1109 1258
1258 705 1109
1116 278 1039
278 1039 1116
1039 278 1116
981 204 1106
1106 204 981
204 981 1106
104 186 1160
1160 104 186
186 104 1160
562 277 1341
277 562 1341
1341 277 562
1243 837 1177
1177 837 1243
837 1177 1243
236 133 1452
133 236 1452
1452 133 236
121 221 414
221 121 414
414 121 221
1012 409 1273
409 1012 1273
1273 409 1012
952 832 911
832 911 952
911 832 952
712 1062 1317
1062 712 1317
1317 712 1062
350 254 881
881 254 350
254 350 881
903 311 532
311 532 903
532 311 903
866 920 1357
1357 866 920
920 866 1357
210 451 613
613 210 451
451 210 613
1226 141 973
141 973 1226
973 141 1226
862 30 934
30 862 934
934 30 862
980 320 617
617 320 980
320 617 980
1463 1094 1151
1094 1151 1463
1151 1094 1463
392 315 1184
315 392 1184
1184 315 392
1242 260 707
707 260 1242
260 707 1242
45 2 531
531 2 45
2 45 531
878 997 1421
1421 878 997
997 878 1421
558 103 586
586 103 558
103 558 586
675 175 1003
1003 175 675
175 675 1003
1287 838 1165
1165 838 1287
838 1165 1287
1025 519 1083
1083 519 1025
519 1025 1083
1487 214 585
585 214 1487
214 585 1487
1102 622 1285
622 1102 1285
1285 622 1102
1349 863 1205
1205 863 1349
863 1205 1349
765 732 1398
1398 732 765
732 765 1398
463 464 1355
464 463 1355
1355 463 464
569 661 1079
1079 569 661
661 569 1079
459 145 618
145 459 618
618 145 459
1090 522 834
834 522 1090
522 834 1090
742 131 776
776 131 742
131 742 776
882 991 1330
1330 882 991
991 882 1330
99 1040 1100
1100 99 1040
1040 99 1100
433 758 813
813 433 758
758 433 813
1493 763 833
763 833 1493
833 763 1493
954 1454 1465
1465 954 1454
1454 954 1465
820 1097 1386
1386 820 1097
1097 820 1386
1449 194 1035
194 1035 1449
1035 194 1449
1111 733 1158
1158 733 1111
733 1111 1158
1006 297 540
540 297 1006
297 540 1006
266 9 94
94 9 266
9 94 266
1489 340 578
578 340 1489
340 578 1489
151 769 1013
769 151 1013
1013 151 769
1183 669 1056
669 1056 1183
1056 669 1183
1338 293 1345
293 1338 1345
1345 293 1338
124 436 696
436 124 696
696 124 436
1335 1041 1207
1207 1041 1335
1041 1207 1335
1002 826 1135
826 1002 1135
1135 826 1002
1298 804 1419
804 1298 1419
1419 804 1298
918 382 544
544 382 918
382 544 918
678 428 1274
1274 428 678
428 678 1274
577 163 892
163 577 892
892 163 577
387 123 1130
123 387 1130
1130 123 387
956 178 1051
1051 178 956
178 956 1051
704 391 663
391 663 704
663 391 704
965 916 1018
1018 916 965
916 965 1018
1055 621 953
621 953 1055
953 621 1055
1348 267 708
708 267 1348
267 708 1348
871 919 1001
1001 871 919
919 871 1001
1010 673 777
673 777 1010
777 673 1010
74 607 1268
1268 74 607
607 74 1268
648 1446 1458
1458 648 1446
1446 648 1458
383 423 692
423 383 692
692 383 423
477 330 1007
330 477 1007
1007 330 477
122 19 754
754 19 122
19 122 754
729 504 793
793 504 729
504 729 793
963 40 1290
1290 40 963
40 963 1290
969 908 1092
1092 908 969
908 969 1092
1212 526 583
583 526 1212
526 583 1212
1470 57 343
343 57 1470
57 343 1470
1122 55 1141
1141 55 1122
55 1122 1141
1407 483 749
749 483 1407
483 749 1407
1490 184 1469
184 1469 1490
1469 184 1490
41 234 787
234 41 787
787 41 234
314 72 242
242 72 314
72 242 314
386 192 1260
1260 192 386
192 386 1260
1303 361 410
410 361 1303
361 410 1303
244 445 1219
445 244 1219
1219 244 445
101 290 720
720 101 290
290 101 720
322 427 1331
427 322 1331
1331 322 427
15 128 317
128 15 317
317 15 128
390 812 937
812 390 937
937 390 812
770 926 1210
1210 770 926
926 770 1210
789 690 1213
1213 690 789
690 789 1213
1392 888 1266
888 1266 1392
1266 888 1392
1206 114 200
200 114 1206
114 200 1206
646 1195 1352
1352 646 1195
1195 646 1352
1289 118 741
118 741 1289
741 118 1289
932 549 1241
549 932 1241
1241 549 932
796 786 938
938 786 796
786 796 938
1308 551 591
551 591 1308
591 551 1308
233 296 1373
296 233 1373
1373 233 296
1305 589 1011
1011 589 1305
589 1011 1305
599 573 922
922 573 599
573 599 922
473 158 509
509 158 473
158 473 509
782 718 933
933 718 782
718 782 933
1433 276 367
276 367 1433
367 276 1433
1366 29 172
172 29 1366
29 172 1366
1423 187 401
187 401 1423
401 187 1423
510 609 972
972 510 609
609 510 972
629 185 633
185 629 633
633 185 629
940 252 1321
1321 252 940
252 940 1321
432 1371 1401
1401 432 1371
1371 432 1401
470 303 492
492 303 470
303 470 492
352 81 666
81 352 666
666 81 352
225 229 1244
1244 225 229
229 225 1244
335 75 434
75 335 434
434 75 335
418 568 1231
568 418 1231
1231 418 568
1132 530 1145
530 1132 1145
1145 530 1132
284 241 574
241 284 574
574 241 284
818 203 1038
1038 203 818
203 818 1038
1211 497 677
677 497 1211
497 677 1211
24 553 1436
553 24 1436
1436 24 553
1146 27 222
27 222 1146
222 27 1146
859 378 605
378 605 859
605 378 859
304 597 1499
597 304 1499
1499 304 597
736 610 757
610 736 757
757 610 736
1144 52 474
474 52 1144
52 474 1144
766 527 1046
1046 527 766
527 766 1046
138 1080 1209
1209 138 1080
1080 138 1209
191 538 664
664 191 538
538 191 664
1471 876 1309
876 1309 1471
1309 876 1471
181 120 1078
1078 120 181
120 181 1078
976 523 915
523 915 976
915 523 976
218 764 1432
1432 218 764
764 218 1432
533 885 998
885 533 998
998 533 885
1071 156 264
156 264 1071
264 156 1071
253 612 873
873 253 612
612 253 873
1297 126 989
989 126 1297
126 989 1297
996 127 1027
1027 127 996
127 996 1027
306 142 835
142 306 835
835 142 306
1233 670 1413
670 1233 1413
1413 670 1233
557 490 1064
1064 490 557
490 557 1064
1239 1311 1410
1410 1239 1311
1311 1239 1410
1484 466 1394
1394 466 1484
466 1394 1484
345 851 1444
1444 345 851
851 345 1444
130 840 1265
1265 130 840
840 130 1265
80 476 567
476 80 567
567 80 476
962 61 119
61 119 962
119 61 962
1232 1137 1320
1320 1137 1232
1137 1232 1320
113 1198 1246
1246 113 1198
1198 113 1246
1457 1128 1416
1128 1416 1457
1416 1128 1457
430 771 1424
771 430 1424
1424 430 771
563 943 1477
1477 563 943
943 563 1477
1084 644 872
644 872 1084
872 644 1084
1178 42 487
42 487 1178
487 42 1178
944 440 1365
440 944 1365
1365 440 944
281 1301 1334
1301 281 1334
1334 281 1301
1429 1050 1121
1050 1121 1429
1121 1050 1429
1388 140 1481
140 1388 1481
1481 140 1388
1238 1117 1237
1237 1117 1238
1117 1237 1238
1215 606 1485
606 1215 1485
1485 606 1215
106 18 959
18 106 959
959 18 106
711 1466 1476
1476 711 1466
1466 711 1476
1255 238 1033
1033 238 1255
238 1033 1255
286 412 1030
412 286 1030
1030 286 412
62 894 1024
894 62 1024
1024 62 894
308 213 819
819 213 308
213 308 819
134 108 611
611 108 134
108 134 611
197 346 1095
346 197 1095
1095 197 346
169 28 299
28 169 299
299 28 169
1293 517 775
517 775 1293
775 517 1293
453 408 446
408 446 453
446 408 453
799 379 1495
379 799 1495
1495 379 799
724 171 689
689 171 724
171 689 724
930 902 1279
1279 902 930
902 930 1279
955 727 751
751 727 955
727 751 955
779 877 1278
1278 779 877
877 779 1278
1068 51 1267
51 1068 1267
1267 51 1068
645 480 987
987 480 645
480 645 987
1488 344 896
344 896 1488
896 344 1488
1119 814 1204
1204 814 1119
814 1119 1204
719 115 1252
115 719 1252
1252 115 719
1362 223 471
223 471 1362
471 223 1362
70 13 721
13 70 721
721 13 70
772 518 810
810 518 772
518 772 810
600 240 1418
1418 240 600
240 600 1418
136 393 539
539 136 393
393 136 539
1217 1069 1091
1069 1091 1217
1091 1069 1217
170 337 1479
1479 170 337
337 170 1479
58 224 750
750 58 224
224 58 750
794 107 556
556 107 794
107 556 794
287 98 1393
1393 98 287
98 287 1393
809 565 1302
1302 565 809
565 809 1302
60 69 535
535 60 69
69 60 535
1441 96 1370
96 1370 1441
1370 96 1441
1322 889 1186
889 1186 1322
1186 889 1322
255 196 1167
1167 196 255
196 255 1167
561 566 1164
566 561 1164
1164 561 566
1473 100 1150
100 1150 1473
1150 100 1473
686 507 1175
1175 507 686
507 686 1175
1034 149 1136
1136 149 1034
149 1034 1136
767 554 1120
1120 554 767
554 767 1120
698 635 1152
1152 635 698
635 698 1152
1171 449 1403
449 1171 1403
1403 449 1171
1492 1296 1329
1296 1329 1492
1329 1296 1492
298 193 951
193 298 951
951 193 298
239 1284 1439
1284 239 1439
1439 239 1284
68 111 1230
1230 68 111
111 68 1230
714 768 986
768 714 986
986 714 768
1031 232 376
376 232 1031
232 376 1031
982 731 897
731 897 982
897 731 982
1350 259 631
631 259 1350
259 631 1350
784 582 740
582 740 784
740 582 784
1093 744 971
971 744 1093
744 971 1093
462 912 994
994 462 912
912 462 994
1014 1304 1427
1427 1014 1304
1304 1014 1427
1201 452 1162
452 1162 1201
1162 452 1201
323 146 735
146 323 735
735 146 323
869 442 1155
1155 442 869
442 869 1155
514 974 1133
1133 514 974
974 514 1133
1431 333 957
333 957 1431
957 333 1431
294 199 321
321 199 294
199 294 321
808 792 1428
1428 792 808
792 808 1428
336 755 805
755 336 805
805 336 755
8 257 1188
1188 8 257
257 8 1188
90 117 1414
117 90 1414
1414 90 117
850 5 341
5 341 850
341 5 850
1307 246 576
246 576 1307
576 246 1307
739 846 1156
846 739 1156
1156 739 846
632 10 1336
1336 10 632
10 632 1336
1283 875 1126
1126 875 1283
875 1126 1283
910 407 988
407 910 988
988 407 910
521 447 1384
1384 447 521
447 521 1384
855 334 1375
334 855 1375
1375 334 855
1148 362 1208
362 1148 1208
1208 362 1148
1057 643 1044
643 1044 1057
1044 643 1057
309 679 773
773 309 679
679 309 773
82 572 1420
572 82 1420
1420 82 572
1193 331 1129
1129 331 1193
331 1129 1193
76 503 802
802 76 503
503 76 802
1053 17 1142
17 1053 1142
1142 17 1053
1077 836 961
961 836 1077
836 961 1077
394 402 626
402 394 626
626 394 402
1220 601 628
628 601 1220
601 628 1220
1397 177 999
177 999 1397
999 177 1397
949 110 592
110 592 949
592 110 949
153 421 1176
1176 153 421
421 153 1176
295 385 1054
1054 295 385
385 295 1054
1369 268 525
268 525 1369
525 268 1369
1236 249 1451
249 1236 1451
1451 249 1236
1247 790 830
830 790 1247
790 830 1247
1067 36 652
652 36 1067
36 652 1067
883 465 1008
465 883 1008
1008 465 883
637 25 247
247 25 637
25 247 637
657 1075 1356
1356 657 1075
1075 657 1356
978 375 419
375 419 978
419 375 978
43 357 917
357 43 917
917 43 357
458 77 396
77 396 458
396 77 458
1004 801 1059
1059 801 1004
801 1004 1059
116 1372 1478
1372 116 1478
1478 116 1372
355 1101 1280
1280 355 1101
1101 355 1280
437 91 1376
91 437 1376
1376 91 437
886 403 1340
403 886 1340
1340 403 886
1314 235 312
235 312 1314
312 235 1314
288 417 550
550 288 417
417 288 550
1269 1134 1361
1361 1134 1269
1134 1269 1361
280 927 1254
1254 280 927
927 280 1254
160 165 1440
165 160 1440
1440 160 165
1404 785 816
816 785 1404
785 816 1404
864 226 791
226 791 864
791 226 864
598 250 1385
1385 250 598
250 598 1385
671 46 906
906 46 671
46 671 906
1264 967 1324
967 1264 1324
1324 967 1264
614 327 363
363 327 614
327 363 614
324 12 1426
12 324 1426
1426 12 324
1474 935 1483
1483 935 1474
935 1474 1483
975 488 639
488 639 975
639 488 975
587 338 1406
338 587 1406
1406 338 587
1351 713 824
824 713 1351
713 824 1351
356 655 839
839 356 655
655 356 839
674 71 87
71 87 674
87 71 674
537 201 709
709 201 537
201 537 709
737 319 575
319 575 737
575 319 737
1114 245 274
245 274 1114
274 245 1114
443 22 907
907 22 443
22 443 907
668 827 1124
827 668 1124
1124 668 827
1073 745 752
752 745 1073
745 752 1073
368 970 1229
970 368 1229
1229 368 970
373 97 847
847 97 373
97 373 847
1029 570 642
642 570 1029
570 642 1029
1216 1202 1319
1202 1216 1319
1319 1202 1216
1187 783 1339
1339 783 1187
783 1187 1339
399 265 420
265 399 420
420 265 399
1222 310 1194
310 1194 1222
1194 310 1222
798 821 1224
1224 798 821
821 798 1224
1000 285 759
285 759 1000
759 285 1000
604 968 1408
1408 604 968
968 604 1408
800 195 909
909 195 800
195 800 909
1364 710 1108
1108 710 1364
710 1108 1364
665 479 1430
1430 479 665
479 665 1430
1292 641 1344
1344 641 1292
641 1292 1344
1358 109 415
109 415 1358
415 109 1358
328 1174 1347
1347 328 1174
1174 328 1347
1256 681 849
849 681 1256
681 849 1256
359 467 1381
467 359 1381
1381 359 467
676 148 1223
1223 148 676
148 676 1223
1022 748 1295
1295 748 1022
748 1022 1295
542 11 1045
1045 11 542
11 542 1045
305 397 853
397 305 853
853 305 397
852 86 861
86 852 861
861 86 852
608 734 1435
1435 608 734
734 608 1435
1468 472 520
472 520 1468
520 472 1468
65 73 369
369 65 73
73 65 369
1399 653 1272
653 1272 1399
1272 653 1399
924 823 1159
823 924 1159
1159 823 924
844 416 1411
416 844 1411
1411 416 844
1259 404 1498
404 1259 1498
1498 404 1259
505 602 995
602 505 995
995 505 602
1118 743 1235
743 1118 1235
1235 743 1118
950 6 371
6 371 950
371 6 950
188 183 543
543 183 188
183 188 543
1354 92 1087
1087 92 1354
92 1087 1354
1240 1026 1299
1026 1240 1299
1299 1026 1240
979 501 898
898 501 979
501 898 979
152 1063 1107
1063 152 1107
1107 152 1063
162 248 511
248 162 511
511 162 248
380 594 1112
594 380 1112
1112 380 594
502 370 460
460 370 502
370 460 502
1060 717 1327
717 1060 1327
1327 717 1060
936 329 1434
1434 329 936
329 936 1434
1191 435 867
867 435 1191
435 867 1191
672 426 1250
1250 426 672
426 672 1250
230 807 1467
1467 230 807
807 230 1467
63 1261 1438
1438 63 1261
1261 63 1438
168 231 1447
231 168 1447
1447 168 231
482 292 1096
292 482 1096
1096 292 482
1271 481 1221
1221 481 1271
481 1221 1271
374 395 899
395 374 899
899 374 395
887 529 900
900 529 887
529 887 900
339 279 658
279 339 658
658 279 339
262 688 1395
1395 262 688
688 262 1395
454 728 856
856 454 728
728 454 856
56 289 381
381 56 289
289 56 381
828 44 1286
44 828 1286
1286 44 828
1472 448 1360
1360 448 1472
448 1360 1472
1032 588 1140
588 1032 1140
1140 588 1032
1377 722 929
929 722 1377
722 929 1377
984 269 806
806 269 984
269 806 984
683 137 1412
137 683 1412
1412 137 683
1294 150 1098
150 1098 1294
1098 150 1294
1389 125 579
125 579 1389
579 125 1389
1015 513 1199
513 1015 1199
1199 513 1015
524 135 1405
1405 135 524
135 524 1405
541 263 1291
263 541 1291
1291 263 541
874 1169 1200
1169 874 1200
1200 874 1169
450 273 1300
273 450 1300
1300 273 450
1125 1172 1180
1180 1125 1172
1172 1125 1180
640 842 1110
842 640 1110
1110 640 842
547 756 1049
756 547 1049
1049 547 756
1065 603 1353
603 1065 1353
1353 603 1065
1455 1149 1437
1149 1437 1455
1437 1149 1455
868 960 1475
960 868 1475
1475 868 960
1020 372 845
372 845 1020
845 372 1020
913 726 1368
1368 726 913
726 913 1368
1422 559 1115
1115 559 1422
559 1115 1422
667 112 716
112 667 716
716 112 667
593 143 325
143 325 593
325 143 593
662 703 1154
703 662 1154
1154 662 703
31 475 1443
475 31 1443
1443 31 475
358 405 1153
405 358 1153
1153 358 405
411 977 1245
1245 411 977
977 411 1245
1166 161 354
354 161 1166
161 354 1166
993 301 429
301 429 993
429 301 993
694 656 858
656 694 858
858 656 694
659 1042 1147
1042 659 1147
1147 659 1042
14 829 1262
1262 14 829
829 14 1262
1387 219 699
699 219 1387
219 699 1387
1066 83 173
83 173 1066
173 83 1066
1161 1 342
1 342 1161
342 1 1161
495 1277 1391
1391 495 1277
1277 495 1391
528 891 895
895 528 891
891 528 895
413 48 1251
48 413 1251
1251 48 413
636 1179 1257
1257 636 1179
1179 636 1257
647 945 1415
945 647 1415
1415 647 945
1021 682 1378
682 1021 1378
1378 682 1021
1402 1105 1197
1197 1105 1402
1105 1197 1402
1131 282 803
803 282 1131
282 803 1131
1482 4 155
4 155 1482
155 4 1482
848 914 1310
1310 848 914
914 848 1310
251 1086 1363
1363 251 1086
1086 251 1363
1382 228 398
228 398 1382
398 228 1382
1456 431 1185
1185 431 1456
431 1185 1456
725 494 921
921 494 725
494 725 921
693 270 300
270 300 693
300 270 693
651 1139 1486
1486 651 1139
1139 651 1486
753 37 860
860 37 753
37 753 860
1227 1214 1333
1333 1214 1227
1214 1227 1333
548 843 1225
843 548 1225
1225 548 843
723 261 928
928 261 723
261 723 928
649 441 884
441 649 884
884 441 649
205 438 1425
1425 205 438
438 205 1425
1192 695 762
695 762 1192
762 695 1192
931 1442 1445
1445 931 1442
1442 931 1445
1189 349 1157
1157 349 1189
349 1157 1189
620 33 1453
1453 33 620
33 620 1453
1400 129 189
129 189 1400
189 129 1400
1028 822 1085
822 1028 1085
1085 822 1028
1417 182 1494
1494 182 1417
182 1417 1494
1072 687 1248
1248 687 1072
687 1072 1248
1023 654 1123
1123 654 1023
654 1023 1123
1076 486 715
715 486 1076
486 715 1076
439 26 491
26 439 491
491 26 439
948 21 1058
21 948 1058
1058 21 948
1312 89 211
89 211 1312
211 89 1312
552 283 1343
283 552 1343
1343 283 552
546 78 904
78 546 904
904 78 546
271 590 1315
590 271 1315
1315 271 590
23 425 738
738 23 425
425 23 738
256 208 508
208 256 508
508 208 256
35 493 691
691 35 493
493 35 691
624 154 444
154 444 624
444 154 624
351 227 512
227 351 512
512 227 351
595 39 730
39 595 730
730 39 595
66 93 469
93 66 469
469 66 93
841 905 1318
905 841 1318
1318 841 905
615 422 781
422 615 781
781 422 615
625 79 1281
79 625 1281
1281 79 625
206 144 1016
144 206 1016
1016 144 206
946 545 685
545 685 946
685 545 946
139 54 1249
54 139 1249
1249 54 139
88 638 939
939 88 638
638 88 939
1036 700 797
700 797 1036
797 700 1036
326 49 1359
49 326 1359
1359 49 326
1374 516 1088
516 1088 1374
1088 516 1374
684 272 489
272 489 684
489 272 684
964 1037 1203
1037 964 1203
1203 964 1037
1061 302 831
831 302 1061
302 831 1061
697 1218 1306
1306 697 1218
1218 697 1306
706 815 1313
815 706 1313
1313 706 815
198 457 947
947 198 457
457 198 947
307 275 1396
1396 275 307
275 307 1396
180 105 406
105 180 406
406 105 180
1342 258 893
258 893 1342
893 258 1342
318 207 1323
207 318 1323
1323 207 318
760 650 1228
1228 650 760
650 760 1228
176 555 1234
1234 176 555
555 176 1234
353 212 1173
1173 212 353
212 353 1173
774 788 1409
788 774 1409
1409 774 788
1190 1019 1081
1019 1081 1190
1081 1019 1190
478 366 499
366 478 499
499 366 478
778 166 1496
166 778 1496
1496 166 778
461 1104 1275
1275 461 1104
1104 461 1275
1009 132 360
360 132 1009
132 360 1009
365 59 1390
1390 59 365
59 365 1390
1270 580 1480
1480 580 1270
580 1270 1480
496 3 34
34 3 496
3 34 496
179 209 623
623 179 209
209 179 623
890 216 1448
1448 216 890
216 890 1448
1043 1276 1325
1325 1043 1276
1276 1043 1325
746 941 1052
941 746 1052
1052 746 941
1316 377 1462
377 1316 1462
1462 377 1316
1367 389 1113
1113 389 1367
389 1113 1367
942 50 237
50 237 942
237 50 942
795 64 1500
1500 64 795
64 795 1500
627 1332 1459
1332 627 1459
1459 627 1332
534 536 1461
536 534 1461
1461 534 536
202 32 498
498 32 202
32 202 498
455 400 854
400 455 854
854 400 455
484 1253 1491
1491 484 1253
1253 484 1491
1383 825 1070
1070 825 1383
825 1070 1383
619 164 347
164 347 619
347 164 619
16 680 701
701 16 680
680 16 701
291 84 1346
84 291 1346
1346 84 291
1460 811 1380
811 1380 1460
1380 811 1460
1074 47 817
817 47 1074
47 817 1074
1326 215 901
215 901 1326
901 215 1326
313 157 1048
1048 157 313
157 313 1048
1089 7 1288
1288 7 1089
7 1089 1288
923 85 1017
1017 85 923
85 923 1017
925 384 560
384 560 925
560 384 925
1163 985 1379
985 1163 1379
1379 985 1163
