4261 372 9876
372 4261 9876
9876 372 4261
1410 3610 13328
13328 1410 3610
3610 1410 13328
13544 341 11917
341 11917 13544
11917 341 13544
5461 775 3249
3249 775 5461
775 3249 5461
12744 9171 10471
9171 10471 12744
10471 9171 12744
458 7801 10346
7801 458 10346
10346 458 7801
11696 1510 11568
11568 1510 11696
1510 11568 11696
5853 477 8756
8756 477 5853
477 5853 8756
3776 2346 5975
5975 2346 3776
2346 3776 5975
3417 7479 10248
7479 3417 10248
10248 3417 7479
10525 3231 4781
4781 3231 10525
3231 4781 10525
8874 4303 9034
4303 8874 9034
9034 4303 8874
3596 9144 10595
9144 3596 10595
10595 3596 9144
12843 10297 14209
10297 12843 14209
14209 10297 12843
4082 8769 11701
11701 4082 8769
8769 4082 11701
14880 10900 12862
10900 12862 14880
12862 10900 14880
6916 6100 9186
9186 6100 6916
6100 6916 9186
1503 735 8979
735 1503 8979
8979 735 1503
3588 4182 10507
10507 3588 4182
4182 3588 10507
7079 7975 11173
11173 7079 7975
7975 7079 11173
13806 9007 11433
9007 11433 13806
11433 9007 13806
2865 3469 10258
3469 2865 10258
10258 2865 3469
2925 950 5855
950 2925 5855
5855 950 2925
2887 4120 12126
12126 2887 4120
4120 2887 12126
9789 240 3340
3340 240 9789
240 3340 9789
1231 1128 4436
4436 1128 1231
1128 1231 4436
5152 6621 7709
6621 5152 7709
7709 5152 6621
4507 3519 9688
9688 3519 4507
3519 4507 9688
8198 2040 8427
2040 8198 8427
8427 2040 8198
11437 5196 12229
5196 11437 12229
12229 5196 11437
13389 12054 12623
12054 12623 13389
12623 12054 13389
6073 5780 8824
8824 5780 6073
5780 6073 8824
8923 3661 5436
5436 3661 8923
3661 5436 8923
6449 3495 9430
9430 3495 6449
3495 6449 9430
11967 1130 11291
11291 1130 11967
1130 11291 11967
14082 11032 13224
13224 11032 14082
11032 13224 14082
10601 3837 7131
3837 7131 10601
7131 3837 10601
3308 1965 7063
7063 1965 3308
1965 3308 7063
2475 6301 6828
6828 2475 6301
6301 2475 6828
14784 8006 10832
10832 8006 14784
8006 10832 14784
8643 5439 6029
6029 5439 8643
5439 6029 8643
2597 4835 8675
4835 2597 8675
8675 2597 4835
4174 3652 8423
3652 4174 8423
8423 3652 4174
9809 2749 10410
10410 2749 9809
2749 9809 10410
9269 4562 6148
6148 4562 9269
4562 6148 9269
5903 153 1458
153 1458 5903
1458 153 5903
6423 2424 13602
2424 6423 13602
13602 2424 6423
1943 5001 11393
5001 1943 11393
11393 1943 5001
11897 8918 11788
8918 11788 11897
11788 8918 11897
3806 2299 14298
2299 3806 14298
14298 2299 3806
13519 5887 13504
13504 5887 13519
5887 13504 13519
12394 2626 7811
2626 7811 12394
7811 2626 12394
6198 5466 5588
5588 5466 6198
5466 5588 6198
12005 10995 14773
14773 10995 12005
10995 12005 14773
3150 4014 12327
12327 3150 4014
4014 3150 12327
5846 5370 12315
12315 5370 5846
5370 5846 12315
13360 2473 13822
13822 2473 13360
2473 13360 13822
10761 6573 7708
6573 7708 10761
7708 6573 10761
11429 3144 10342
10342 3144 11429
3144 10342 11429
3466 514 2253
2253 514 3466
514 2253 3466
12764 4592 11775
4592 11775 12764
11775 4592 12764
6506 8201 11451
8201 6506 11451
11451 6506 8201
9875 5443 6687
6687 5443 9875
5443 6687 9875
13898 1209 6078
6078 1209 13898
1209 6078 13898
6463 7326 11095
11095 6463 7326
7326 6463 11095
1834 1753 10386
1753 1834 10386
10386 1753 1834
12530 8448 8679
8448 8679 12530
8679 8448 12530
462 1533 12253
1533 462 12253
12253 462 1533
10419 4444 8017
4444 8017 10419
8017 4444 10419
12042 6884 10631
10631 6884 12042
6884 10631 12042
9154 6117 12516
12516 6117 9154
6117 9154 12516
8096 5572 9187
5572 8096 9187
9187 5572 8096
35 121 7531
7531 35 121
121 35 7531
7970 2289 8175
2289 7970 8175
8175 2289 7970
4000 1687 13394
1687 4000 13394
13394 1687 4000
6335 8707 14853
14853 6335 8707
8707 6335 14853
6749 4980 10067
10067 4980 6749
4980 6749 10067
13374 12452 14591
12452 13374 14591
14591 12452 13374
4931 8704 13727
8704 4931 13727
13727 4931 8704
7876 801 13058
13058 801 7876
801 7876 13058
6534 1080 5712
1080 5712 6534
5712 1080 6534
1070 10622 11142
10622 1070 11142
11142 1070 10622
13800 11524 12900
12900 11524 13800
11524 12900 13800
3116 9040 14139
14139 3116 9040
9040 3116 14139
5275 3094 4369
3094 4369 5275
4369 3094 5275
14301 1857 6011
6011 1857 14301
1857 6011 14301
1204 7139 11541
11541 1204 7139
7139 1204 11541
5985 7408 9624
9624 5985 7408
7408 5985 9624
4630 1440 13117
13117 1440 4630
1440 4630 13117
4225 2265 5981
2265 4225 5981
5981 2265 4225
14387 5684 7291
7291 5684 14387
5684 7291 14387
7849 4885 7526
4885 7526 7849
7526 4885 7849
13752 10608 14187
10608 13752 14187
14187 10608 13752
12712 4267 4643
4643 4267 12712
4267 4643 12712
1338 8724 9615
9615 1338 8724
8724 1338 9615
12177 2195 10928
10928 2195 12177
2195 10928 12177
14348 7560 8003
8003 7560 14348
7560 8003 14348
3997 12151 14463
14463 3997 12151
12151 3997 14463
4439 6660 6724
6724 4439 6660
6660 4439 6724
2845 4858 8539
8539 2845 4858
4858 2845 8539
6770 3980 14992
14992 3980 6770
3980 6770 14992
8379 1310 12259
1310 8379 12259
12259 1310 8379
2135 604 6624
604 2135 6624
6624 604 2135
6982 6163 8857
8857 6163 6982
6163 6982 8857
9188 5879 12142
5879 9188 12142
12142 5879 9188
11384 3016 11312
3016 11312 11384
11312 3016 11384
4869 10711 11782
10711 4869 11782
11782 4869 10711
4904 5030 14715
14715 4904 5030
5030 4904 14715
1544 2087 14322
2087 1544 14322
14322 1544 2087
7482 12023 13634
12023 7482 13634
13634 7482 12023
8940 3815 8515
3815 8515 8940
8515 3815 8940
11942 11319 12989
11319 11942 12989
12989 11319 11942
385 2163 6010
2163 385 6010
6010 385 2163
8195 12569 14310
14310 8195 12569
12569 8195 14310
10434 3517 10298
10298 3517 10434
3517 10298 10434
3385 6756 7423
7423 3385 6756
6756 3385 7423
9038 1183 14325
14325 1183 9038
1183 9038 14325
8731 7042 14751
7042 8731 14751
14751 7042 8731
4339 1898 11510
1898 4339 11510
11510 1898 4339
10890 2060 14509
2060 10890 14509
14509 2060 10890
7642 4851 12156
12156 4851 7642
4851 7642 12156
2807 8106 10171
10171 2807 8106
8106 2807 10171
6380 5765 10662
10662 5765 6380
5765 6380 10662
14532 12274 12885
12885 12274 14532
12274 12885 14532
13154 1543 3866
3866 1543 13154
1543 3866 13154
10139 647 14061
647 10139 14061
14061 647 10139
5926 9529 11407
11407 5926 9529
9529 5926 11407
6176 685 3313
3313 685 6176
685 3313 6176
3046 9451 11470
11470 3046 9451
9451 3046 11470
1047 3054 10057
3054 1047 10057
10057 1047 3054
3821 1185 3479
1185 3479 3821
3479 1185 3821
14825 1208 4019
4019 1208 14825
1208 4019 14825
1316 933 8028
933 1316 8028
8028 933 1316
8555 1937 11769
11769 1937 8555
1937 8555 11769
2293 5507 14406
14406 2293 5507
5507 2293 14406
11825 5655 6988
6988 5655 11825
5655 6988 11825
11741 4656 8738
8738 4656 11741
4656 8738 11741
11968 445 12727
12727 445 11968
445 11968 12727
9499 3292 7883
3292 7883 9499
7883 3292 9499
11446 7848 9146
7848 9146 11446
9146 7848 11446
10519 3899 12568
3899 10519 12568
12568 3899 10519
9696 3172 3294
3172 3294 9696
3294 3172 9696
32 13605 13963
13605 32 13963
13963 32 13605
13857 1026 12265
1026 12265 13857
12265 1026 13857
8836 13108 14791
13108 8836 14791
14791 8836 13108
10605 4071 5996
4071 5996 10605
5996 4071 10605
2096 661 2326
661 2096 2326
2326 661 2096
11246 4386 13430
4386 11246 13430
13430 4386 11246
12514 1423 4385
4385 1423 12514
1423 4385 12514
5069 1214 8667
8667 1214 5069
1214 5069 8667
2482 3452 6717
3452 2482 6717
6717 2482 3452
195 9744 9996
9744 195 9996
9996 195 9744
5701 4456 13145
4456 5701 13145
13145 4456 5701
8374 11914 14234
11914 8374 14234
14234 8374 11914
6726 167 349
167 349 6726
349 167 6726
10236 3999 5602
3999 5602 10236
5602 3999 10236
12463 8543 14723
8543 12463 14723
14723 8543 12463
12888 4038 11683
4038 11683 12888
11683 4038 12888
14391 6990 8034
6990 8034 14391
8034 6990 14391
8504 1345 9796
1345 8504 9796
9796 1345 8504
12707 10068 14486
14486 10068 12707
10068 12707 14486
13555 5928 9014
9014 5928 13555
5928 9014 13555
13527 5015 5771
5015 5771 13527
5771 5015 13527
14764 5259 11386
11386 5259 14764
5259 11386 14764
12351 2465 4200
2465 4200 12351
4200 2465 12351
7704 4491 5235
4491 5235 7704
5235 4491 7704
4277 3656 13171
3656 4277 13171
13171 3656 4277
3638 5710 13331
5710 3638 13331
13331 3638 5710
14582 701 1539
1539 701 14582
701 1539 14582
9619 10718 13006
13006 9619 10718
10718 9619 13006
9780 8340 13474
13474 8340 9780
8340 9780 13474
5462 145 2072
145 2072 5462
2072 145 5462
2383 2923 10127
10127 2383 2923
2923 2383 10127
8627 9365 12128
12128 8627 9365
9365 8627 12128
3022 5224 8725
8725 3022 5224
5224 3022 8725
1701 2758 11969
2758 1701 11969
11969 1701 2758
7268 10456 10863
10456 7268 10863
10863 7268 10456
6023 9403 14164
14164 6023 9403
9403 6023 14164
12200 8247 13021
13021 8247 12200
8247 12200 13021
11284 1103 4053
4053 1103 11284
1103 4053 11284
11099 1758 13266
13266 1758 11099
1758 11099 13266
854 6713 8274
6713 854 8274
8274 854 6713
6941 4025 4282
4282 4025 6941
4025 4282 6941
7110 6530 12067
12067 6530 7110
6530 7110 12067
4662 7860 9560
9560 4662 7860
7860 4662 9560
13492 3509 5589
5589 3509 13492
3509 5589 13492
11494 2909 10826
10826 2909 11494
2909 10826 11494
210 11165 14870
14870 210 11165
11165 210 14870
8934 2412 8107
2412 8107 8934
8107 2412 8934
11642 8128 13469
13469 8128 11642
8128 11642 13469
12178 538 13824
13824 538 12178
538 12178 13824
8439 8903 13227
13227 8439 8903
8903 8439 13227
6979 5147 14161
14161 5147 6979
5147 6979 14161
14731 4258 4611
4611 4258 14731
4258 4611 14731
4568 1703 12813
12813 1703 4568
1703 4568 12813
10994 3291 14605
3291 10994 14605
14605 3291 10994
8741 1018 2422
2422 1018 8741
1018 2422 8741
10757 4365 13265
4365 10757 13265
13265 4365 10757
14950 9236 11213
9236 11213 14950
11213 9236 14950
7409 11526 14939
11526 7409 14939
14939 7409 11526
8459 5244 13366
13366 5244 8459
5244 8459 13366
6932 5220 9026
5220 6932 9026
9026 5220 6932
6616 5420 11772
5420 6616 11772
11772 5420 6616
6492 7132 11297
7132 6492 11297
11297 6492 7132
1067 6730 12268
12268 1067 6730
6730 1067 12268
4807 3764 14332
3764 4807 14332
14332 3764 4807
13272 4065 4367
4065 4367 13272
4367 4065 13272
364 186 7991
186 364 7991
7991 186 364
870 11585 12403
12403 870 11585
11585 870 12403
9094 7996 11874
11874 7996 9094
7996 9094 11874
11774 3869 7034
3869 7034 11774
7034 3869 11774
9682 2551 8362
2551 8362 9682
8362 2551 9682
2247 1425 3645
3645 1425 2247
1425 2247 3645
14455 6123 6559
6123 6559 14455
6559 6123 14455
8119 7524 11203
7524 8119 11203
11203 7524 8119
12228 4288 10872
10872 4288 12228
4288 10872 12228
6870 4572 14483
14483 4572 6870
4572 6870 14483
11619 2102 13979
2102 11619 13979
13979 2102 11619
14756 1384 10782
1384 10782 14756
10782 1384 14756
10327 14324 14561
14561 10327 14324
14324 10327 14561
9157 5318 12453
5318 9157 12453
12453 5318 9157
8004 318 10161
10161 318 8004
318 8004 10161
11964 9407 11627
9407 11627 11964
11627 9407 11964
2547 9588 10205
9588 2547 10205
10205 2547 9588
270 11746 13445
11746 270 13445
13445 270 11746
10512 14523 14819
14819 10512 14523
14523 10512 14819
7293 8507 13531
13531 7293 8507
8507 7293 13531
10209 9525 14446
14446 9525 10209
9525 10209 14446
11509 1690 14285
1690 11509 14285
14285 1690 11509
4265 703 7082
703 4265 7082
7082 703 4265
11963 7215 8082
8082 7215 11963
7215 8082 11963
7297 2589 5287
5287 2589 7297
2589 5287 7297
10430 9820 11462
9820 10430 11462
11462 9820 10430
8736 545 1625
1625 545 8736
545 1625 8736
1748 772 1075
772 1075 1748
1075 772 1748
12256 3267 5834
3267 5834 12256
5834 3267 12256
12437 6381 10673
10673 6381 12437
6381 10673 12437
13920 4935 7141
7141 4935 13920
4935 7141 13920
2004 6159 6429
6429 2004 6159
6159 2004 6429
5810 3752 12926
3752 5810 12926
12926 3752 5810
9472 4836 5562
4836 5562 9472
5562 4836 9472
713 11361 13149
13149 713 11361
11361 713 13149
7430 1911 5413
1911 5413 7430
5413 1911 7430
11736 5870 7334
7334 5870 11736
5870 7334 11736
9825 402 8591
8591 402 9825
402 8591 9825
4920 2852 8287
2852 4920 8287
8287 2852 4920
9501 7264 14920
14920 7264 9501
7264 9501 14920
3327 234 10050
234 3327 10050
10050 234 3327
13971 3474 11452
3474 11452 13971
11452 3474 13971
14625 11618 14794
14794 11618 14625
11618 14625 14794
11767 5232 6003
6003 5232 11767
5232 6003 11767
7517 8449 12213
12213 7517 8449
8449 7517 12213
4168 168 5650
168 4168 5650
5650 168 4168
6049 8945 11728
8945 6049 11728
11728 6049 8945
8482 2088 12240
2088 8482 12240
12240 2088 8482
3941 782 10040
10040 782 3941
782 3941 10040
13038 7569 9894
7569 9894 13038
9894 7569 13038
3502 6948 13804
13804 3502 6948
6948 3502 13804
6522 34 5641
34 5641 6522
5641 34 6522
105 7096 12313
12313 105 7096
7096 105 12313
1221 9853 11865
11865 1221 9853
9853 1221 11865
10168 12269 14300
14300 10168 12269
12269 10168 14300
1850 4171 8526
8526 1850 4171
4171 1850 8526
5537 5165 8099
5165 5537 8099
8099 5165 5537
1416 5551 6631
5551 1416 6631
6631 1416 5551
1368 2507 6317
6317 1368 2507
2507 1368 6317
1634 1062 3368
3368 1062 1634
1062 1634 3368
9841 6700 10042
10042 6700 9841
6700 9841 10042
1966 12617 13753
12617 1966 13753
13753 1966 12617
5777 3796 6704
3796 5777 6704
6704 3796 5777
8892 10091 13436
13436 8892 10091
10091 8892 13436
14434 2036 7137
2036 7137 14434
7137 2036 14434
2594 221 1960
221 1960 2594
1960 221 2594
1686 5446 11071
11071 1686 5446
5446 1686 11071
12282 5277 8763
5277 8763 12282
8763 5277 12282
8323 119 5705
5705 119 8323
119 5705 8323
9599 1159 4402
4402 1159 9599
1159 4402 9599
8331 4626 4770
4626 4770 8331
4770 4626 8331
13616 12154 12886
12154 12886 13616
12886 12154 13616
3962 1907 14461
14461 1907 3962
1907 3962 14461
8381 5104 7296
5104 7296 8381
7296 5104 8381
2926 8538 12498
8538 2926 12498
12498 2926 8538
12782 6513 7862
6513 7862 12782
7862 6513 12782
8464 216 14215
216 8464 14215
14215 216 8464
10391 3361 11646
11646 3361 10391
3361 10391 11646
4937 1277 4408
4408 1277 4937
1277 4408 4937
14578 11532 14312
14312 11532 14578
11532 14312 14578
9866 4813 13535
4813 9866 13535
13535 4813 9866
4958 2613 9477
9477 2613 4958
2613 4958 9477
416 9664 12233
9664 416 12233
12233 416 9664
4853 1008 9959
9959 1008 4853
1008 4853 9959
8329 1349 2042
2042 1349 8329
1349 2042 8329
6470 273 12812
12812 273 6470
273 6470 12812
7181 1156 8750
8750 1156 7181
1156 7181 8750
10829 5149 12839
12839 5149 10829
5149 10829 12839
7756 543 7112
543 7112 7756
7112 543 7756
5568 1798 9130
1798 5568 9130
9130 1798 5568
4378 10643 14138
10643 4378 14138
14138 4378 10643
1789 5760 10589
10589 1789 5760
5760 1789 10589
12784 6963 7347
6963 7347 12784
7347 6963 12784
5233 5821 11183
5821 5233 11183
11183 5233 5821
4268 6284 7099
6284 4268 7099
7099 4268 6284
2835 11022 14781
11022 2835 14781
14781 2835 11022
660 10845 14167
10845 660 14167
14167 660 10845
13211 571 8783
8783 571 13211
571 8783 13211
3210 3132 14874
14874 3132 3210
3132 3210 14874
10072 10989 12139
10989 10072 12139
12139 10072 10989
3274 4112 12606
4112 3274 12606
12606 3274 4112
7586 5504 8811
5504 7586 8811
8811 5504 7586
664 4233 11157
4233 664 11157
11157 664 4233
8578 10555 11902
10555 8578 11902
11902 8578 10555
5566 5087 5976
5976 5087 5566
5087 5566 5976
6823 455 11952
11952 455 6823
455 6823 11952
6914 6672 14868
6672 6914 14868
14868 6672 6914
14147 13967 14470
13967 14147 14470
14470 13967 14147
3174 6474 12084
12084 3174 6474
6474 3174 12084
10046 3496 9878
9878 3496 10046
3496 9878 10046
3746 1796 13409
13409 1796 3746
1796 3746 13409
2085 324 13667
13667 324 2085
324 2085 13667
2489 2202 2815
2815 2202 2489
2202 2489 2815
5040 4987 5039
4987 5039 5040
5039 4987 5040
11962 6850 8438
6850 8438 11962
8438 6850 11962
4639 3473 13361
13361 3473 4639
3473 4639 13361
7411 1256 14673
1256 7411 14673
14673 1256 7411
5598 659 13315
13315 659 5598
659 5598 13315
5480 258 4405
4405 258 5480
258 4405 5480
10614 6404 12588
12588 6404 10614
6404 10614 12588
2114 285 8867
285 2114 8867
8867 285 2114
14260 9088 10385
9088 10385 14260
10385 9088 14260
414 2554 13490
2554 414 13490
13490 414 2554
11163 9565 13628
9565 11163 13628
13628 9565 11163
13754 13330 13412
13330 13412 13754
13412 13330 13754
9459 12788 13848
13848 9459 12788
12788 9459 13848
12939 357 5005
357 5005 12939
5005 357 12939
6615 11885 12918
11885 6615 12918
12918 6615 11885
5967 430 10290
10290 430 5967
430 5967 10290
1904 646 5184
646 1904 5184
5184 646 1904
12416 1137 10132
10132 1137 12416
1137 10132 12416
7518 2263 11426
2263 7518 11426
11426 2263 7518
13219 2643 4783
4783 2643 13219
2643 4783 13219
6647 3773 13040
13040 3773 6647
3773 6647 13040
3388 3672 4273
3672 3388 4273
4273 3388 3672
5229 6138 9153
6138 5229 9153
9153 5229 6138
14653 6437 12881
6437 12881 14653
12881 6437 14653
6555 5080 13014
13014 5080 6555
5080 6555 13014
14803 13489 14611
13489 14611 14803
14611 13489 14803
6980 3651 8660
8660 3651 6980
3651 6980 8660
443 1797 9747
9747 443 1797
1797 443 9747
14705 4706 12297
12297 4706 14705
4706 12297 14705
12355 2876 6542
2876 6542 12355
6542 2876 12355
925 4526 12029
12029 925 4526
4526 925 12029
6338 4296 11540
4296 6338 11540
11540 4296 6338
1559 8452 11101
8452 1559 11101
11101 1559 8452
11316 9148 10199
9148 10199 11316
10199 9148 11316
9717 3200 11994
11994 3200 9717
3200 9717 11994
7608 5604 11168
11168 5604 7608
5604 7608 11168
13885 998 14969
14969 998 13885
998 13885 14969
1308 5849 9640
5849 1308 9640
9640 1308 5849
14043 6994 8395
8395 6994 14043
6994 8395 14043
13285 1040 7873
1040 7873 13285
7873 1040 13285
4278 7414 8753
7414 4278 8753
8753 4278 7414
3459 48 13120
48 3459 13120
13120 48 3459
3983 1784 6305
1784 3983 6305
6305 1784 3983
1252 4179 9685
9685 1252 4179
4179 1252 9685
5759 4984 12245
4984 5759 12245
12245 4984 5759
13455 4492 7972
7972 4492 13455
4492 7972 13455
1263 1675 4740
1675 1263 4740
4740 1263 1675
6957 7128 13187
7128 6957 13187
13187 6957 7128
13094 8456 9272
9272 8456 13094
8456 9272 13094
13850 5058 7795
7795 5058 13850
5058 7795 13850
2379 7689 12244
7689 2379 12244
12244 2379 7689
4963 7565 9306
9306 4963 7565
7565 4963 9306
7487 3704 13589
13589 3704 7487
3704 7487 13589
622 1832 6566
6566 622 1832
1832 622 6566
4676 9811 13784
9811 4676 13784
13784 4676 9811
5151 10325 11651
10325 5151 11651
11651 5151 10325
11809 2249 8162
2249 8162 11809
8162 2249 11809
14432 3701 11378
3701 11378 14432
11378 3701 14432
5248 8713 12842
12842 5248 8713
8713 5248 12842
14141 6017 14053
14053 6017 14141
6017 14053 14141
13173 4234 5965
4234 5965 13173
5965 4234 13173
3260 5939 14703
5939 3260 14703
14703 3260 5939
14780 12257 12970
12257 12970 14780
12970 12257 14780
13316 869 5183
5183 869 13316
869 5183 13316
6576 4912 12472
12472 4912 6576
4912 6576 12472
13099 1878 11134
11134 1878 13099
1878 11134 13099
10493 5190 13323
5190 10493 13323
13323 5190 10493
9623 73 8234
8234 73 9623
73 8234 9623
4153 5980 6130
6130 4153 5980
5980 4153 6130
536 9273 11490
11490 536 9273
9273 536 11490
14884 7979 14504
7979 14504 14884
14504 7979 14884
10777 3078 12963
12963 3078 10777
3078 10777 12963
4724 3785 14117
3785 4724 14117
14117 3785 4724
4463 2608 9012
9012 2608 4463
2608 4463 9012
13993 10780 14844
14844 10780 13993
10780 13993 14844
8540 9673 11195
11195 8540 9673
9673 8540 11195
3288 2478 10690
2478 3288 10690
10690 2478 3288
2837 12195 14964
14964 2837 12195
12195 2837 14964
10862 5475 11636
5475 10862 11636
11636 5475 10862
3753 2469 11206
2469 3753 11206
11206 2469 3753
13357 3425 12984
3425 12984 13357
12984 3425 13357
4960 2681 7467
2681 4960 7467
7467 2681 4960
8761 2884 8680
2884 8680 8761
8680 2884 8761
10302 3908 11871
3908 10302 11871
11871 3908 10302
14887 7336 14205
7336 14205 14887
14205 7336 14887
6168 1996 8090
1996 6168 8090
8090 1996 6168
10080 6927 7028
7028 6927 10080
6927 7028 10080
13911 7953 13844
7953 13844 13911
13844 7953 13911
4967 2747 5484
5484 2747 4967
2747 4967 5484
11252 5426 12387
12387 5426 11252
5426 11252 12387
14933 142 5662
142 5662 14933
5662 142 14933
1783 1174 6456
6456 1174 1783
1174 1783 6456
13467 686 13591
686 13467 13591
13591 686 13467
7267 6668 11454
11454 6668 7267
6668 7267 11454
7384 2250 6955
6955 2250 7384
2250 6955 7384
10186 915 7046
915 7046 10186
7046 915 10186
4700 1038 1227
1227 1038 4700
1038 1227 4700
1633 4029 8781
4029 1633 8781
8781 1633 4029
12577 6718 7503
7503 6718 12577
6718 7503 12577
8292 5137 9445
9445 5137 8292
5137 8292 9445
2410 6962 13639
13639 2410 6962
6962 2410 13639
10479 7673 9467
7673 9467 10479
9467 7673 10479
4939 11626 14179
14179 4939 11626
11626 4939 14179
9057 850 8734
850 8734 9057
8734 850 9057
8837 871 1901
871 1901 8837
1901 871 8837
8371 2449 9268
2449 8371 9268
9268 2449 8371
5731 5268 9671
9671 5268 5731
5268 5731 9671
10990 3242 11017
11017 3242 10990
3242 10990 11017
2706 4035 12563
4035 2706 12563
12563 2706 4035
10923 10870 12366
12366 10870 10923
10870 10923 12366
5392 2967 5219
5219 2967 5392
2967 5219 5392
12145 2775 12615
2775 12145 12615
12615 2775 12145
8114 510 13981
510 8114 13981
13981 510 8114
24 94 3067
94 24 3067
3067 24 94
8131 5874 13927
5874 8131 13927
13927 5874 8131
4664 1420 14015
1420 4664 14015
14015 1420 4664
177 11156 12212
12212 177 11156
11156 177 12212
11441 4874 10296
10296 4874 11441
4874 10296 11441
440 954 6406
954 440 6406
6406 440 954
11625 3993 6788
3993 6788 11625
6788 3993 11625
11170 7402 8644
8644 7402 11170
7402 8644 11170
11313 4485 6586
6586 4485 11313
4485 6586 11313
14888 4488 10854
4488 10854 14888
10854 4488 14888
4471 8710 14745
14745 4471 8710
8710 4471 14745
3065 1618 6991
6991 1618 3065
1618 3065 6991
7680 603 8655
8655 603 7680
603 7680 8655
918 65 10768
10768 65 918
65 918 10768
893 2101 5171
2101 893 5171
5171 893 2101
10941 7980 10692
7980 10692 10941
10692 7980 10941
13879 5110 11802
11802 5110 13879
5110 11802 13879
9238 9466 13513
9466 9238 13513
13513 9238 9466
2953 994 10828
10828 994 2953
994 2953 10828
2472 5565 5835
5835 2472 5565
5565 2472 5835
9871 5020 8242
8242 5020 9871
5020 8242 9871
10165 13799 14608
14608 10165 13799
13799 10165 14608
2083 4644 11791
11791 2083 4644
4644 2083 11791
11511 3326 5577
3326 5577 11511
5577 3326 11511
4788 6383 11716
11716 4788 6383
6383 4788 11716
1771 9772 14284
9772 1771 14284
14284 1771 9772
8116 9024 11534
9024 8116 11534
11534 8116 9024
2624 4860 13521
13521 2624 4860
4860 2624 13521
975 5534 11953
11953 975 5534
5534 975 11953
2893 4325 6578
4325 2893 6578
6578 2893 4325
9415 1311 14123
14123 1311 9415
1311 9415 14123
8218 2075 14390
14390 2075 8218
2075 8218 14390
12469 8279 12497
12497 8279 12469
8279 12469 12497
4276 14495 14775
14775 4276 14495
14495 4276 14775
3421 1989 14371
1989 3421 14371
14371 1989 3421
5528 321 12834
321 5528 12834
12834 321 5528
1033 6669 10681
10681 1033 6669
6669 1033 10681
7851 3497 9535
9535 3497 7851
3497 7851 9535
415 1537 14166
1537 415 14166
14166 415 1537
7030 5502 9694
5502 7030 9694
9694 5502 7030
5807 2642 8677
8677 2642 5807
2642 5807 8677
4798 1205 12333
12333 1205 4798
1205 4798 12333
9216 5614 7032
7032 5614 9216
5614 7032 9216
5053 1870 13020
1870 5053 13020
13020 1870 5053
7027 740 11919
11919 740 7027
740 7027 11919
508 6424 10279
10279 508 6424
6424 508 10279
14057 7330 8078
8078 7330 14057
7330 8078 14057
6712 834 5747
5747 834 6712
834 5747 6712
1752 1598 13121
13121 1598 1752
1598 1752 13121
3677 8957 11976
8957 3677 11976
11976 3677 8957
14146 2423 11037
2423 11037 14146
11037 2423 14146
7335 2616 14413
2616 7335 14413
14413 2616 7335
11225 4323 6476
6476 4323 11225
4323 6476 11225
11478 4314 13278
4314 11478 13278
13278 4314 11478
4840 2980 9195
9195 2980 4840
2980 4840 9195
10333 6978 14032
6978 10333 14032
14032 6978 10333
4416 12451 12667
12451 4416 12667
12667 4416 12451
6337 4864 6489
4864 6337 6489
6489 4864 6337
8835 3504 5797
3504 5797 8835
5797 3504 8835
4940 8223 14978
14978 4940 8223
8223 4940 14978
9163 2657 6304
6304 2657 9163
2657 6304 9163
10841 7484 12360
12360 7484 10841
7484 10841 12360
6250 5871 9773
5871 6250 9773
9773 5871 6250
217 586 779
586 217 779
779 217 586
7757 8637 10250
10250 7757 8637
8637 7757 10250
8113 4192 5139
4192 5139 8113
5139 4192 8113
14961 13700 14046
14046 13700 14961
13700 14046 14961
10338 771 12790
12790 771 10338
771 10338 12790
14022 9509 11287
11287 9509 14022
9509 11287 14022
98 5922 7443
5922 98 7443
7443 98 5922
10348 2529 2766
2766 2529 10348
2529 2766 10348
9697 1682 8558
1682 8558 9697
8558 1682 9697
6551 3038 11274
11274 3038 6551
3038 6551 11274
6693 2729 9075
9075 2729 6693
2729 6693 9075
7075 9934 14289
9934 7075 14289
14289 7075 9934
9305 4102 12605
4102 9305 12605
12605 4102 9305
11854 665 1055
665 1055 11854
1055 665 11854
14934 293 14232
293 14232 14934
14232 293 14934
7593 5316 7507
5316 7507 7593
7507 5316 7593
7508 444 14996
14996 444 7508
444 7508 14996
338 306 9043
9043 306 338
306 338 9043
9083 2389 4470
4470 2389 9083
2389 4470 9083
11721 3615 4543
3615 4543 11721
4543 3615 11721
7678 6092 9162
9162 6092 7678
6092 7678 9162
14507 5819 10322
5819 10322 14507
10322 5819 14507
13010 12093 12656
12093 12656 13010
12656 12093 13010
644 8050 9668
8050 644 9668
9668 644 8050
13329 1024 5516
1024 5516 13329
5516 1024 13329
11764 1466 13238
13238 1466 11764
1466 11764 13238
3748 2823 12239
12239 2823 3748
2823 3748 12239
6340 4448 10604
10604 4448 6340
4448 6340 10604
4715 10963 12638
12638 4715 10963
10963 4715 12638
9632 1195 4064
4064 1195 9632
1195 4064 9632
12116 2459 8744
2459 8744 12116
8744 2459 12116
488 2772 11275
11275 488 2772
2772 488 11275
12487 10176 11011
10176 11011 12487
11011 10176 12487
12978 7338 13676
7338 12978 13676
13676 7338 12978
2922 9161 12664
9161 2922 12664
12664 2922 9161
4075 12272 13832
13832 4075 12272
12272 4075 13832
2061 11662 14014
11662 2061 14014
14014 2061 11662
6320 10402 12020
10402 6320 12020
12020 6320 10402
1750 7428 13947
7428 1750 13947
13947 1750 7428
2717 2282 4209
4209 2282 2717
2282 2717 4209
6677 3531 12043
12043 3531 6677
3531 6677 12043
1528 5678 13491
5678 1528 13491
13491 1528 5678
5527 7579 12344
7579 5527 12344
12344 5527 7579
5429 2557 4814
4814 2557 5429
2557 4814 5429
5909 2796 10876
10876 2796 5909
2796 5909 10876
5374 2808 7846
2808 5374 7846
7846 2808 5374
9076 3105 6129
6129 3105 9076
3105 6129 9076
6663 2039 2984
2984 2039 6663
2039 2984 6663
2664 9266 12051
9266 2664 12051
12051 2664 9266
11761 4646 6862
6862 4646 11761
4646 6862 11761
12483 6115 6507
6115 6507 12483
6507 6115 12483
13089 3179 7906
7906 3179 13089
3179 7906 13089
13669 1271 10345
1271 10345 13669
10345 1271 13669
1751 2582 12737
12737 1751 2582
2582 1751 12737
9053 6018 11724
11724 6018 9053
6018 9053 11724
1351 7952 14357
14357 1351 7952
7952 1351 14357
61 1212 2914
2914 61 1212
1212 61 2914
8342 9652 10246
9652 8342 10246
10246 8342 9652
6152 358 8992
8992 358 6152
358 6152 8992
4570 10117 10218
10117 4570 10218
10218 4570 10117
6938 392 2738
2738 392 6938
392 2738 6938
14466 2630 12866
2630 12866 14466
12866 2630 14466
7997 6648 13408
6648 7997 13408
13408 6648 7997
7040 8841 9727
9727 7040 8841
8841 7040 9727
9975 9496 12773
9496 9975 12773
12773 9496 9975
2341 3750 10094
3750 2341 10094
10094 2341 3750
4961 2144 13962
13962 2144 4961
2144 4961 13962
4957 1500 11801
1500 4957 11801
11801 1500 4957
12249 14034 14094
14094 12249 14034
14034 12249 14094
10414 1375 12728
1375 10414 12728
12728 1375 10414
6114 6307 7057
6307 6114 7057
7057 6114 6307
1497 206 1573
1573 206 1497
206 1497 1573
12404 3819 12124
12124 3819 12404
3819 12124 12404
14125 5336 11922
11922 5336 14125
5336 11922 14125
4638 6106 9589
9589 4638 6106
6106 4638 9589
3805 2523 13655
13655 2523 3805
2523 3805 13655
4590 1670 2211
1670 2211 4590
2211 1670 4590
14792 3695 6760
6760 3695 14792
3695 6760 14792
13252 2131 12079
12079 2131 13252
2131 12079 13252
1894 5491 7753
7753 1894 5491
5491 1894 7753
8536 4681 13142
4681 8536 13142
13142 4681 8536
9534 2438 9549
2438 9534 9549
9549 2438 9534
5856 2192 11346
11346 2192 5856
2192 5856 11346
2003 7660 7929
7929 2003 7660
7660 2003 7929
11164 5238 11261
5238 11164 11261
11261 5238 11164
14919 3995 14980
3995 14919 14980
14980 3995 14919
14839 866 14096
14096 866 14839
866 14096 14839
12964 2155 7211
2155 7211 12964
7211 2155 12964
13327 2125 5741
5741 2125 13327
2125 5741 13327
5756 5401 13033
13033 5401 5756
5401 5756 13033
13649 176 2754
2754 176 13649
176 2754 13649
4673 4262 13042
13042 4262 4673
4262 4673 13042
6618 6845 10447
10447 6618 6845
6845 6618 10447
10395 1374 11108
1374 10395 11108
11108 1374 10395
12383 7764 8989
8989 7764 12383
7764 8989 12383
4757 9629 11985
9629 4757 11985
11985 4757 9629
5692 10147 12130
12130 5692 10147
10147 5692 12130
6247 881 3858
3858 881 6247
881 3858 6247
4893 7138 10531
7138 4893 10531
10531 4893 7138
2322 1399 7925
1399 2322 7925
7925 1399 2322
5226 4020 6205
6205 4020 5226
4020 5226 6205
9559 1776 14519
1776 9559 14519
14519 1776 9559
1169 6824 10223
10223 1169 6824
6824 1169 10223
6058 5908 8341
8341 5908 6058
5908 6058 8341
2236 5896 11358
11358 2236 5896
5896 2236 11358
12371 471 11740
471 11740 12371
11740 471 12371
5688 2982 8081
8081 2982 5688
2982 5688 8081
9072 13528 14131
14131 9072 13528
13528 9072 14131
7772 2401 11785
2401 7772 11785
11785 2401 7772
6346 2162 3949
3949 2162 6346
2162 3949 6346
10897 4545 11487
4545 10897 11487
11487 4545 10897
2048 10542 12060
10542 2048 12060
12060 2048 10542
8904 970 5736
970 5736 8904
5736 970 8904
1248 3386 13011
13011 1248 3386
3386 1248 13011
13476 2640 10687
10687 2640 13476
2640 10687 13476
14641 10544 12122
10544 12122 14641
12122 10544 14641
10640 474 525
474 525 10640
525 474 10640
11299 3812 6290
3812 6290 11299
6290 3812 11299
8512 71 13745
71 8512 13745
13745 71 8512
6283 3275 12439
12439 3275 6283
3275 6283 12439
11188 8796 14176
14176 8796 11188
8796 11188 14176
8869 2771 10267
10267 2771 8869
2771 8869 10267
5212 1803 2082
1803 2082 5212
2082 1803 5212
14319 6430 9881
6430 9881 14319
9881 6430 14319
2351 4302 5538
5538 2351 4302
4302 2351 5538
6819 2440 12424
2440 6819 12424
12424 2440 6819
655 949 5362
949 655 5362
5362 655 949
13757 7022 10741
10741 7022 13757
7022 10741 13757
14169 9856 11399
9856 11399 14169
11399 9856 14169
8702 7003 10813
7003 8702 10813
10813 7003 8702
14074 4557 13864
13864 4557 14074
4557 13864 14074
6897 10654 11365
10654 6897 11365
11365 6897 10654
6226 3118 5282
5282 3118 6226
3118 5282 6226
14659 5891 14220
5891 14220 14659
14220 5891 14659
4578 13130 13758
13130 4578 13758
13758 4578 13130
12323 4040 5102
4040 5102 12323
5102 4040 12323
7266 6627 14360
6627 7266 14360
14360 6627 7266
14965 7250 12423
7250 12423 14965
12423 7250 14965
2104 2740 14489
2740 2104 14489
14489 2104 2740
837 11664 12794
11664 837 12794
12794 837 11664
2266 6705 10889
6705 2266 10889
10889 2266 6705
1027 4697 7472
4697 1027 7472
7472 1027 4697
8258 401 7577
401 7577 8258
7577 401 8258
8291 5357 13533
5357 8291 13533
13533 5357 8291
6024 13157 14185
13157 6024 14185
14185 6024 13157
13226 5509 8691
5509 8691 13226
8691 5509 13226
11684 1692 8928
8928 1692 11684
1692 8928 11684
10349 5156 9064
5156 9064 10349
9064 5156 10349
1229 13950 14845
14845 1229 13950
13950 1229 14845
8390 9908 14821
14821 8390 9908
9908 8390 14821
2987 4991 9140
9140 2987 4991
4991 2987 9140
7366 4596 12527
4596 7366 12527
12527 4596 7366
11336 6628 7992
6628 7992 11336
7992 6628 11336
7541 6907 11726
6907 7541 11726
11726 6907 7541
3254 5093 6707
5093 3254 6707
6707 3254 5093
235 6308 9574
9574 235 6308
6308 235 9574
12670 5002 6732
5002 6732 12670
6732 5002 12670
6088 11753 12036
11753 6088 12036
12036 6088 11753
1328 8283 12015
12015 1328 8283
8283 1328 12015
2310 1379 3782
3782 1379 2310
1379 2310 3782
10981 8233 14338
8233 10981 14338
14338 8233 10981
14822 1317 4002
4002 1317 14822
1317 4002 14822
6827 4773 13776
13776 4773 6827
4773 6827 13776
4561 7054 9421
9421 4561 7054
7054 4561 9421
2335 5394 9123
5394 2335 9123
9123 2335 5394
718 3185 12859
12859 718 3185
3185 718 12859
5068 6836 9808
9808 5068 6836
6836 5068 9808
12538 10272 12908
10272 12538 12908
12908 10272 12538
14590 3873 4411
4411 3873 14590
3873 4411 14590
8787 3512 9448
9448 3512 8787
3512 8787 9448
8366 1165 1282
1165 1282 8366
1282 1165 8366
1534 1225 11221
1225 1534 11221
11221 1225 1534
4647 2519 2682
2682 2519 4647
2519 2682 4647
6635 1957 3222
3222 1957 6635
1957 3222 6635
13225 1724 6502
6502 1724 13225
1724 6502 13225
12689 1696 11210
1696 11210 12689
11210 1696 12689
13375 3207 11663
3207 11663 13375
11663 3207 13375
11200 672 2334
2334 672 11200
672 2334 11200
11921 1266 6326
6326 1266 11921
1266 6326 11921
1669 12504 12833
12504 1669 12833
12833 1669 12504
8205 247 14758
14758 247 8205
247 8205 14758
10252 4658 9292
4658 9292 10252
9292 4658 10252
9105 12310 14475
12310 9105 14475
14475 9105 12310
6103 653 1342
653 1342 6103
1342 653 6103
8013 9164 12277
9164 8013 12277
12277 8013 9164
13314 11002 11507
11002 11507 13314
11507 11002 13314
3357 2611 14484
2611 3357 14484
14484 2611 3357
10029 1064 1694
1064 1694 10029
1694 1064 10029
7435 4767 10489
4767 7435 10489
10489 4767 7435
7999 651 8814
651 7999 8814
8814 651 7999
7358 10511 13632
10511 7358 13632
13632 7358 10511
7594 5470 8055
8055 5470 7594
5470 7594 8055
6606 2699 8925
8925 2699 6606
2699 6606 8925
582 1932 13398
13398 582 1932
1932 582 13398
12574 12046 13303
13303 12046 12574
12046 12574 13303
5587 4805 14375
4805 5587 14375
14375 4805 5587
5074 3906 4027
4027 3906 5074
3906 4027 5074
5704 6727 8276
6727 5704 8276
8276 5704 6727
6235 799 8875
799 6235 8875
8875 799 6235
14286 667 6983
6983 667 14286
667 6983 14286
12166 6211 11343
11343 6211 12166
6211 11343 12166
2553 333 11807
11807 333 2553
333 2553 11807
4593 3802 12909
3802 4593 12909
12909 3802 4593
4331 1021 13683
13683 1021 4331
1021 4331 13683
7911 4342 4382
4342 4382 7911
4382 4342 7911
498 1444 6393
1444 498 6393
6393 498 1444
159 6906 11700
6906 159 11700
11700 159 6906
13396 2961 6908
2961 6908 13396
6908 2961 13396
2905 1557 14521
1557 2905 14521
14521 1557 2905
11539 125 14833
14833 125 11539
125 11539 14833
4047 2765 13349
13349 2765 4047
2765 4047 13349
122 7349 11514
11514 122 7349
7349 122 11514
12675 13343 13917
13917 12675 13343
13343 12675 13917
4106 5600 12686
5600 4106 12686
12686 4106 5600
2337 7088 14321
14321 2337 7088
7088 2337 14321
7567 4744 9267
4744 7567 9267
9267 4744 7567
7859 10055 13505
10055 7859 13505
13505 7859 10055
5748 6164 8608
6164 5748 8608
8608 5748 6164
9650 10001 11920
11920 9650 10001
10001 9650 11920
14873 3093 4895
3093 4895 14873
4895 3093 14873
290 11506 12436
11506 290 12436
12436 290 11506
3542 3593 10898
3593 3542 10898
10898 3542 3593
7425 7776 9691
7776 7425 9691
9691 7425 7776
7609 5930 14177
5930 7609 14177
14177 5930 7609
10051 1982 7780
7780 1982 10051
1982 7780 10051
2091 719 5944
5944 719 2091
719 2091 5944
12713 2969 12931
12931 2969 12713
2969 12713 12931
9988 197 923
197 923 9988
923 197 9988
6755 13873 14637
13873 6755 14637
14637 6755 13873
10337 126 7655
7655 126 10337
126 7655 10337
315 3237 10014
10014 315 3237
3237 315 10014
5754 10365 10858
10858 5754 10365
10365 5754 10858
3981 2849 3419
3419 2849 3981
2849 3419 3981
10936 9 6413
6413 9 10936
9 6413 10936
11403 7823 12539
12539 7823 11403
7823 11403 12539
9790 7276 11353
11353 7276 9790
7276 9790 11353
12285 1307 10256
10256 1307 12285
1307 10256 12285
13867 3220 12040
3220 12040 13867
12040 3220 13867
14944 7941 10026
7941 10026 14944
10026 7941 14944
7277 9408 12493
9408 7277 12493
12493 7277 9408
872 2513 12558
12558 872 2513
2513 872 12558
12673 8886 11035
8886 11035 12673
11035 8886 12673
14008 4353 13035
13035 4353 14008
4353 13035 14008
2224 1945 12480
12480 1945 2224
1945 2224 12480
14086 1536 3382
1536 3382 14086
3382 1536 14086
6735 2671 9199
2671 6735 9199
9199 2671 6735
12184 2483 8670
8670 2483 12184
2483 8670 12184
10626 2940 11695
11695 2940 10626
2940 10626 11695
9488 8813 11755
11755 8813 9488
8813 9488 11755
86 8467 9896
8467 86 9896
9896 86 8467
910 1852 8499
8499 910 1852
1852 910 8499
1802 1572 12966
12966 1572 1802
1572 1802 12966
14050 4285 13246
13246 4285 14050
4285 13246 14050
3162 522 974
974 522 3162
522 974 3162
10703 6332 13546
13546 6332 10703
6332 10703 13546
4818 12385 14760
12385 4818 14760
14760 4818 12385
10390 3106 14896
3106 10390 14896
14896 3106 10390
10861 2398 6402
2398 6402 10861
6402 2398 10861
6219 695 11931
695 6219 11931
11931 695 6219
5418 12598 14443
14443 5418 12598
12598 5418 14443
9614 5354 8089
5354 8089 9614
8089 5354 9614
2866 329 3563
329 2866 3563
3563 329 2866
519 5511 8802
8802 519 5511
5511 519 8802
2827 3737 14577
3737 2827 14577
14577 2827 3737
8052 13139 14508
14508 8052 13139
13139 8052 14508
788 657 8858
657 788 8858
8858 657 788
2830 6084 11465
6084 2830 11465
11465 2830 6084
8224 8972 14208
8972 8224 14208
14208 8224 8972
10907 6832 7625
7625 6832 10907
6832 7625 10907
9695 8255 13713
8255 9695 13713
13713 8255 9695
6600 6545 9586
6545 6600 9586
9586 6545 6600
9439 4637 6475
4637 6475 9439
6475 4637 9439
9980 3448 10683
10683 3448 9980
3448 9980 10683
14058 13646 14328
13646 14058 14328
14328 13646 14058
10162 2548 2931
2548 2931 10162
2931 2548 10162
4693 5623 5865
5623 4693 5865
5865 4693 5623
151 9625 14192
14192 151 9625
9625 151 14192
11234 7589 14913
14913 7589 11234
7589 11234 14913
1118 1946 7935
1946 1118 7935
7935 1118 1946
9152 7043 12123
7043 9152 12123
12123 7043 9152
11320 6639 8252
6639 8252 11320
8252 6639 11320
9659 3810 6924
3810 6924 9659
6924 3810 9659
9223 3309 5245
5245 3309 9223
3309 5245 9223
7791 875 14155
14155 875 7791
875 7791 14155
1808 259 1845
259 1808 1845
1845 259 1808
1864 643 14738
14738 643 1864
643 1864 14738
7013 7543 11023
7543 7013 11023
11023 7013 7543
14660 1951 2900
1951 2900 14660
2900 1951 14660
8103 2942 3893
3893 2942 8103
2942 3893 8103
14823 3964 10412
10412 3964 14823
3964 10412 14823
14786 250 9042
9042 250 14786
250 9042 14786
1193 10 11273
10 1193 11273
11273 10 1193
9579 2811 4894
4894 2811 9579
2811 4894 9579
13726 7643 8264
8264 7643 13726
7643 8264 13726
8949 5881 12897
5881 8949 12897
12897 5881 8949
3269 5964 8993
5964 3269 8993
8993 3269 5964
1371 6521 10580
6521 1371 10580
10580 1371 6521
4077 882 6052
6052 882 4077
882 4077 6052
14012 4194 7024
4194 7024 14012
7024 4194 14012
5460 3488 4161
3488 4161 5460
4161 3488 5460
6890 4219 11357
4219 6890 11357
11357 4219 6890
7597 2864 5547
5547 2864 7597
2864 5547 7597
2404 2602 5307
5307 2404 2602
2602 2404 5307
13693 8215 9922
9922 8215 13693
8215 9922 13693
272 5346 5800
5800 272 5346
5346 272 5800
7729 3628 12039
3628 7729 12039
12039 3628 7729
1065 3594 9869
9869 1065 3594
3594 1065 9869
3184 10656 12815
10656 3184 12815
12815 3184 10656
5836 7974 12106
12106 5836 7974
7974 5836 12106
2840 9441 12434
12434 2840 9441
9441 2840 12434
1303 10916 14314
10916 1303 14314
14314 1303 10916
311 5486 14217
14217 311 5486
5486 311 14217
2981 4208 13814
4208 2981 13814
13814 2981 4208
11345 5725 7379
7379 5725 11345
5725 7379 11345
2952 7410 8780
7410 2952 8780
8780 2952 7410
1812 2605 12531
2605 1812 12531
12531 1812 2605
11565 4091 5990
4091 5990 11565
5990 4091 11565
5422 3323 4133
4133 3323 5422
3323 4133 5422
8616 8397 14908
14908 8397 8616
8397 8616 14908
11354 1270 13068
13068 1270 11354
1270 11354 13068
7026 10997 11381
11381 7026 10997
10997 7026 11381
307 2024 8748
2024 307 8748
8748 307 2024
10786 9626 12003
9626 10786 12003
12003 9626 10786
6446 5609 14917
5609 6446 14917
14917 5609 6446
14130 5813 12199
12199 5813 14130
5813 12199 14130
7989 609 971
971 609 7989
609 971 7989
326 8567 9792
9792 326 8567
8567 326 9792
4796 991 7262
991 4796 7262
7262 991 4796
8187 8270 8475
8270 8187 8475
8475 8187 8270
14730 4483 10765
4483 10765 14730
10765 4483 14730
81 10664 12505
12505 81 10664
10664 81 12505
6950 1215 3891
3891 1215 6950
1215 3891 6950
1642 3097 3186
3186 1642 3097
3097 1642 3186
11459 9158 13290
13290 9158 11459
9158 11459 13290
4186 10425 14216
10425 4186 14216
14216 4186 10425
2911 7746 14720
7746 2911 14720
14720 2911 7746
3771 6619 8933
8933 3771 6619
6619 3771 8933
4130 383 3182
383 3182 4130
3182 383 4130
14292 12891 13160
13160 12891 14292
12891 13160 14292
9192 8757 12557
12557 8757 9192
8757 9192 12557
3471 7936 12276
12276 3471 7936
7936 3471 12276
857 447 5472
447 857 5472
5472 447 857
12031 8983 12719
12719 8983 12031
8983 12031 12719
4418 1148 1822
1822 1148 4418
1148 1822 4418
261 4126 10713
4126 261 10713
10713 261 4126
2243 5876 8016
5876 2243 8016
8016 2243 5876
12007 708 4563
4563 708 12007
708 4563 12007
968 3917 14110
3917 968 14110
14110 968 3917
12459 2107 7934
2107 7934 12459
