996 620 653
620 653 996
653 620 996
908 605 680
680 605 908
605 680 908
982 251 278
278 251 982
251 278 982
300 186 834
186 300 834
834 186 300
1236 1041 1113
1041 1113 1236
1113 1041 1236
585 155 301
155 301 585
301 155 585
1071 474 819
474 819 1071
819 474 1071
1155 253 426
253 426 1155
426 253 1155
357 303 1000
1000 303 357
303 357 1000
1177 245 1495
1495 245 1177
245 1177 1495
1031 477 1450
1450 477 1031
477 1031 1450
947 39 685
685 39 947
39 685 947
1034 637 1303
637 1034 1303
1303 637 1034
1027 96 1343
96 1027 1343
1343 96 1027
1477 259 1107
1107 259 1477
259 1107 1477
839 730 1193
1193 730 839
730 839 1193
209 630 1032
1032 209 630
630 209 1032
683 140 915
140 683 915
915 140 683
1474 479 1174
1174 479 1474
479 1174 1474
1070 741 944
741 944 1070
944 741 1070
884 1 771
1 771 884
771 1 884
863 975 1276
1276 863 975
975 863 1276
984 37 1414
1414 37 984
37 984 1414
1076 530 1493
530 1076 1493
1493 530 1076
1441 90 1485
90 1441 1485
1485 90 1441
976 21 116
116 21 976
21 116 976
394 704 1452
1452 394 704
704 394 1452
608 770 1098
1098 608 770
770 608 1098
353 670 791
670 353 791
791 353 670
404 918 1198
1198 404 918
918 404 1198
572 180 617
180 572 617
617 180 572
539 279 971
279 539 971
971 279 539
312 254 756
756 254 312
254 312 756
727 272 1320
1320 272 727
272 727 1320
1309 438 916
916 438 1309
438 916 1309
557 7 875
875 7 557
7 557 875
1500 421 455
455 421 1500
421 455 1500
467 363 720
720 363 467
363 467 720
1030 252 717
717 252 1030
252 717 1030
427 40 775
775 40 427
40 427 775
1404 803 963
803 963 1404
963 803 1404
17 649 1357
649 17 1357
1357 17 649
411 256 484
484 256 411
256 411 484
647 573 1456
1456 573 647
573 647 1456
845 151 687
151 687 845
687 151 845
660 662 1135
1135 660 662
662 660 1135
106 391 749
749 106 391
391 106 749
504 54 838
54 504 838
838 54 504
1190 488 1358
1358 488 1190
488 1190 1358
1082 532 850
532 850 1082
850 532 1082
1460 26 1293
26 1293 1460
1293 26 1460
395 167 781
167 395 781
781 167 395
1360 627 843
843 627 1360
627 843 1360
935 62 457
457 62 935
62 457 935
344 3 848
3 344 848
848 3 344
541 543 1051
1051 541 543
543 541 1051
478 1359 1417
1359 478 1417
1417 478 1359
305 410 1312
1312 305 410
410 305 1312
218 307 1352
307 218 1352
1352 218 307
1431 296 810
810 296 1431
296 810 1431
948 684 1043
1043 684 948
684 948 1043
710 4 934
934 4 710
4 710 934
842 211 1287
211 842 1287
1287 211 842
1058 16 674
16 674 1058
674 16 1058
911 676 1052
1052 676 911
676 911 1052
1281 520 913
913 520 1281
520 913 1281
448 495 1251
1251 448 495
495 448 1251
968 310 362
362 310 968
310 362 968
1175 804 1413
1413 804 1175
804 1175 1413
24 462 1048
1048 24 462
462 24 1048
257 522 719
719 257 522
522 257 719
1394 967 1208
1208 967 1394
967 1208 1394
247 1257 1486
1486 247 1257
1257 247 1486
664 914 1415
1415 664 914
914 664 1415
1237 822 1328
1328 822 1237
822 1237 1328
1489 1016 1148
1148 1016 1489
1016 1148 1489
592 1010 1382
1382 592 1010
1010 592 1382
505 120 724
120 505 724
724 120 505
874 269 365
269 365 874
365 269 874
902 1067 1137
1067 902 1137
1137 902 1067
292 763 1223
763 292 1223
1223 292 763
1448 742 1024
1024 742 1448
742 1024 1448
70 262 1310
1310 70 262
262 70 1310
129 43 960
960 43 129
43 129 960
966 972 1427
1427 966 972
972 966 1427
931 618 1256
1256 618 931
618 931 1256
728 628 1018
628 728 1018
1018 628 728
1226 110 345
110 345 1226
345 110 1226
762 289 374
374 289 762
289 374 762
1372 1097 1108
1108 1097 1372
1097 1108 1372
604 95 132
132 95 604
95 132 604
53 139 489
489 53 139
139 53 489
1173 192 825
825 192 1173
192 825 1173
1075 338 1327
1327 338 1075
338 1075 1327
103 176 459
176 103 459
459 103 176
101 591 1014
591 101 1014
1014 101 591
42 811 837
837 42 811
811 42 837
1457 370 1443
370 1443 1457
1443 370 1457
1163 1143 1292
1292 1143 1163
1143 1163 1292
679 57 865
57 679 865
865 57 679
714 433 1116
433 714 1116
1116 433 714
817 236 469
236 469 817
469 236 817
315 74 288
288 74 315
74 288 315
540 104 1472
1472 104 540
104 540 1472
603 50 244
50 244 603
244 50 603
1115 748 1347
748 1115 1347
1347 748 1115
273 542 1383
542 273 1383
1383 273 542
136 1387 1411
1411 136 1387
1387 136 1411
695 796 1277
1277 695 796
796 695 1277
1011 491 563
491 563 1011
563 491 1011
1298 12 831
12 831 1298
831 12 1298
408 111 1339
111 408 1339
1339 111 408
263 574 654
574 263 654
654 263 574
1212 431 1479
431 1212 1479
1479 431 1212
1375 294 1112
294 1112 1375
1112 294 1375
1353 118 1029
118 1029 1353
1029 118 1353
1147 821 1488
1488 821 1147
821 1147 1488
295 196 545
196 295 545
545 196 295
1266 145 890
145 890 1266
890 145 1266
661 392 407
407 392 661
392 407 661
590 443 1364
443 590 1364
1364 443 590
652 388 927
388 652 927
927 388 652
584 193 949
949 193 584
193 584 949
716 1200 1416
1200 716 1416
1416 716 1200
444 767 785
767 444 785
785 444 767
382 56 926
926 56 382
56 382 926
1183 1165 1430
1165 1183 1430
1430 1165 1183
1397 725 1119
1119 725 1397
725 1119 1397
587 1356 1473
1356 587 1473
1473 587 1356
655 1013 1304
1013 655 1304
1304 655 1013
34 317 612
317 34 612
612 34 317
264 334 669
334 264 669
669 264 334
826 229 1295
229 826 1295
1295 229 826
41 102 1323
102 41 1323
1323 41 102
773 153 1171
1171 153 773
153 773 1171
212 152 737
152 212 737
737 152 212
602 1060 1351
1351 602 1060
1060 602 1351
503 554 1275
554 503 1275
1275 503 554
19 386 1090
1090 19 386
386 19 1090
1191 441 995
441 995 1191
995 441 1191
453 694 1221
1221 453 694
694 453 1221
561 1446 1468
1468 561 1446
1446 561 1468
203 640 677
677 203 640
640 203 677
626 548 1201
1201 548 626
548 626 1201
1033 847 1313
1313 847 1033
847 1033 1313
1127 735 801
735 801 1127
801 735 1127
823 172 1065
1065 172 823
172 823 1065
137 319 882
319 137 882
882 137 319
458 367 1369
367 458 1369
1369 367 458
1469 1189 1423
1189 1423 1469
1423 1189 1469
840 440 1056
440 840 1056
1056 440 840
827 1059 1368
1368 827 1059
1059 827 1368
702 1161 1376
1161 702 1376
1376 702 1161
979 221 1291
221 979 1291
1291 221 979
1401 565 764
764 565 1401
565 764 1401
809 205 886
886 205 809
205 809 886
575 1057 1121
1057 575 1121
1121 575 1057
759 1378 1422
1378 759 1422
1422 759 1378
1346 1386 1391
1391 1346 1386
1386 1346 1391
930 500 1194
500 930 1194
1194 500 930
1498 228 705
705 228 1498
228 705 1498
1334 234 671
671 234 1334
234 671 1334
1261 286 1245
1245 286 1261
286 1245 1261
691 892 1122
892 691 1122
1122 691 892
1207 260 778
260 778 1207
778 260 1207
232 851 1442
851 232 1442
1442 232 851
870 607 1118
607 870 1118
1118 607 870
1476 1182 1436
1436 1182 1476
1182 1436 1476
1240 27 858
858 27 1240
27 858 1240
30 1160 1306
1306 30 1160
1160 30 1306
1197 672 1053
672 1053 1197
1053 672 1197
1214 380 933
933 380 1214
380 933 1214
580 552 786
786 552 580
552 580 786
708 675 906
906 675 708
675 708 906
1209 322 413
322 413 1209
413 322 1209
381 518 1064
1064 381 518
518 381 1064
471 231 1447
231 471 1447
1447 231 471
1395 271 512
512 271 1395
271 512 1395
398 297 897
897 297 398
297 398 897
383 780 861
780 383 861
861 383 780
732 566 857
857 566 732
566 732 857
993 583 1314
1314 583 993
583 993 1314
1246 182 189
189 182 1246
182 189 1246
184 922 955
922 184 955
955 184 922
560 490 641
641 490 560
490 560 641
83 323 1340
323 83 1340
1340 83 323
597 246 333
333 246 597
246 333 597
849 224 876
876 224 849
224 849 876
64 94 1134
94 64 1134
1134 64 94
1260 805 1130
1130 805 1260
805 1130 1260
470 956 1089
1089 470 956
956 470 1089
862 32 1088
1088 32 862
32 862 1088
1396 281 1494
281 1396 1494
1494 281 1396
658 250 974
974 250 658
250 658 974
77 60 1220
1220 60 77
60 77 1220
115 1362 1499
1499 115 1362
1362 115 1499
873 38 985
985 38 873
38 873 985
969 896 1035
896 969 1035
1035 896 969
93 750 1202
750 93 1202
1202 93 750
943 570 586
586 570 943
570 586 943
1228 309 1332
1332 309 1228
309 1228 1332
1159 923 991
991 923 1159
923 991 1159
239 738 1021
1021 239 738
738 239 1021
133 199 1040
1040 133 199
199 133 1040
328 506 524
524 328 506
506 328 524
249 124 496
496 124 249
124 249 496
169 994 1418
994 169 1418
1418 169 994
1038 1232 1324
1324 1038 1232
1232 1038 1324
802 385 787
787 385 802
385 787 802
634 123 696
123 634 696
696 123 634
779 1008 1188
1188 779 1008
1008 779 1188
293 878 992
878 293 992
992 293 878
638 538 977
538 638 977
977 538 638
521 131 1463
131 521 1463
1463 131 521
999 113 168
113 168 999
168 113 999
701 89 417
417 89 701
89 417 701
215 342 594
594 215 342
342 215 594
793 143 1036
1036 143 793
143 793 1036
1219 81 1268
1268 81 1219
81 1219 1268
953 1005 1389
1005 953 1389
1389 953 1005
207 635 1366
1366 207 635
635 207 1366
47 2 795
795 2 47
2 47 795
1129 693 920
693 920 1129
920 693 1129
428 409 1069
1069 409 428
409 428 1069
712 164 577
164 577 712
577 164 712
1152 266 919
266 919 1152
919 266 1152
69 598 1285
1285 69 598
598 69 1285
306 61 657
61 306 657
657 61 306
1354 596 1283
596 1283 1354
1283 596 1354
346 794 1302
794 346 1302
1302 346 794
456 450 619
450 456 619
619 450 456
941 225 866
225 866 941
866 225 941
290 751 1348
1348 290 751
751 290 1348
1482 222 276
276 222 1482
222 276 1482
965 877 1333
877 965 1333
1333 877 965
820 340 435
340 435 820
435 340 820
564 1141 1294
1294 564 1141
1141 564 1294
1077 464 881
881 464 1077
464 881 1077
227 144 755
144 227 755
755 144 227
492 829 1440
1440 492 829
829 492 1440
1128 127 937
127 937 1128
937 127 1128
210 171 175
175 171 210
171 175 210
1239 699 1046
699 1046 1239
1046 699 1239
142 703 747
703 142 747
747 142 703
439 1020 1054
1020 439 1054
1054 439 1020
255 445 513
513 255 445
445 255 513
889 466 547
547 466 889
466 547 889
364 233 700
233 364 700
700 233 364
940 316 337
316 337 940
337 316 940
567 1203 1315
1203 567 1315
1315 567 1203
84 544 1114
1114 84 544
544 84 1114
1487 423 1265
1265 423 1487
423 1265 1487
465 621 1342
1342 465 621
621 465 1342
946 178 1361
178 946 1361
1361 178 946
1299 1133 1206
1206 1133 1299
1133 1206 1299
302 10 1068
10 302 1068
1068 10 302
349 45 480
45 349 480
480 45 349
1142 514 519
514 519 1142
519 514 1142
783 1393 1491
1393 783 1491
1491 783 1393
1025 1420 1464
1420 1025 1464
1464 1025 1420
121 49 214
214 49 121
49 121 214
1408 625 1412
625 1408 1412
1412 625 1408
1181 1091 1272
1091 1181 1272
1272 1091 1181
159 220 1158
220 159 1158
1158 159 220
912 1092 1289
1289 912 1092
1092 912 1289
44 401 1429
1429 44 401
401 44 1429
326 721 836
721 326 836
836 326 721
1444 639 1061
1061 639 1444
639 1061 1444
135 601 1187
601 135 1187
1187 135 601
1213 194 318
318 194 1213
194 318 1213
1279 832 1247
832 1247 1279
1247 832 1279
859 476 510
476 510 859
510 476 859
185 341 788
788 185 341
341 185 788
197 990 1296
1296 197 990
990 197 1296
1470 150 648
150 648 1470
648 150 1470
75 957 1049
1049 75 957
957 75 1049
1055 73 1398
1398 73 1055
73 1055 1398
1100 499 718
718 499 1100
499 718 1100
1471 1244 1467
1467 1244 1471
1244 1467 1471
1179 387 777
387 777 1179
777 387 1179
125 498 1243
498 125 1243
1243 125 498
1047 1274 1481
1481 1047 1274
1274 1047 1481
958 46 752
46 752 958
752 46 958
86 698 1252
1252 86 698
698 86 1252
1150 8 1458
1458 8 1150
8 1150 1458
905 72 277
72 277 905
277 72 905
48 1079 1280
1079 48 1280
1280 48 1079
1392 267 812
267 812 1392
812 267 1392
642 200 432
432 200 642
200 432 642
1164 389 1007
389 1007 1164
1007 389 1164
713 523 555
555 523 713
523 555 713
1345 1136 1269
1136 1269 1345
1269 1136 1345
830 202 1140
202 830 1140
1140 202 830
87 1316 1374
1374 87 1316
1316 87 1374
71 615 645
615 71 645
645 71 615
58 980 1399
1399 58 980
980 58 1399
760 235 324
324 235 760
235 324 760
461 163 1095
1095 163 461
163 461 1095
1253 371 1336
371 1253 1336
1336 371 1253
973 161 494
161 494 973
494 161 973
508 351 1371
1371 351 508
351 508 1371
282 1492 1497
1497 282 1492
1492 282 1497
174 1400 1425
1400 174 1425
1425 174 1400
420 632 692
632 420 692
692 420 632
1205 375 726
726 375 1205
375 726 1205
436 147 179
179 147 436
147 179 436
130 978 1078
1078 130 978
978 130 1078
1210 390 910
390 910 1210
910 390 1210
112 339 758
339 112 758
758 112 339
952 284 1459
1459 284 952
284 952 1459
1186 11 29
11 29 1186
29 11 1186
138 1004 1301
1004 138 1301
1301 138 1004
419 360 1248
1248 360 419
360 419 1248
1297 206 665
665 206 1297
206 665 1297
158 170 1254
170 158 1254
1254 158 170
589 595 656
595 589 656
656 589 595
63 559 1466
1466 63 559
559 63 1466
485 406 1454
1454 406 485
406 485 1454
689 190 191
191 190 689
190 191 689
1385 369 688
369 688 1385
688 369 1385
1288 105 1290
105 1288 1290
1290 105 1288
1166 551 663
663 551 1166
551 663 1166
1006 481 1255
481 1006 1255
1255 481 1006
1439 350 463
350 463 1439
463 350 1439
217 667 852
852 217 667
667 217 852
1308 358 1044
1044 358 1308
358 1044 1308
643 331 981
331 643 981
981 331 643
483 855 1131
855 483 1131
1131 483 855
1169 1349 1388
1388 1169 1349
1349 1169 1388
1084 1196 1434
1196 1084 1434
1434 1084 1196
275 15 414
414 15 275
15 275 414
1307 659 706
706 659 1307
659 706 1307
898 986 1344
1344 898 986
986 898 1344
1149 846 1329
1329 846 1149
846 1149 1329
384 867 1192
867 384 1192
1192 384 867
1001 114 650
650 114 1001
114 650 1001
1365 1017 1264
1017 1264 1365
1264 1017 1365
853 568 932
568 853 932
932 568 853
673 265 1326
265 673 1326
1326 265 673
1286 373 1110
373 1110 1286
1110 373 1286
1426 792 1270
1270 792 1426
792 1270 1426
1227 446 1242
446 1227 1242
1242 446 1227
13 154 405
405 13 154
154 13 405
223 213 1151
1151 213 223
213 223 1151
1085 402 1180
402 1085 1180
1180 402 1085
128 285 1124
1124 128 285
285 128 1124
936 938 1074
1074 936 938
938 936 1074
824 422 765
422 765 824
765 422 824
243 108 611
611 108 243
108 243 611
109 378 883
378 109 883
883 109 378
248 51 1496
51 248 1496
1496 51 248
449 122 1438
1438 122 449
122 449 1438
320 454 1267
454 320 1267
1267 320 454
939 85 493
85 493 939
493 85 939
581 733 734
733 581 734
734 581 733
1145 942 1325
942 1145 1325
1325 942 1145
1072 283 909
283 909 1072
909 283 1072
1168 1233 1428
1428 1168 1233
1233 1168 1428
970 183 1373
1373 183 970
183 970 1373
1318 59 1086
1086 59 1318
59 1086 1318
1217 195 1435
195 1217 1435
1435 195 1217
808 156 815
156 808 815
815 156 808
412 336 1062
1062 336 412
336 412 1062
813 806 1319
1319 806 813
806 813 1319
797 816 1019
1019 797 816
816 797 1019
1109 287 1278
287 1109 1278
1278 287 1109
352 25 888
25 352 888
888 25 352
177 1249 1432
1249 177 1432
1432 177 1249
1451 424 501
424 501 1451
501 424 1451
1073 31 1231
31 1073 1231
1231 31 1073
1211 313 1132
1132 313 1211
313 1132 1211
5 534 988
988 5 534
534 5 988
502 468 790
468 502 790
790 468 502
1478 376 1250
376 1250 1478
1250 376 1478
80 107 1216
107 80 1216
1216 80 107
321 355 1462
355 321 1462
1462 321 355
1341 291 511
511 291 1341
291 511 1341
274 230 1238
1238 230 274
230 274 1238
945 486 891
486 891 945
891 486 945
119 149 789
149 119 789
789 119 149
1377 553 921
921 553 1377
553 921 1377
753 697 1170
1170 697 753
697 753 1170
1009 784 1230
784 1009 1230
1230 784 1009
430 578 1370
578 430 1370
1370 430 578
399 280 651
280 399 651
651 280 399
166 261 1101
261 166 1101
1101 166 261
258 325 707
707 258 325
325 258 707
1039 28 36
28 36 1039
36 28 1039
885 1093 1379
1379 885 1093
1093 885 1379
516 219 379
379 219 516
219 379 516
1083 377 893
377 893 1083
893 377 1083
1022 173 894
894 173 1022
173 894 1022
1094 79 1167
79 1094 1167
1167 79 1094
1355 666 1390
666 1355 1390
1390 666 1355
1300 623 895
895 623 1300
623 895 1300
576 343 1407
343 576 1407
1407 343 576
989 517 1402
517 989 1402
1402 517 989
1138 636 887
636 887 1138
887 636 1138
924 208 1103
1103 208 924
208 924 1103
308 330 644
330 308 644
644 308 330
160 610 1449
610 160 1449
1449 160 610
22 678 854
854 22 678
678 22 854
901 529 537
529 537 901
537 529 901
869 613 740
740 613 869
613 740 869
92 403 917
403 92 917
917 92 403
722 451 682
682 451 722
451 682 722
1154 475 606
606 475 1154
475 606 1154
416 525 1222
525 416 1222
1222 416 525
1080 117 1483
117 1080 1483
1483 117 1080
442 1120 1162
1162 442 1120
1120 442 1162
715 98 1367
98 715 1367
1367 98 715
348 776 961
961 348 776
776 348 961
418 950 1126
1126 418 950
950 418 1126
397 507 1104
507 397 1104
1104 397 507
396 1172 1424
1172 396 1424
1424 396 1172
860 925 1331
1331 860 925
925 860 1331
1037 769 1106
1106 769 1037
769 1037 1106
1195 533 562
562 533 1195
533 562 1195
1144 497 856
856 497 1144
497 856 1144
736 241 447
447 241 736
241 447 736
157 1023 1139
1139 157 1023
1023 157 1139
1042 681 1384
681 1042 1384
1384 681 1042
270 425 1099
425 270 1099
1099 270 425
100 188 1322
1322 100 188
188 100 1322
1081 359 962
962 359 1081
359 962 1081
558 434 1363
434 558 1363
1363 434 558
579 162 1102
162 579 1102
1102 162 579
240 368 1480
368 240 1480
1480 240 368
1215 198 1421
198 1215 1421
1421 198 1215
954 99 582
582 99 954
99 582 954
686 146 528
146 528 686
528 146 686
304 400 526
400 304 526
526 304 400
841 332 799
332 799 841
799 332 841
1490 588 1461
1461 588 1490
588 1461 1490
709 361 1204
1204 361 709
361 709 1204
646 629 768
629 646 768
768 629 646
1045 181 868
181 868 1045
868 181 1045
1455 864 929
929 864 1455
864 929 1455
1311 904 1445
1445 904 1311
904 1311 1445
814 1066 1199
1066 814 1199
1199 814 1066
6 372 616
372 6 616
616 6 372
731 97 1026
1026 97 731
97 731 1026
126 1015 1241
1015 126 1241
1241 126 1015
1282 452 550
550 452 1282
452 550 1282
165 754 1484
1484 165 754
754 165 1484
1063 216 1229
1229 216 1063
216 1063 1229
549 1002 1475
1002 549 1475
1475 549 1002
593 900 1050
900 593 1050
1050 593 900
327 609 835
835 327 609
609 327 835
65 527 1218
1218 65 527
527 65 1218
729 622 800
622 729 800
800 622 729
569 393 1028
1028 393 569
393 569 1028
66 68 472
472 66 68
68 66 472
757 818 879
879 757 818
818 757 879
907 141 983
141 907 983
983 141 907
134 515 1263
1263 134 515
515 134 1263
88 429 928
429 88 928
928 88 429
91 366 987
366 91 987
987 91 366
1259 226 964
226 964 1259
964 226 1259
599 509 798
798 509 599
509 599 798
531 772 1224
772 531 1224
1224 531 772
1465 187 624
187 624 1465
624 187 1465
347 743 1406
1406 347 743
743 347 1406
1153 354 460
354 460 1153
460 354 1153
18 903 1111
1111 18 903
903 18 1111
871 148 1305
148 871 1305
1305 148 871
1096 571 1184
571 1096 1184
1184 571 1096
482 828 1321
1321 482 828
828 482 1321
997 237 1176
1176 237 997
237 997 1176
1437 600 668
600 668 1437
668 600 1437
1234 76 833
833 76 1234
76 833 1234
1178 1105 1125
1125 1105 1178
1105 1125 1178
1117 299 1337
1337 299 1117
299 1117 1337
238 1273 1409
1273 238 1409
1409 238 1273
55 298 556
556 55 298
298 55 556
690 20 546
20 546 690
546 20 690
1087 356 744
744 356 1087
356 744 1087
1271 329 1380
329 1271 1380
1380 329 1271
1338 633 711
711 633 1338
633 711 1338
242 9 739
739 9 242
9 242 739
766 1012 1330
1330 766 1012
1012 766 1330
1381 35 1225
1225 35 1381
35 1225 1381
880 959 1284
959 880 1284
1284 880 959
1146 201 723
201 723 1146
723 201 1146
473 23 1258
23 473 1258
1258 23 473
311 314 745
745 311 314
314 311 745
746 998 1003
1003 746 998
998 746 1003
872 844 1157
1157 844 872
844 872 1157
1185 67 1403
67 1185 1403
1403 67 1185
487 14 774
774 14 487
14 487 774
1433 78 437
437 78 1433
78 437 1433
415 631 1335
631 415 1335
1335 415 631
82 614 761
761 82 614
614 82 761
1123 33 1419
33 1123 1419
1419 33 1123
335 1156 1453
1453 335 1156
1156 335 1453
951 204 268
268 204 951
204 268 951
807 536 1350
536 807 1350
1350 536 807
1405 782 1410
1410 782 1405
782 1405 1410
535 899 1235
1235 535 899
899 535 1235
1317 52 1262
1262 52 1317
52 1262 1317
