244 306 1067
306 244 1067
1067 244 306
1334 68 982
68 982 1334
982 68 1334
724 631 1435
631 724 1435
1435 631 724
1362 326 1131
326 1131 1362
1131 326 1362
793 21 1109
1109 21 793
21 793 1109
24 850 1477
850 24 1477
1477 24 850
749 588 1129
1129 588 749
588 749 1129
707 75 1141
75 707 1141
1141 75 707
789 880 1380
880 789 1380
1380 789 880
77 223 436
436 77 223
223 77 436
864 480 1330
480 864 1330
1330 480 864
917 389 618
618 389 917
389 618 917
502 34 843
843 34 502
34 502 843
173 1105 1292
1292 173 1105
1105 173 1292
650 175 729
729 175 650
175 650 729
417 174 1272
174 417 1272
1272 174 417
157 170 853
170 157 853
853 157 170
569 561 1169
1169 561 569
561 569 1169
673 973 1290
1290 673 973
973 673 1290
472 352 1363
352 472 1363
1363 352 472
1291 1221 1240
1221 1240 1291
1240 1221 1291
233 108 903
903 108 233
108 233 903
579 676 964
676 579 964
964 579 676
32 266 814
266 32 814
814 32 266
1384 510 1301
510 1301 1384
1301 510 1384
1205 891 1203
1203 891 1205
891 1203 1205
467 364 1283
1283 364 467
364 467 1283
906 552 1015
1015 552 906
552 906 1015
1018 112 1024
112 1018 1024
1024 112 1018
1032 466 703
703 466 1032
466 703 1032
535 928 1166
1166 535 928
928 535 1166
716 72 380
72 380 716
380 72 716
521 73 745
745 73 521
73 521 745
356 700 756
700 356 756
756 356 700
299 873 1103
1103 299 873
873 299 1103
1371 412 1101
1101 412 1371
412 1101 1371
415 272 1099
1099 272 415
272 415 1099
1295 1242 1403
1403 1242 1295
1242 1295 1403
1358 109 1170
109 1170 1358
1170 109 1358
315 1347 1462
1347 315 1462
1462 315 1347
407 101 308
101 308 407
308 101 407
268 370 1138
370 268 1138
1138 268 370
836 111 1128
1128 111 836
111 836 1128
1225 96 199
199 96 1225
96 199 1225
541 870 1372
870 541 1372
1372 541 870
128 797 956
797 128 956
956 128 797
883 590 1102
1102 590 883
590 883 1102
1500 178 1246
178 1246 1500
1246 178 1500
8 704 1426
704 8 1426
1426 8 704
435 191 378
378 191 435
191 378 435
483 177 1066
177 483 1066
1066 177 483
679 1165 1177
1177 679 1165
1165 679 1177
796 1249 1413
1249 796 1413
1413 796 1249
857 60 1382
60 857 1382
1382 60 857
152 614 712
712 152 614
614 152 712
264 819 1308
1308 264 819
819 264 1308
595 867 1454
867 595 1454
1454 595 867
1211 1257 1439
1257 1211 1439
1439 1211 1257
743 660 1467
660 743 1467
1467 660 743
52 514 847
847 52 514
514 52 847
497 38 539
539 38 497
38 497 539
937 91 1311
1311 91 937
91 937 1311
16 563 687
687 16 563
563 16 687
1419 986 1325
986 1325 1419
1325 986 1419
624 1041 1320
1041 624 1320
1320 624 1041
538 647 1151
1151 538 647
647 538 1151
160 540 1489
1489 160 540
540 160 1489
553 731 1012
1012 553 731
731 553 1012
359 413 621
413 359 621
621 359 413
473 764 1410
1410 473 764
764 473 1410
1400 7 999
7 999 1400
999 7 1400
827 42 1251
1251 42 827
42 827 1251
89 67 837
67 89 837
837 67 89
426 392 503
503 392 426
392 426 503
813 487 1361
487 813 1361
1361 487 813
1323 194 977
977 194 1323
194 977 1323
1298 696 809
809 696 1298
696 809 1298
1499 78 663
78 663 1499
663 78 1499
990 253 1091
1091 253 990
253 990 1091
1123 203 278
278 203 1123
203 278 1123
1172 164 938
164 938 1172
938 164 1172
460 420 626
420 460 626
626 420 460
958 439 625
439 625 958
625 439 958
692 300 608
608 300 692
300 608 692
936 1022 1286
1286 936 1022
1022 936 1286
292 254 772
254 292 772
772 254 292
351 361 500
500 351 361
361 351 500
1485 713 1130
713 1130 1485
1130 713 1485
201 138 265
265 138 201
138 201 265
207 126 791
126 207 791
791 126 207
748 1335 1437
1437 748 1335
1335 748 1437
881 677 1282
677 881 1282
1282 677 881
293 131 576
131 293 576
576 131 293
734 50 688
688 50 734
50 688 734
246 445 924
445 246 924
924 246 445
297 171 1473
171 297 1473
1473 171 297
1321 140 248
140 248 1321
248 140 1321
804 895 1284
895 804 1284
1284 804 895
529 135 1019
135 529 1019
1019 135 529
989 210 294
210 294 989
294 210 989
632 737 1401
737 632 1401
1401 632 737
610 995 1156
995 610 1156
1156 610 995
506 605 955
955 506 605
605 506 955
110 273 1453
1453 110 273
273 110 1453
570 103 489
103 489 570
489 103 570
893 511 1157
1157 511 893
511 893 1157
1086 926 1176
926 1086 1176
1176 926 1086
1107 441 720
720 441 1107
441 720 1107
1114 1181 1326
1326 1114 1181
1181 1114 1326
188 196 966
196 188 966
966 188 196
258 349 739
739 258 349
349 258 739
1430 628 1406
628 1406 1430
1406 628 1430
236 185 1495
1495 185 236
185 236 1495
818 375 481
375 481 818
481 375 818
790 324 406
324 406 790
406 324 790
117 337 1043
337 117 1043
1043 117 337
477 123 878
878 123 477
123 477 878
985 719 1234
1234 719 985
719 985 1234
66 635 693
693 66 635
635 66 693
970 232 1417
1417 232 970
232 970 1417
1446 902 1237
1237 902 1446
902 1237 1446
800 491 931
491 800 931
931 491 800
240 474 1014
1014 240 474
474 240 1014
710 119 368
368 119 710
119 368 710
766 209 858
209 766 858
858 209 766
901 228 862
228 862 901
862 228 901
1213 97 385
385 97 1213
97 385 1213
877 476 556
556 476 877
476 556 877
1480 1297 1388
1297 1388 1480
1388 1297 1480
722 310 1230
310 722 1230
1230 310 722
54 494 564
564 54 494
494 54 564
1390 129 513
129 513 1390
513 129 1390
603 4 611
611 4 603
4 603 611
1345 769 1113
769 1113 1345
1113 769 1345
118 367 386
386 118 367
367 118 386
1258 88 802
88 802 1258
802 88 1258
821 811 1079
1079 811 821
811 821 1079
781 80 321
321 80 781
80 321 781
231 153 509
509 153 231
153 231 509
551 816 1037
816 551 1037
1037 551 816
1405 221 863
863 221 1405
221 863 1405
612 422 738
422 612 738
738 422 612
916 567 1088
1088 567 916
567 916 1088
1046 81 1174
81 1046 1174
1174 81 1046
393 125 440
440 125 393
125 393 440
798 198 935
198 798 935
935 198 798
1227 490 785
490 785 1227
785 490 1227
418 984 1119
1119 418 984
984 418 1119
742 57 557
557 57 742
57 557 742
1005 914 1273
914 1005 1273
1273 914 1005
1153 341 699
699 341 1153
341 699 1153
1350 519 1307
519 1307 1350
1307 519 1350
784 350 991
991 350 784
350 784 991
457 470 980
470 457 980
980 457 470
287 1068 1425
1068 287 1425
1425 287 1068
1238 1245 1259
1259 1238 1245
1245 1238 1259
132 1342 1428
1342 132 1428
1428 132 1342
251 205 1445
1445 205 251
205 251 1445
890 844 1465
844 890 1465
1465 844 890
347 609 1423
609 347 1423
1423 347 609
245 463 1198
1198 245 463
463 245 1198
1460 134 575
134 575 1460
575 134 1460
1035 744 839
839 744 1035
744 839 1035
1057 678 998
998 678 1057
678 998 1057
1312 404 812
404 812 1312
812 404 1312
290 222 362
222 290 362
362 222 290
187 25 1418
1418 25 187
25 187 1418
1134 150 617
150 617 1134
617 150 1134
1147 1248 1471
1471 1147 1248
1248 1147 1471
1392 1077 1083
1083 1077 1392
1077 1083 1392
124 285 1265
285 124 1265
1265 124 285
1386 44 619
619 44 1386
44 619 1386
953 1008 1124
1008 953 1124
1124 953 1008
1168 270 950
950 270 1168
270 950 1168
382 1285 1314
1285 382 1314
1314 382 1285
548 484 701
701 484 548
484 548 701
462 219 1304
1304 219 462
219 462 1304
547 868 1315
1315 547 868
868 547 1315
430 527 711
711 430 527
527 430 711
776 374 684
374 684 776
684 374 776
1146 59 114
114 59 1146
59 114 1146
90 200 639
200 90 639
639 90 200
478 1 1255
1255 1 478
1 478 1255
366 214 1127
1127 214 366
214 366 1127
726 84 1212
1212 84 726
84 726 1212
425 471 1287
1287 425 471
471 425 1287
70 952 1411
952 70 1411
1411 70 952
1396 723 1338
723 1338 1396
1338 723 1396
242 835 1223
1223 242 835
835 242 1223
335 1217 1436
1217 335 1436
1436 335 1217
145 488 750
750 145 488
488 145 750
1159 1033 1322
1033 1159 1322
1322 1033 1159
526 255 905
905 255 526
255 526 905
652 508 932
508 652 932
932 508 652
674 120 782
120 674 782
782 120 674
1438 286 841
841 286 1438
286 841 1438
461 137 1498
137 461 1498
1498 137 461
495 267 1040
1040 267 495
267 495 1040
1020 888 1276
1276 888 1020
888 1020 1276
1144 601 1293
601 1144 1293
1293 601 1144
649 55 371
371 55 649
55 371 649
269 1126 1154
1154 269 1126
1126 269 1154
941 1173 1381
1381 941 1173
1173 941 1381
1364 524 559
559 524 1364
524 559 1364
23 565 708
708 23 565
565 23 708
348 976 1092
976 348 1092
1092 348 976
62 939 1108
1108 62 939
939 62 1108
65 12 1215
1215 12 65
12 65 1215
358 962 1476
962 358 1476
1476 358 962
736 594 1244
594 736 1244
1244 594 736
1412 363 571
571 363 1412
363 571 1412
815 79 528
79 528 815
528 79 815
740 182 1427
182 740 1427
1427 182 740
1084 542 1029
542 1029 1084
1029 542 1084
592 329 1158
1158 329 592
329 592 1158
26 636 1210
636 26 1210
1210 26 636
1328 829 872
872 829 1328
829 872 1328
1365 659 1395
1395 659 1365
659 1365 1395
910 1148 1494
1494 910 1148
1148 910 1494
27 689 948
948 27 689
689 27 948
1145 1261 1399
1399 1145 1261
1261 1145 1399
1250 387 960
960 387 1250
387 960 1250
898 832 997
997 832 898
832 898 997
1488 1391 1422
1422 1391 1488
1391 1422 1488
597 522 1269
1269 522 597
522 597 1269
537 235 653
235 537 653
653 235 537
17 1078 1474
1474 17 1078
1078 17 1474
507 453 1216
1216 453 507
453 507 1216
6 419 876
876 6 419
419 6 876
1280 283 978
283 978 1280
978 283 1280
949 37 923
923 37 949
37 923 949
282 5 1060
1060 5 282
5 282 1060
1457 1087 1348
1348 1087 1457
1087 1348 1457
533 1054 1331
1331 533 1054
1054 533 1331
332 1064 1469
1469 332 1064
1064 332 1469
345 706 1044
706 345 1044
1044 345 706
1104 423 947
423 947 1104
947 423 1104
1270 629 1106
629 1106 1270
1106 629 1270
1071 434 1478
434 1071 1478
1478 434 1071
334 94 1010
1010 94 334
94 334 1010
61 907 1464
907 61 1464
1464 61 907
411 212 1305
212 411 1305
1305 212 411
1133 184 838
184 838 1133
838 184 1133
899 252 992
252 899 992
992 252 899
1193 929 930
930 929 1193
929 930 1193
662 671 817
671 662 817
817 662 671
399 402 780
402 399 780
780 399 402
1247 1241 1262
1241 1247 1262
1262 1241 1247
193 36 1188
36 193 1188
1188 36 193
801 256 316
256 316 801
316 256 801
1475 642 1483
642 1475 1483
1483 642 1475
865 189 532
532 189 865
189 532 865
771 475 810
475 771 810
810 475 771
530 698 909
909 530 698
698 530 909
959 331 1149
331 959 1149
1149 331 959
851 215 1030
1030 215 851
215 851 1030
586 451 455
451 455 586
455 451 586
92 263 846
846 92 263
263 92 846
1319 833 892
833 892 1319
892 833 1319
685 238 1492
1492 238 685
238 685 1492
15 672 1374
1374 15 672
672 15 1374
747 53 967
967 53 747
53 747 967
987 147 854
147 854 987
854 147 987
725 93 391
391 93 725
93 391 725
298 311 574
311 298 574
574 298 311
1360 431 803
431 803 1360
803 431 1360
504 446 1009
446 504 1009
1009 446 504
957 834 1111
1111 834 957
834 957 1111
333 339 1023
339 333 1023
1023 333 339
585 155 309
155 309 585
309 155 585
727 1367 1379
1379 727 1367
1367 727 1379
1482 680 1275
1275 680 1482
680 1275 1482
360 2 318
318 2 360
2 318 360
1000 130 606
130 606 1000
606 130 1000
162 758 1080
1080 162 758
758 162 1080
313 1415 1468
1468 313 1415
1415 313 1468
1337 437 945
437 945 1337
945 437 1337
452 87 1155
1155 87 452
87 452 1155
20 113 694
113 20 694
694 20 113
795 900 1433
1433 795 900
900 795 1433
1017 19 1398
19 1017 1398
1398 19 1017
320 465 969
465 320 969
969 320 465
400 607 783
783 400 607
607 400 783
317 979 1267
1267 317 979
979 317 1267
1050 47 172
47 172 1050
172 47 1050
1096 1052 1090
1052 1090 1096
1090 1052 1096
988 581 1116
1116 581 988
581 988 1116
1497 577 860
577 860 1497
860 577 1497
1409 197 786
197 786 1409
786 197 1409
1162 728 1196
728 1162 1196
1196 728 1162
516 46 288
46 288 516
288 46 516
582 499 580
580 499 582
499 580 582
1062 35 319
35 319 1062
319 35 1062
1461 1095 1352
1095 1352 1461
1352 1095 1461
139 116 1045
1045 116 139
116 139 1045
568 560 755
560 568 755
755 560 568
1152 158 925
158 925 1152
925 158 1152
384 627 1120
1120 384 627
627 384 1120
428 517 1236
1236 428 517
517 428 1236
448 376 469
469 376 448
376 448 469
670 651 943
943 651 670
651 670 943
1186 482 1353
1353 482 1186
482 1186 1353
179 613 1209
613 179 1209
1209 179 613
1431 102 717
717 102 1431
102 717 1431
1073 515 661
515 661 1073
661 515 1073
1163 259 479
479 259 1163
259 479 1163
875 1187 1200
1200 875 1187
1187 875 1200
1056 634 1479
1479 634 1056
634 1056 1479
566 549 951
549 566 951
951 549 566
645 169 296
296 169 645
169 296 645
302 427 1316
1316 302 427
427 302 1316
1059 43 775
43 775 1059
775 43 1059
216 186 884
884 186 216
186 216 884
753 459 656
459 656 753
656 459 753
543 646 1011
1011 543 646
646 543 1011
127 239 757
239 127 757
757 127 239
1219 1178 1376
1178 1219 1376
1376 1178 1219
10 143 600
143 10 600
600 10 143
1377 852 1349
852 1349 1377
1349 852 1377
122 381 848
381 122 848
848 122 381
1214 151 648
151 648 1214
648 151 1214
1094 105 1093
1093 105 1094
105 1093 1094
1235 49 192
192 49 1235
49 192 1235
161 525 669
669 161 525
525 161 669
1194 22 257
257 22 1194
22 257 1194
1271 291 697
697 291 1271
291 697 1271
623 29 107
107 29 623
29 107 623
1387 845 1332
845 1332 1387
1332 845 1387
1089 458 915
915 458 1089
458 915 1089
904 1042 1486
1486 904 1042
1042 904 1486
667 1070 1115
1070 667 1115
1115 667 1070
180 156 1097
1097 156 180
156 180 1097
1175 295 1466
1466 295 1175
295 1175 1466
572 342 1182
1182 342 572
342 572 1182
505 468 1076
468 505 1076
1076 468 505
438 493 691
691 438 493
493 438 691
1197 536 861
536 861 1197
861 536 1197
1455 589 1233
589 1233 1455
1233 589 1455
1481 388 657
388 657 1481
657 388 1481
913 346 365
346 365 913
365 346 913
373 31 1048
1048 31 373
31 373 1048
695 1002 1346
1346 695 1002
1002 695 1346
1487 383 665
665 383 1487
383 665 1487
963 338 1459
1459 338 963
338 963 1459
82 788 1075
788 82 1075
1075 82 788
3 718 1049
718 3 1049
1049 3 718
531 763 1004
1004 531 763
763 531 1004
1081 630 887
887 630 1081
630 887 1081
229 336 616
616 229 336
336 229 616
115 1195 1456
1195 115 1456
1456 115 1195
715 190 1139
190 715 1139
1139 190 715
394 1112 1369
1369 394 1112
1112 394 1369
961 165 1098
165 961 1098
1098 165 961
148 323 1069
1069 148 323
323 148 1069
218 211 1110
1110 211 218
211 218 1110
512 919 1393
919 512 1393
1393 512 919
641 828 1404
1404 641 828
828 641 1404
808 30 1160
30 808 1160
1160 30 808
1206 146 602
146 602 1206
602 146 1206
1366 578 1171
578 1171 1366
1171 578 1366
562 276 754
276 562 754
754 276 562
159 1239 1378
1378 159 1239
1239 159 1378
498 1006 1336
1006 498 1336
1336 498 1006
733 99 443
443 99 733
99 443 733
340 520 1355
520 340 1355
1355 340 520
224 314 1407
314 224 1407
1407 224 314
1448 271 1373
271 1373 1448
1373 271 1448
1243 398 622
622 398 1243
398 622 1243
1117 735 1027
1027 735 1117
735 1027 1117
933 709 831
831 709 933
709 831 933
1444 879 1189
1189 879 1444
879 1189 1444
855 166 1135
166 855 1135
1135 166 855
1408 1202 1279
1279 1202 1408
1202 1279 1408
344 289 545
545 289 344
289 344 545
620 18 714
18 620 714
714 18 620
830 206 681
681 206 830
206 681 830
397 136 1136
136 397 1136
1136 136 397
1490 807 886
807 886 1490
886 807 1490
279 168 897
897 168 279
168 279 897
227 1266 1402
1266 227 1402
1402 227 1266
249 546 1341
1341 249 546
546 249 1341
343 277 1449
277 343 1449
1449 277 343
442 121 558
558 121 442
121 442 558
927 429 1132
1132 429 927
429 927 1132
1263 874 922
922 874 1263
874 922 1263
1143 69 1278
1278 69 1143
69 1143 1278
768 751 1432
1432 751 768
751 768 1432
981 825 1167
825 981 1167
1167 825 981
1420 328 1065
328 1065 1420
1065 328 1420
1222 274 1192
274 1192 1222
1192 274 1222
1055 234 1207
1207 234 1055
234 1055 1207
826 98 1228
1228 98 826
98 826 1228
357 450 787
450 357 787
787 357 450
658 496 965
965 496 658
496 658 965
752 377 779
377 752 779
779 377 752
1484 51 1313
51 1313 1484
1313 51 1484
208 217 1164
1164 208 217
217 208 1164
655 856 946
946 655 856
856 655 946
1370 95 942
95 942 1370
942 95 1370
100 940 1036
940 100 1036
1036 100 940
666 555 760
760 555 666
555 666 760
1183 85 1442
1442 85 1183
85 1183 1442
1491 591 1340
1340 591 1491
591 1340 1491
369 866 1179
866 369 1179
1179 369 866
1368 1031 1125
1125 1031 1368
1031 1125 1368
1199 1306 1329
1329 1199 1306
1306 1199 1329
822 395 1277
1277 395 822
395 822 1277
163 682 1394
1394 163 682
682 163 1394
1252 686 1220
686 1220 1252
1220 686 1252
1343 523 1229
523 1229 1343
1229 523 1343
414 213 615
213 414 615
615 213 414
1224 312 823
312 823 1224
823 312 1224
1047 226 974
226 974 1047
974 226 1047
284 45 944
944 45 284
45 284 944
327 181 281
281 181 327
181 281 327
1421 761 1389
761 1389 1421
1389 761 1421
1140 908 1416
1416 908 1140
908 1140 1416
1318 247 1137
1137 247 1318
247 1137 1318
56 805 1424
1424 56 805
805 56 1424
534 322 421
421 322 534
322 421 534
41 183 773
183 41 773
773 41 183
1121 9 638
638 9 1121
9 638 1121
1039 705 1061
705 1039 1061
1061 705 1039
554 250 1072
250 554 1072
1072 250 554
39 1256 1441
1441 39 1256
1256 39 1441
584 447 871
447 584 871
871 447 584
849 241 1281
241 849 1281
1281 241 849
48 730 762
730 48 762
762 48 730
1414 664 1317
1317 664 1414
664 1317 1414
1142 424 840
840 424 1142
424 840 1142
765 28 1034
28 765 1034
1034 28 765
133 76 774
76 133 774
774 76 133
599 261 444
444 261 599
261 444 599
721 104 1063
1063 104 721
104 721 1063
176 668 996
996 176 668
668 176 996
1150 934 1118
934 1118 1150
1118 934 1150
1300 918 968
968 918 1300
918 968 1300
1208 449 1025
449 1025 1208
1025 449 1208
11 702 869
702 11 869
869 11 702
1450 353 1383
1383 353 1450
353 1383 1450
971 604 640
640 604 971
604 640 971
354 307 1053
307 354 1053
1053 307 354
643 690 806
690 643 806
806 643 690
1472 243 1397
1397 243 1472
243 1397 1472
1310 141 280
280 141 1310
141 280 1310
1324 486 1288
486 1288 1324
1288 486 1324
325 33 330
33 325 330
330 33 325
1268 972 1190
972 1190 1268
1190 972 1268
770 74 403
74 403 770
403 74 770
583 1074 1470
1470 583 1074
1074 583 1470
202 654 975
975 202 654
654 202 975
303 920 1264
1264 303 920
920 303 1264
1253 225 885
885 225 1253
225 885 1253
154 792 1026
1026 154 792
792 154 1026
1082 741 1218
1218 741 1082
741 1082 1218
1038 794 896
896 794 1038
794 896 1038
1028 573 1231
573 1028 1231
1231 573 1028
983 83 1440
1440 83 983
83 983 1440
596 820 1289
820 596 1289
1289 596 820
1122 13 1351
1351 13 1122
13 1122 1351
921 167 911
911 167 921
167 911 921
1299 759 954
954 759 1299
759 954 1299
1344 64 433
64 433 1344
433 64 1344
1496 149 912
912 149 1496
149 912 1496
1357 1013 1185
1013 1185 1357
1185 1013 1357
14 144 401
401 14 144
144 14 401
544 1296 1447
1296 544 1447
1447 544 1296
675 71 644
71 644 675
644 71 675
1294 106 799
799 106 1294
106 799 1294
1339 1327 1434
1434 1327 1339
1327 1339 1434
1443 230 1458
1458 230 1443
230 1443 1458
409 598 889
598 409 889
889 409 598
1058 220 637
220 637 1058
637 220 1058
454 40 204
204 40 454
40 204 454
58 408 1180
408 58 1180
1180 58 408
492 456 1356
1356 456 492
456 492 1356
379 777 1161
777 379 1161
1161 379 777
882 1003 1007
1003 882 1007
1007 882 1003
1303 142 1201
142 1201 1303
1201 142 1303
824 237 1463
237 824 1463
1463 237 824
405 593 1100
593 405 1100
1100 405 593
1359 260 993
260 993 1359
993 260 1359
275 63 778
63 275 778
778 63 275
1051 894 1309
894 1051 1309
1309 894 1051
396 262 746
746 262 396
262 396 746
304 633 994
633 304 994
994 304 633
1260 464 1191
464 1191 1260
1191 464 1260
842 432 1302
432 842 1302
1302 432 842
1354 305 485
485 305 1354
305 485 1354
683 86 1333
86 683 1333
1333 86 683
1085 390 501
501 390 1085
390 501 1085
732 195 1274
1274 195 732
195 732 1274
1385 372 1451
372 1385 1451
1451 372 1385
1226 410 1493
1493 410 1226
410 1226 1493
1184 355 1001
1001 355 1184
355 1001 1184
1232 518 1016
1016 518 1232
518 1016 1232
1254 416 587
416 587 1254
587 416 1254
767 859 1375
859 767 1375
1375 767 859
1452 550 1204
550 1204 1452
1204 550 1452
1021 301 1429
1429 301 1021
301 1021 1429
