740 781 982
982 740 781
781 740 982
989 1135 1246
1135 989 1246
1246 989 1135
261 832 1369
1369 261 832
832 261 1369
910 82 1377
82 910 1377
1377 82 910
1221 34 90
34 90 1221
90 34 1221
1303 352 1123
352 1123 1303
1123 352 1303
561 640 1163
1163 561 640
640 561 1163
867 18 873
873 18 867
18 867 873
476 644 791
644 476 791
791 476 644
52 562 1496
562 52 1496
1496 52 562
1395 855 917
855 917 1395
917 855 1395
926 1172 1236
1172 926 1236
1236 926 1172
200 865 1440
865 200 1440
1440 200 865
425 160 213
160 213 425
213 160 425
263 386 653
386 263 653
653 263 386
475 578 708
708 475 578
578 475 708
901 612 1339
1339 612 901
612 901 1339
452 271 412
271 412 452
412 271 452
891 453 1473
1473 453 891
453 891 1473
444 610 1231
1231 444 610
610 444 1231
1412 1288 1415
1288 1412 1415
1415 1288 1412
1223 100 355
355 100 1223
100 355 1223
231 131 756
756 131 231
131 231 756
260 600 1391
1391 260 600
600 260 1391
737 1254 1317
1317 737 1254
1254 737 1317
939 524 1271
1271 524 939
524 939 1271
871 592 608
592 608 871
608 592 871
1228 399 1229
1229 399 1228
399 1228 1229
1269 238 717
717 238 1269
238 717 1269
1121 37 262
37 262 1121
262 37 1121
651 1038 1387
1038 651 1387
1387 651 1038
806 502 906
906 502 806
502 806 906
1350 922 1326
922 1326 1350
1326 922 1350
466 405 862
405 466 862
862 405 466
79 516 1062
1062 79 516
516 79 1062
1190 441 641
641 441 1190
441 641 1190
1087 255 1207
255 1087 1207
1207 255 1087
1233 598 1429
1429 598 1233
598 1233 1429
1432 1011 1386
1386 1011 1432
1011 1386 1432
1212 166 1211
166 1211 1212
1211 166 1212
1351 202 577
577 202 1351
202 577 1351
45 1413 1479
1413 45 1479
1479 45 1413
974 467 479
479 467 974
467 479 974
517 411 1083
1083 411 517
411 517 1083
1487 689 723
689 723 1487
723 689 1487
464 330 778
330 464 778
778 330 464
844 368 1402
368 844 1402
1402 368 844
23 258 968
968 23 258
258 23 968
848 556 576
556 576 848
576 556 848
1364 195 1125
195 1125 1364
1125 195 1364
821 51 852
852 51 821
51 821 852
760 1320 1443
1320 760 1443
1443 760 1320
432 402 687
687 402 432
402 432 687
28 109 367
109 28 367
367 28 109
304 802 1016
802 304 1016
1016 304 802
339 1042 1408
1408 339 1042
1042 339 1408
246 172 1213
1213 172 246
172 246 1213
927 214 416
416 214 927
214 416 927
559 161 302
302 161 559
161 302 559
1117 290 1005
1005 290 1117
290 1005 1117
429 16 784
784 16 429
16 429 784
574 704 1390
704 574 1390
1390 574 704
1452 333 1304
333 1304 1452
1304 333 1452
899 570 1203
570 899 1203
1203 570 899
504 335 1431
1431 335 504
335 504 1431
847 106 824
106 824 847
824 106 847
721 1051 1144
1051 721 1144
1144 721 1051
991 253 1194
253 991 1194
1194 253 991
935 498 864
864 498 935
498 864 935
458 947 1224
1224 458 947
947 458 1224
1187 520 637
637 520 1187
520 637 1187
1071 596 684
684 596 1071
596 684 1071
1052 60 1094
1094 60 1052
60 1052 1094
1096 4 1296
4 1096 1296
1296 4 1096
1448 1022 1226
1022 1226 1448
1226 1022 1448
830 32 769
769 32 830
32 769 830
450 148 1293
1293 148 450
148 450 1293
322 748 1185
748 322 1185
1185 322 748
1489 523 885
885 523 1489
523 885 1489
530 805 1426
805 530 1426
1426 530 805
1169 629 810
629 810 1169
810 629 1169
397 382 431
382 397 431
431 382 397
1143 615 732
732 615 1143
615 732 1143
812 547 1066
547 812 1066
1066 547 812
327 783 1129
783 327 1129
1129 327 783
1100 568 1197
1197 568 1100
568 1100 1197
1459 6 1064
6 1064 1459
1064 6 1459
300 1057 1333
1057 300 1333
1333 300 1057
483 794 925
794 483 925
925 483 794
114 809 831
809 114 831
831 114 809
294 320 443
320 294 443
443 294 320
762 1097 1171
1097 762 1171
1171 762 1097
742 1209 1336
1336 742 1209
1209 742 1336
1156 383 714
714 383 1156
383 714 1156
1330 73 1256
73 1256 1330
1256 73 1330
481 825 1430
1430 481 825
825 481 1430
65 372 490
490 65 372
372 65 490
1286 995 1363
995 1286 1363
1363 995 1286
1111 281 1343
281 1111 1343
1343 281 1111
85 913 981
913 85 981
981 85 913
1453 379 1464
1464 379 1453
379 1453 1464
1080 156 1392
1392 156 1080
156 1080 1392
696 284 1294
284 696 1294
1294 284 696
468 180 636
180 468 636
636 180 468
1181 499 1074
1074 499 1181
499 1074 1181
325 749 758
749 325 758
758 325 749
229 217 1196
1196 217 229
217 229 1196
1280 793 1245
793 1245 1280
1245 793 1280
426 68 514
514 68 426
68 426 514
682 89 117
89 117 682
117 89 682
839 170 1424
1424 170 839
170 839 1424
1108 378 1127
378 1108 1127
1127 378 1108
1150 750 1268
1268 750 1150
750 1150 1268
1438 811 813
813 811 1438
811 813 1438
1204 1001 1352
1001 1204 1352
1352 1001 1204
1313 860 1498
860 1313 1498
1498 860 1313
854 49 892
892 49 854
49 854 892
356 56 70
56 70 356
70 56 356
254 163 1195
1195 163 254
163 254 1195
282 12 643
643 12 282
12 282 643
1405 1098 1358
1098 1358 1405
1358 1098 1405
933 804 1383
1383 804 933
804 933 1383
874 606 972
972 606 874
606 874 972
348 672 1401
1401 348 672
672 348 1401
439 221 715
715 221 439
221 439 715
216 442 1253
442 216 1253
1253 216 442
1174 118 207
118 207 1174
207 118 1174
236 24 1445
24 236 1445
1445 24 236
21 492 700
700 21 492
492 21 700
154 39 1019
39 154 1019
1019 39 154
240 484 518
518 240 484
484 240 518
879 278 1225
1225 278 879
278 879 1225
905 647 1179
1179 647 905
647 905 1179
252 645 733
645 252 733
733 252 645
219 171 1446
1446 171 219
171 219 1446
241 391 487
391 241 487
487 241 391
99 210 1398
1398 99 210
210 99 1398
1030 108 407
407 108 1030
108 407 1030
1091 585 1227
1227 585 1091
585 1091 1227
1300 798 956
956 798 1300
798 956 1300
767 603 999
999 603 767
603 767 999
1069 692 1075
692 1069 1075
1075 692 1069
264 768 983
983 264 768
768 264 983
401 856 1026
1026 401 856
856 401 1026
129 230 459
459 129 230
230 129 459
1425 666 958
666 958 1425
958 666 1425
858 660 670
660 670 858
670 660 858
1394 962 1281
1281 962 1394
962 1281 1394
554 1073 1302
1073 554 1302
1302 554 1073
471 317 1024
1024 317 471
317 471 1024
1290 759 1155
759 1155 1290
1155 759 1290
389 215 553
215 389 553
553 215 389
445 272 1118
1118 272 445
272 445 1118
119 354 685
685 119 354
354 119 685
1122 537 620
620 537 1122
537 620 1122
1013 403 491
403 491 1013
491 403 1013
744 567 942
942 567 744
567 744 942
728 227 1265
1265 227 728
227 728 1265
815 454 808
454 808 815
808 454 815
861 635 701
635 701 861
701 635 861
1089 164 872
872 164 1089
164 872 1089
531 435 1437
1437 435 531
435 531 1437
1444 680 845
845 680 1444
680 845 1444
97 199 929
929 97 199
199 97 929
1335 59 474
474 59 1335
59 474 1335
1077 843 1148
1148 843 1077
843 1077 1148
1324 1311 1354
1354 1311 1324
1311 1324 1354
746 705 1243
705 746 1243
1243 705 746
1149 1126 1366
1126 1149 1366
1366 1126 1149
876 71 970
970 71 876
71 876 970
611 113 226
113 226 611
226 113 611
61 1198 1434
1434 61 1198
1198 61 1434
1012 1054 1327
1327 1012 1054
1054 1012 1327
1027 734 1328
734 1027 1328
1328 734 1027
626 208 478
208 478 626
478 208 626
834 135 919
135 834 919
919 135 834
1468 91 235
235 91 1468
91 235 1468
681 1323 1416
1416 681 1323
1323 681 1416
589 319 451
319 451 589
451 319 589
724 973 1106
973 724 1106
1106 724 973
1116 194 509
509 194 1116
194 509 1116
188 374 1152
1152 188 374
374 188 1152
434 489 655
655 434 489
489 434 655
80 185 790
185 80 790
790 80 185
47 877 938
938 47 877
877 47 938
1045 277 930
930 277 1045
277 930 1045
256 44 133
44 133 256
133 44 256
312 726 920
726 312 920
920 312 726
555 173 1055
173 555 1055
1055 173 555
147 10 1085
1085 10 147
10 147 1085
1232 565 757
757 565 1232
565 757 1232
1421 373 822
373 822 1421
822 373 1421
315 870 1104
870 315 1104
1104 315 870
95 587 621
621 95 587
587 95 621
1216 198 341
341 198 1216
198 341 1216
1010 893 1004
1004 893 1010
893 1004 1010
943 27 1458
27 943 1458
1458 27 943
270 866 1110
1110 270 866
866 270 1110
449 211 609
609 211 449
211 449 609
417 551 883
883 417 551
551 417 883
1043 775 1495
775 1043 1495
1495 775 1043
1260 1295 1493
1493 1260 1295
1295 1260 1493
593 1139 1264
1139 593 1264
1264 593 1139
1215 900 1131
1131 900 1215
900 1131 1215
1237 1059 1199
1199 1059 1237
1059 1199 1237
889 850 955
955 850 889
850 889 955
14 1021 1173
1021 14 1173
1173 14 1021
507 594 1250
1250 507 594
594 507 1250
53 2 836
836 2 53
2 53 836
846 1 534
1 534 846
534 1 846
305 438 842
842 305 438
438 305 842
738 678 1008
1008 678 738
678 738 1008
582 997 1167
1167 582 997
997 582 1167
934 62 404
404 62 934
62 404 934
1166 144 1058
1058 144 1166
144 1058 1166
1160 158 1259
1259 158 1160
158 1160 1259
773 385 961
961 385 773
385 773 961
1389 618 1266
618 1266 1389
1266 618 1389
145 139 1499
1499 139 145
139 145 1499
763 996 1244
996 763 1244
1244 763 996
266 495 699
699 266 495
495 266 699
1230 1136 1393
1136 1230 1393
1393 1136 1230
1049 297 1368
1368 297 1049
297 1049 1368
31 5 1162
1162 5 31
5 31 1162
150 932 1007
932 150 1007
1007 150 932
1373 196 1307
196 1307 1373
1307 196 1373
446 141 496
496 141 446
141 446 496
1466 513 1297
513 1297 1466
1297 513 1466
1279 894 985
985 894 1279
894 985 1279
400 181 1456
1456 181 400
181 400 1456
964 1009 1436
1436 964 1009
1009 964 1436
1146 257 1086
1086 257 1146
257 1086 1146
814 1282 1379
1379 814 1282
1282 814 1379
921 948 1262
948 921 1262
1262 921 948
1014 338 1419
338 1014 1419
1419 338 1014
820 903 1141
1141 820 903
903 820 1141
477 1078 1400
1078 477 1400
1400 477 1078
632 1119 1140
1119 632 1140
1140 632 1119
711 110 1003
1003 110 711
110 711 1003
1494 361 575
575 361 1494
361 575 1494
421 38 387
38 387 421
387 38 421
1491 176 816
816 176 1491
176 816 1491
63 951 1485
1485 63 951
951 63 1485
803 87 597
597 87 803
87 597 803
358 393 712
393 358 712
712 358 393
209 1258 1380
1258 209 1380
1380 209 1258
1441 741 1298
1298 741 1441
741 1298 1441
369 152 774
774 152 369
152 369 774
1028 1314 1480
1314 1028 1480
1480 1028 1314
105 679 1222
1222 105 679
679 105 1222
127 128 755
755 127 128
128 127 755
661 371 624
371 624 661
624 371 661
293 888 1023
1023 293 888
888 293 1023
550 206 521
206 521 550
521 206 550
1423 314 963
314 963 1423
963 314 1423
1347 237 1378
237 1347 1378
1378 237 1347
310 486 569
569 310 486
486 310 569
350 351 1114
351 350 1114
1114 350 351
992 392 1067
1067 392 992
392 992 1067
895 375 1183
375 895 1183
1183 375 895
376 460 902
902 376 460
460 376 902
503 797 1365
1365 503 797
797 503 1365
545 67 342
67 342 545
342 67 545
911 149 233
233 149 911
149 233 911
975 1093 1252
1252 975 1093
1093 975 1252
1460 298 1138
1138 298 1460
298 1138 1460
795 440 1168
440 795 1168
1168 440 795
869 29 116
29 116 869
116 29 869
720 1407 1433
1433 720 1407
1407 720 1433
1418 362 780
362 780 1418
780 362 1418
1034 771 941
771 941 1034
941 771 1034
1454 552 634
634 552 1454
552 634 1454
1101 789 1092
1092 789 1101
789 1092 1101
571 175 601
175 571 601
601 175 571
1164 950 1329
1329 950 1164
950 1164 1329
1200 564 1120
1120 564 1200
564 1120 1200
617 887 1284
1284 617 887
887 617 1284
1210 136 722
136 722 1210
722 136 1210
800 557 838
557 800 838
838 557 800
1182 673 986
986 673 1182
673 986 1182
522 668 1193
1193 522 668
668 522 1193
693 841 1006
1006 693 841
841 693 1006
823 826 1301
1301 823 826
826 823 1301
1153 532 923
532 923 1153
923 532 1153
419 976 1189
1189 419 976
976 419 1189
1261 1384 1484
1384 1261 1484
1484 1261 1384
1076 1068 1409
1409 1068 1076
1068 1076 1409
988 280 669
280 669 988
669 280 988
30 462 1457
462 30 1457
1457 30 462
539 77 535
77 535 539
535 77 539
908 377 907
907 377 908
377 907 908
1319 510 1065
1065 510 1319
510 1065 1319
223 130 1450
130 223 1450
1450 130 223
1047 1124 1374
1124 1047 1374
1374 1047 1124
1044 729 1274
729 1044 1274
1274 729 1044
890 457 1435
457 890 1435
1435 457 890
1385 472 1439
1439 472 1385
472 1385 1439
183 179 500
500 179 183
179 183 500
753 511 1427
511 753 1427
1427 511 753
92 463 993
463 92 993
993 92 463
649 710 818
818 649 710
710 649 818
1178 1020 1312
1020 1178 1312
1312 1020 1178
1376 19 1241
19 1241 1376
1241 19 1376
1033 772 1482
772 1033 1482
1482 772 1033
1133 619 686
686 619 1133
619 686 1133
447 538 1332
538 447 1332
1332 447 538
1474 408 519
408 519 1474
519 408 1474
247 1451 1465
1451 247 1465
1465 247 1451
50 508 579
579 50 508
508 50 579
1471 665 1248
665 1248 1471
1248 665 1471
914 287 656
656 287 914
287 656 914
497 657 1305
1305 497 657
657 497 1305
1214 627 827
627 827 1214
827 627 1214
1061 41 1151
41 1061 1151
1151 41 1061
777 296 1309
296 777 1309
1309 296 777
713 285 1217
1217 285 713
285 713 1217
276 76 819
76 276 819
819 76 276
222 326 918
326 222 918
918 222 326
1115 1257 1316
1316 1115 1257
1257 1115 1316
337 205 572
205 337 572
572 205 337
1310 558 965
558 965 1310
965 558 1310
1477 366 625
366 625 1477
625 366 1477
605 1186 1249
1249 605 1186
1186 605 1249
1277 588 663
663 588 1277
588 663 1277
631 169 220
169 220 631
220 169 631
980 303 969
303 969 980
969 303 980
990 143 1208
1208 143 990
143 990 1208
55 770 884
884 55 770
770 55 884
898 193 544
544 193 898
193 544 898
3 1399 1403
1403 3 1399
1399 3 1403
155 75 829
829 75 155
75 155 829
630 650 1267
650 630 1267
1267 630 650
586 654 1079
1079 586 654
654 586 1079
1242 1048 1338
1048 1242 1338
1338 1048 1242
20 937 1467
1467 20 937
937 20 1467
1321 72 1371
72 1321 1371
1371 72 1321
267 1449 1475
1449 267 1475
1475 267 1449
978 324 1331
1331 324 978
324 978 1331
739 248 1102
1102 248 739
248 739 1102
54 140 1455
1455 54 140
140 54 1455
718 1406 1410
1410 718 1406
1406 718 1410
182 527 904
904 182 527
527 182 904
1341 43 1031
1031 43 1341
43 1031 1341
1411 313 347
313 347 1411
347 313 1411
249 436 1029
1029 249 436
436 249 1029
1159 415 949
949 415 1159
415 949 1159
1346 22 736
736 22 1346
22 736 1346
1359 703 1180
1180 703 1359
703 1180 1359
946 1220 1422
1422 946 1220
1220 946 1422
799 57 1113
1113 57 799
57 799 1113
543 7 191
191 7 543
7 191 543
178 309 332
309 178 332
332 178 309
1315 616 735
616 735 1315
735 616 1315
177 25 1105
25 177 1105
1105 25 177
1334 473 1147
473 1147 1334
1147 473 1334
638 652 707
707 638 652
652 638 707
218 944 1372
944 218 1372
1372 218 944
162 546 1397
546 162 1397
1397 162 546
716 345 667
345 667 716
667 345 716
365 788 875
875 365 788
788 365 875
1063 1157 1490
1490 1063 1157
1157 1063 1490
437 747 1486
1486 437 747
747 437 1486
1255 224 1375
224 1255 1375
1375 224 1255
1032 203 1306
203 1032 1306
1306 203 1032
909 602 984
602 909 984
984 602 909
1420 754 1291
754 1291 1420
1291 754 1420
766 414 1018
1018 414 766
414 766 1018
1235 64 122
122 64 1235
64 122 1235
987 614 840
614 840 987
840 614 987
69 424 882
882 69 424
424 69 882
456 201 702
201 456 702
702 201 456
1238 1103 1367
1103 1238 1367
1367 1103 1238
346 786 1461
1461 346 786
786 346 1461
306 880 1463
1463 306 880
880 306 1463
243 225 960
960 225 243
225 243 960
88 1278 1370
1278 88 1370
1370 88 1278
1188 86 1462
1462 86 1188
86 1188 1462
525 17 469
469 17 525
17 469 525
74 98 1037
1037 74 98
98 74 1037
291 138 212
138 212 291
212 138 291
646 269 1060
1060 269 646
269 646 1060
250 730 912
730 250 912
912 250 730
485 1095 1318
1318 485 1095
1095 485 1318
286 121 719
121 286 719
719 121 286
26 420 1177
420 26 1177
1177 26 420
1322 311 461
311 461 1322
461 311 1322
112 690 1142
690 112 1142
1142 112 690
878 228 1015
1015 228 878
228 878 1015
388 1337 1417
1417 388 1337
1337 388 1417
868 103 837
837 103 868
103 837 868
1084 343 409
409 343 1084
343 409 1084
308 709 1442
709 308 1442
1442 308 709
279 197 817
817 197 279
197 279 817
307 245 528
245 307 528
528 245 307
292 94 677
94 292 677
677 94 292
1470 1035 1469
1035 1469 1470
1469 1035 1470
1382 1273 1308
1273 1308 1382
1308 1273 1382
334 349 1072
349 334 1072
1072 334 349
1340 1082 1251
1251 1082 1340
1082 1251 1340
107 1191 1219
1191 107 1219
1219 107 1191
204 952 1154
952 204 1154
1154 204 952
1285 662 896
896 662 1285
662 896 1285
1299 329 966
329 966 1299
966 329 1299
977 174 186
186 174 977
174 186 977
406 529 994
994 406 529
529 406 994
364 81 125
81 125 364
125 81 364
318 599 787
599 318 787
787 318 599
863 560 1165
1165 560 863
560 863 1165
1040 321 1357
321 1040 1357
1357 321 1040
1481 761 1344
761 1344 1481
1344 761 1481
1158 11 46
11 46 1158
46 11 1158
796 465 857
857 465 796
465 796 857
1342 916 1205
916 1205 1342
1205 916 1342
1345 542 1388
542 1345 1388
1388 542 1345
1081 533 1360
1360 533 1081
533 1081 1360
501 782 1161
1161 501 782
782 501 1161
828 849 1234
849 828 1234
1234 828 849
1099 126 1017
126 1017 1099
1017 126 1099
9 288 1132
288 9 1132
1132 9 288
583 134 1289
1289 134 583
134 583 1289
580 1201 1239
1239 580 1201
1201 580 1239
1476 1056 1192
1192 1056 1476
1056 1192 1476
945 765 859
765 859 945
859 765 945
1202 691 1112
691 1112 1202
1112 691 1202
316 192 648
192 316 648
648 192 316
184 549 954
549 184 954
954 184 549
380 658 1353
1353 380 658
658 380 1353
1041 833 1488
833 1041 1488
1488 833 1041
1170 153 289
153 289 1170
289 153 1170
915 971 1218
971 915 1218
1218 915 971
807 683 1145
683 807 1145
1145 683 807
1472 299 394
299 394 1472
394 299 1472
851 607 1478
1478 607 851
607 851 1478
428 101 1070
101 428 1070
1070 101 428
1447 189 427
427 189 1447
189 427 1447
563 1025 1036
1036 563 1025
1025 563 1036
957 390 659
390 659 957
659 390 957
301 526 1483
1483 301 526
526 301 1483
642 137 536
137 536 642
536 137 642
1053 430 776
776 430 1053
430 776 1053
1356 613 953
953 613 1356
613 953 1356
384 370 1039
1039 370 384
370 384 1039
1283 251 541
541 251 1283
251 541 1283
897 58 1396
1396 58 897
58 897 1396
480 433 1325
433 480 1325
1325 433 480
751 1287 1414
1414 751 1287
1287 751 1414
1088 283 731
283 731 1088
731 283 1088
423 688 792
688 423 792
792 423 688
936 244 881
881 244 936
244 881 936
604 66 959
66 604 959
959 66 604
482 102 595
595 102 482
102 482 595
1130 566 745
566 745 1130
745 566 1130
142 752 1128
752 142 1128
1128 142 752
931 886 1176
1176 886 931
886 931 1176
694 1175 1355
1175 694 1355
1355 694 1175
242 165 187
165 187 242
187 165 242
1046 78 1428
78 1046 1428
1428 78 1046
940 104 268
268 104 940
104 268 940
675 540 671
540 671 675
671 540 675
1348 273 274
274 273 1348
273 274 1348
359 111 1272
111 359 1272
1272 111 359
363 506 1500
506 363 1500
1500 363 506
120 398 698
398 120 698
698 120 398
84 259 779
779 84 259
259 84 779
1184 470 591
591 470 1184
470 591 1184
1240 853 1263
1263 853 1240
853 1240 1263
924 151 676
151 676 924
676 151 924
33 157 512
512 33 157
157 33 512
124 123 159
159 123 124
123 124 159
493 15 295
295 15 493
15 295 493
706 48 96
48 96 706
96 48 706
1275 275 548
275 548 1275
548 275 1275
422 360 418
418 360 422
360 418 422
168 623 928
928 168 623
623 168 928
381 344 1492
1492 344 381
344 381 1492
622 35 785
785 35 622
35 622 785
1292 239 488
239 488 1292
488 239 1292
353 167 340
340 167 353
167 340 353
725 410 697
697 410 725
410 697 725
494 265 1270
1270 265 494
265 494 1270
323 357 455
455 323 357
357 323 455
1206 190 979
190 979 1206
979 190 1206
590 146 1497
146 590 1497
1497 146 590
581 36 331
331 36 581
36 331 581
1109 764 835
835 764 1109
764 835 1109
132 633 1361
633 132 1361
1361 132 633
515 573 1107
573 515 1107
1107 515 573
1276 1134 1381
1134 1276 1381
1381 1134 1276
83 584 727
584 83 727
727 83 584
1090 234 396
234 396 1090
396 234 1090
628 42 695
695 42 628
42 628 695
395 93 448
93 395 448
448 93 395
328 1247 1362
1247 328 1362
1362 328 1247
664 413 1404
413 664 1404
1404 413 664
40 998 1137
1137 40 998
998 40 1137
967 743 801
801 743 967
743 801 967
1002 336 505
336 505 1002
505 336 1002
1000 674 1050
674 1000 1050
1050 674 1000
115 232 639
639 115 232
232 115 639
8 13 1349
13 8 1349
1349 8 13
