1128 615 1154
615 1128 1154
1154 615 1128
828 973 1344
973 828 1344
1344 828 973
1312 154 994
994 154 1312
154 994 1312
1011 502 1131
1131 502 1011
502 1011 1131
1474 166 1317
1317 166 1474
166 1317 1474
219 1252 1452
1452 219 1252
1252 219 1452
701 449 549
449 549 701
549 449 701
1423 524 573
524 573 1423
573 524 1423
737 476 500
500 476 737
476 500 737
1443 247 1493
1493 247 1443
247 1443 1493
1174 423 1073
1073 423 1174
423 1073 1174
881 365 1240
365 881 1240
1240 365 881
114 51 1483
1483 51 114
51 114 1483
325 492 849
492 325 849
849 325 492
1173 292 1490
292 1173 1490
1490 292 1173
902 1229 1254
1254 902 1229
1229 902 1254
398 508 1405
508 398 1405
1405 398 508
1366 612 1119
612 1119 1366
1119 612 1366
1383 193 1279
193 1279 1383
1279 193 1383
374 843 930
930 374 843
843 374 930
1320 528 838
838 528 1320
528 838 1320
87 38 818
818 38 87
38 87 818
651 610 1382
610 651 1382
1382 610 651
260 457 831
457 260 831
831 260 457
1057 95 1135
1135 95 1057
95 1057 1135
150 888 1391
888 150 1391
1391 150 888
1494 18 75
75 18 1494
18 75 1494
892 601 1314
1314 601 892
601 892 1314
1300 62 176
176 62 1300
62 176 1300
236 424 558
424 236 558
558 236 424
1236 31 766
766 31 1236
31 766 1236
82 165 1068
165 82 1068
1068 82 165
390 402 430
430 390 402
402 390 430
463 10 287
287 10 463
10 287 463
951 357 1253
1253 357 951
357 951 1253
790 481 799
799 481 790
481 790 799
1120 784 859
784 859 1120
859 784 1120
164 3 1416
1416 3 164
3 164 1416
8 307 673
673 8 307
307 8 673
1289 759 1104
759 1104 1289
1104 759 1289
680 797 970
970 680 797
797 680 970
963 208 404
208 404 963
404 208 963
1467 884 1075
1075 884 1467
884 1075 1467
44 128 1466
1466 44 128
128 44 1466
1263 318 479
479 318 1263
318 479 1263
1030 693 1500
693 1030 1500
1500 693 1030
22 928 975
975 22 928
928 22 975
1191 371 856
856 371 1191
371 856 1191
1491 1183 1411
1183 1411 1491
1411 1183 1491
1488 1482 1495
1495 1482 1488
1482 1488 1495
1080 389 1360
1360 389 1080
389 1080 1360
491 526 1211
1211 491 526
526 491 1211
1296 105 883
883 105 1296
105 883 1296
1341 119 289
119 289 1341
289 119 1341
125 913 1044
1044 125 913
913 125 1044
802 606 1458
1458 606 802
606 802 1458
1159 769 1161
1161 769 1159
769 1159 1161
1274 1208 1337
1337 1208 1274
1208 1274 1337
672 1340 1497
1497 672 1340
1340 672 1497
1076 575 1372
1372 575 1076
575 1076 1372
1315 966 971
971 966 1315
966 971 1315
330 319 493
493 319 330
319 330 493
1332 562 968
562 968 1332
968 562 1332
1419 667 909
909 667 1419
667 909 1419
974 486 761
486 761 974
761 486 974
1473 872 1475
872 1473 1475
1475 872 1473
1045 656 906
656 906 1045
906 656 1045
858 551 1195
551 858 1195
1195 551 858
1459 548 1403
1403 548 1459
548 1403 1459
1219 1212 1480
1480 1212 1219
1212 1219 1480
1112 380 1478
1478 380 1112
380 1112 1478
444 399 637
399 444 637
637 399 444
497 35 527
35 497 527
527 35 497
589 605 803
605 589 803
803 589 605
1364 321 1418
1418 321 1364
321 1364 1418
752 438 1406
438 752 1406
1406 438 752
1005 1357 1445
1445 1005 1357
1357 1005 1445
1043 827 1084
1084 827 1043
827 1043 1084
1398 1176 1439
1439 1176 1398
1176 1398 1439
905 256 552
256 552 905
552 256 905
169 406 596
596 169 406
406 169 596
32 369 1013
1013 32 369
369 32 1013
346 754 929
754 346 929
929 346 754
1222 770 1180
1180 770 1222
770 1180 1222
660 537 796
796 537 660
537 660 796
238 144 948
948 144 238
144 238 948
521 98 717
717 98 521
98 521 717
279 394 1292
394 279 1292
1292 279 394
1393 104 957
957 104 1393
104 957 1393
755 777 1330
777 755 1330
1330 755 777
185 191 1353
1353 185 191
191 185 1353
381 297 306
306 297 381
297 306 381
45 42 976
42 45 976
976 42 45
735 41 1464
41 735 1464
1464 41 735
1003 43 382
43 382 1003
382 43 1003
898 385 1175
385 898 1175
1175 385 898
1361 772 1019
1019 772 1361
772 1019 1361
678 39 217
217 39 678
39 217 678
136 100 874
874 100 136
100 136 874
863 28 684
28 684 863
684 28 863
1479 648 1387
1387 648 1479
648 1387 1479
912 375 748
375 748 912
748 375 912
924 677 756
756 677 924
677 756 924
1417 451 956
956 451 1417
451 956 1417
707 907 1193
907 707 1193
1193 707 907
1343 563 1141
1141 563 1343
563 1141 1343
483 58 155
155 58 483
58 155 483
592 68 1286
68 592 1286
1286 68 592
85 878 1394
1394 85 878
878 85 1394
305 26 47
26 47 305
47 26 305
940 682 1264
1264 682 940
682 940 1264
138 414 445
445 138 414
414 138 445
564 1217 1456
1456 564 1217
1217 564 1456
322 1039 1223
1039 322 1223
1223 322 1039
1024 991 1168
1168 991 1024
991 1024 1168
1094 658 945
658 945 1094
945 658 1094
787 276 536
276 536 787
536 276 787
171 1316 1472
1472 171 1316
1316 171 1472
1097 507 1375
507 1097 1375
1375 507 1097
835 801 1228
1228 801 835
801 835 1228
850 1123 1431
1431 850 1123
1123 850 1431
120 918 1448
1448 120 918
918 120 1448
894 70 361
70 361 894
361 70 894
252 1203 1324
1324 252 1203
1203 252 1324
742 643 1245
1245 643 742
643 742 1245
659 624 1111
624 659 1111
1111 624 659
172 588 1277
1277 172 588
588 172 1277
1232 478 995
995 478 1232
478 995 1232
1213 1032 1365
1365 1032 1213
1032 1213 1365
1373 198 239
198 239 1373
239 198 1373
419 1198 1370
1370 419 1198
1198 419 1370
214 794 943
943 214 794
794 214 943
1190 201 586
586 201 1190
201 586 1190
825 55 496
55 496 825
496 55 825
897 225 961
961 225 897
225 897 961
1396 27 1295
1295 27 1396
27 1295 1396
1244 159 1449
1449 159 1244
159 1244 1449
1249 415 730
730 415 1249
415 730 1249
1486 14 666
14 666 1486
666 14 1486
109 1186 1481
1481 109 1186
1186 109 1481
157 168 1261
1261 157 168
168 157 1261
429 1280 1392
1280 429 1392
1392 429 1280
228 141 865
865 141 228
141 228 865
805 1335 1358
1335 805 1358
1358 805 1335
253 781 819
819 253 781
781 253 819
81 183 570
570 81 183
183 81 570
867 465 923
465 867 923
923 465 867
638 244 377
377 244 638
244 377 638
848 657 782
657 782 848
782 657 848
52 1041 1049
1049 52 1041
1041 52 1049
1020 392 1351
392 1020 1351
1351 392 1020
1260 495 700
700 495 1260
495 700 1260
955 36 645
36 645 955
645 36 955
1355 901 1426
1426 901 1355
901 1355 1426
78 426 788
426 78 788
788 78 426
1100 446 1354
1354 446 1100
446 1100 1354
485 118 727
118 485 727
727 118 485
795 443 1237
443 795 1237
1237 443 795
1206 79 900
79 900 1206
900 79 1206
1016 532 1137
1137 532 1016
532 1016 1137
9 333 1202
1202 9 333
333 9 1202
800 274 302
274 302 800
302 274 800
793 351 1395
351 793 1395
1395 351 793
541 602 1333
602 541 1333
1333 541 602
1234 1362 1460
1362 1234 1460
1460 1234 1362
466 210 604
604 210 466
210 466 604
337 1194 1297
1194 337 1297
1297 337 1194
1109 1346 1434
1434 1109 1346
1346 1109 1434
696 278 1182
278 696 1182
1182 278 696
242 115 1433
1433 115 242
115 242 1433
329 824 1051
824 329 1051
1051 329 824
452 272 1054
272 452 1054
1054 272 452
540 960 1386
960 540 1386
1386 540 960
403 243 313
243 313 403
313 243 403
1390 308 1063
1063 308 1390
308 1063 1390
567 72 762
762 72 567
72 567 762
1267 499 1435
499 1267 1435
1435 499 1267
1061 590 1070
590 1061 1070
1070 590 1061
469 101 129
129 101 469
101 129 469
474 127 142
127 142 474
142 127 474
1090 11 1319
1319 11 1090
11 1090 1319
993 271 812
271 812 993
812 271 993
1147 706 1284
706 1147 1284
1284 706 1147
355 397 1349
397 355 1349
1349 355 397
261 264 1072
264 261 1072
1072 261 264
574 518 1113
518 574 1113
1113 518 574
533 12 813
813 12 533
12 533 813
1225 983 1233
983 1225 1233
1233 983 1225
1224 76 487
76 487 1224
487 76 1224
841 265 456
265 456 841
456 265 841
1285 464 713
464 713 1285
713 464 1285
986 23 890
890 23 986
23 890 986
664 388 816
388 664 816
816 388 664
237 455 1074
455 237 1074
1074 237 455
798 309 572
309 572 798
572 309 798
339 13 428
428 13 339
13 339 428
846 494 1162
494 846 1162
1162 494 846
349 763 1407
763 349 1407
1407 349 763
1248 489 1468
489 1248 1468
1468 489 1248
192 190 254
190 192 254
254 190 192
490 356 946
946 356 490
356 490 946
783 676 1498
1498 676 783
676 783 1498
686 749 1163
749 686 1163
1163 686 749
840 936 1251
936 840 1251
1251 840 936
751 334 1462
1462 334 751
334 751 1462
732 311 1143
1143 311 732
311 732 1143
54 635 670
670 54 635
635 54 670
1499 411 1199
1199 411 1499
411 1199 1499
688 557 714
557 688 714
714 557 688
350 1050 1265
1050 350 1265
1265 350 1050
566 1139 1428
1139 566 1428
1428 566 1139
112 1327 1465
1327 112 1465
1465 112 1327
301 213 860
860 213 301
213 301 860
71 560 1287
1287 71 560
560 71 1287
1142 690 1352
690 1142 1352
1352 690 1142
373 600 1184
1184 373 600
600 373 1184
149 616 1256
1256 149 616
616 149 1256
738 363 529
363 529 738
529 363 738
1402 779 823
823 779 1402
779 823 1402
820 617 767
767 617 820
617 767 820
1410 409 791
791 409 1410
409 791 1410
370 60 1189
1189 60 370
60 370 1189
1262 758 1098
758 1098 1262
1098 758 1262
1187 113 135
135 113 1187
113 135 1187
837 694 1424
694 837 1424
1424 694 837
722 147 646
147 646 722
646 147 722
310 405 757
405 310 757
757 310 405
288 140 221
221 140 288
140 221 288
1133 99 921
921 99 1133
99 921 1133
990 931 1369
931 990 1369
1369 931 990
729 964 1220
964 729 1220
1220 729 964
205 591 607
607 205 591
591 205 607
810 915 1420
1420 810 915
915 810 1420
67 869 1058
869 67 1058
1058 67 869
1323 595 987
987 595 1323
595 987 1323
954 33 37
33 37 954
37 33 954
148 15 632
632 15 148
15 148 632
665 90 233
233 90 665
90 233 665
740 17 1089
17 740 1089
1089 17 740
145 189 832
832 145 189
189 145 832
401 160 559
559 160 401
160 401 559
1069 725 1081
1081 725 1069
725 1069 1081
251 340 379
340 251 379
379 251 340
1125 542 681
542 681 1125
681 542 1125
1336 1066 1122
1066 1122 1336
1122 1066 1336
387 220 1158
220 387 1158
1158 220 387
1309 953 1038
953 1038 1309
1038 953 1309
1033 1055 1117
1117 1033 1055
1055 1033 1117
920 63 1302
1302 63 920
63 920 1302
1006 1283 1293
1283 1006 1293
1293 1006 1283
1359 56 1259
56 1259 1359
1259 56 1359
833 647 804
647 804 833
804 647 833
626 556 731
556 626 731
731 556 626
1116 1231 1282
1231 1116 1282
1282 1116 1231
992 235 1071
235 992 1071
1071 235 992
734 582 1004
1004 582 734
582 734 1004
760 46 1385
46 760 1385
1385 46 760
1298 440 911
911 440 1298
440 911 1298
343 1157 1171
1157 343 1171
1171 343 1157
1114 226 554
226 554 1114
554 226 1114
514 433 1021
433 514 1021
1021 433 514
1185 267 1447
1447 267 1185
267 1185 1447
441 413 809
413 441 809
809 413 441
891 283 436
436 283 891
283 436 891
94 93 716
93 94 716
716 93 94
571 395 1377
1377 395 571
395 571 1377
342 705 746
746 342 705
705 342 746
1200 745 1350
745 1200 1350
1350 745 1200
1103 447 1321
1321 447 1103
447 1103 1321
364 77 1155
1155 77 364
77 364 1155
131 123 535
535 123 131
123 131 535
153 180 459
459 153 180
180 153 459
1136 284 505
505 284 1136
284 505 1136
203 184 1328
184 203 1328
1328 184 203
1130 422 685
422 685 1130
685 422 1130
231 158 1096
1096 158 231
158 231 1096
1272 668 1052
1052 668 1272
668 1052 1272
1099 110 1440
1440 110 1099
110 1099 1440
368 80 1216
1216 80 368
80 368 1216
1404 764 806
764 806 1404
806 764 1404
1334 1197 1425
1197 1334 1425
1425 1197 1334
1025 1453 1484
1484 1025 1453
1453 1025 1484
880 1235 1441
1441 880 1235
1235 880 1441
1008 348 1132
1132 348 1008
348 1008 1132
1347 268 328
328 268 1347
268 328 1347
999 7 1053
7 999 1053
1053 7 999
718 187 295
295 187 718
187 295 718
232 209 765
765 209 232
209 232 765
314 146 1247
1247 146 314
146 314 1247
523 50 683
50 523 683
683 50 523
48 376 578
376 48 578
578 48 376
421 450 1144
1144 421 450
450 421 1144
1118 175 1322
1322 175 1118
175 1118 1322
649 200 599
200 599 649
599 200 649
851 458 629
629 458 851
458 629 851
868 1172 1210
1172 868 1210
1210 868 1172
889 506 555
555 506 889
506 555 889
304 997 1092
997 304 1092
1092 304 997
538 293 1374
1374 293 538
293 538 1374
173 2 215
215 2 173
2 173 215
1088 750 1064
750 1064 1088
1064 750 1088
636 721 1496
1496 636 721
721 636 1496
277 74 1115
74 277 1115
1115 74 277
1085 908 1429
908 1085 1429
1429 908 1085
687 20 807
807 20 687
20 687 807
988 462 1002
462 988 1002
1002 462 988
211 622 1397
622 211 1397
1397 211 622
1007 107 709
709 107 1007
107 709 1007
744 470 1018
470 744 1018
1018 470 744
1326 312 1181
1181 312 1326
312 1181 1326
290 1083 1378
1083 290 1378
1378 290 1083
885 733 998
733 885 998
998 733 885
1415 196 864
196 864 1415
864 196 1415
775 286 726
286 726 775
726 286 775
959 246 296
246 296 959
296 246 959
24 161 218
161 24 218
218 24 161
950 224 776
776 224 950
224 776 950
317 270 1091
270 317 1091
1091 270 317
887 845 1017
845 887 1017
1017 845 887
359 386 1238
386 359 1238
1238 359 386
83 6 774
6 83 774
774 6 83
550 222 1331
1331 222 550
222 550 1331
829 618 1427
1427 618 829
618 829 1427
1325 471 613
471 613 1325
613 471 1325
352 230 903
903 230 352
230 352 903
1077 383 1457
1457 383 1077
383 1077 1457
1307 400 893
893 400 1307
400 893 1307
245 21 134
21 134 245
134 21 245
1275 181 855
181 855 1275
855 181 1275
621 91 1241
1241 91 621
91 621 1241
917 597 1338
1338 597 917
597 917 1338
280 188 941
188 280 941
941 188 280
294 1255 1301
1301 294 1255
1255 294 1301
862 989 1059
989 862 1059
1059 862 989
257 448 1140
448 257 1140
1140 257 448
1239 258 498
258 498 1239
498 258 1239
1149 65 425
65 425 1149
425 65 1149
952 522 1422
522 952 1422
1422 522 952
1207 4 1126
4 1126 1207
1126 4 1207
467 84 654
654 84 467
84 467 654
830 996 1250
996 830 1250
1250 830 996
59 96 1470
96 59 1470
1470 59 96
1380 152 167
167 152 1380
152 167 1380
69 1000 1276
1000 69 1276
1276 69 1000
585 691 1492
691 585 1492
1492 585 691
248 710 980
710 248 980
980 248 710
1455 1409 1446
1409 1446 1455
1446 1409 1455
1167 234 1304
1304 234 1167
234 1167 1304
728 510 1040
510 728 1040
1040 510 728
904 461 608
461 608 904
608 461 904
817 326 811
811 326 817
326 811 817
273 576 739
739 273 576
576 273 739
1062 916 1105
1105 916 1062
916 1062 1105
1201 662 689
662 689 1201
689 662 1201
202 1056 1345
1056 202 1345
1345 202 1056
143 300 1454
300 143 1454
1454 143 300
1048 579 1046
579 1046 1048
1046 579 1048
431 1010 1188
1188 431 1010
1010 431 1188
1121 298 814
814 298 1121
298 814 1121
704 771 1026
1026 704 771
771 704 1026
519 947 1060
947 519 1060
1060 519 947
512 509 1310
509 512 1310
1310 509 512
584 631 1257
631 584 1257
1257 584 631
473 453 1469
453 473 1469
1469 453 473
815 640 1461
640 815 1461
1461 640 815
545 671 978
978 545 671
671 545 978
331 156 1278
1278 156 331
156 331 1278
126 553 1299
1299 126 553
553 126 1299
468 625 633
633 468 625
625 468 633
1153 853 882
882 853 1153
853 882 1153
699 408 504
408 504 699
504 408 699
1 347 1442
347 1 1442
1442 1 347
594 186 723
723 186 594
186 594 723
1165 511 984
984 511 1165
511 984 1165
1444 655 826
826 655 1444
655 826 1444
1166 410 460
460 410 1166
410 460 1166
628 108 1027
108 628 1027
1027 108 628
1376 5 1414
1414 5 1376
5 1376 1414
1214 34 255
255 34 1214
34 255 1214
1095 962 982
982 962 1095
962 982 1095
1023 581 1368
581 1023 1368
1368 581 1023
609 378 702
702 378 609
378 609 702
29 358 1381
1381 29 358
358 29 1381
250 122 1065
122 250 1065
1065 122 250
1110 249 544
544 249 1110
249 544 1110
416 475 630
475 416 630
630 416 475
1034 925 1230
925 1034 1230
1230 925 1034
259 53 1379
53 259 1379
1379 53 259
871 926 1177
926 871 1177
1177 871 926
281 89 1079
1079 89 281
89 281 1079
345 1101 1124
1124 345 1101
1101 345 1124
1031 603 634
603 634 1031
634 603 1031
910 674 1313
674 910 1313
1313 674 910
229 61 1308
1308 61 229
61 229 1308
103 223 1148
223 103 1148
1148 103 223
569 720 1281
720 569 1281
1281 569 720
197 335 639
335 197 639
639 197 335
1400 97 275
97 275 1400
275 97 1400
778 266 1215
1215 266 778
266 778 1215
977 611 724
611 724 977
724 611 977
111 341 679
341 111 679
679 111 341
1339 40 372
40 372 1339
372 40 1339
1258 587 1160
1160 587 1258
587 1160 1258
516 1152 1489
1489 516 1152
1152 516 1489
598 1102 1226
1226 598 1102
1102 598 1226
332 1009 1432
1009 332 1432
1432 332 1009
1028 852 861
852 861 1028
861 852 1028
434 407 454
454 407 434
407 434 454
19 669 1015
669 19 1015
1015 19 669
780 88 1401
1401 88 780
88 780 1401
1029 857 1192
857 1029 1192
1192 857 1029
741 362 1485
1485 362 741
362 741 1485
1306 121 642
121 642 1306
642 121 1306
785 697 1450
1450 697 785
697 785 1450
1035 102 547
547 102 1035
102 547 1035
216 844 1196
844 216 1196
1196 216 844
703 303 539
539 303 703
303 539 703
1290 427 914
914 427 1290
427 914 1290
644 338 1086
338 644 1086
1086 338 644
652 546 1001
546 652 1001
1001 546 652
854 116 561
561 116 854
116 561 854
291 139 1227
1227 139 291
139 291 1227
1477 501 530
501 530 1477
530 501 1477
263 49 1036
49 263 1036
1036 49 263
927 282 344
344 282 927
282 344 927
117 316 1082
316 117 1082
1082 117 316
1205 712 1087
712 1087 1205
1087 712 1205
320 934 1127
1127 320 934
934 320 1127
958 241 753
241 753 958
753 241 958
1266 269 285
285 269 1266
269 285 1266
1209 16 873
16 873 1209
873 16 1209
1438 177 513
177 513 1438
513 177 1438
1108 895 1012
1012 895 1108
895 1012 1108
623 212 324
324 212 623
212 324 623
227 151 1288
1288 151 227
151 227 1288
92 715 1437
1437 92 715
715 92 1437
1389 73 1363
1363 73 1389
73 1363 1389
393 162 360
162 360 393
360 162 393
366 1106 1430
1106 366 1430
1430 366 1106
1412 391 525
525 391 1412
391 525 1412
1107 698 1145
698 1107 1145
1145 698 1107
942 896 1342
896 942 1342
1342 896 942
25 432 836
432 25 836
836 25 432
327 847 1067
1067 327 847
847 327 1067
875 1388 1399
1399 875 1388
1388 875 1399
1156 420 692
420 692 1156
692 420 1156
412 1294 1367
1367 412 1294
1294 412 1367
937 477 1014
477 937 1014
1014 477 937
179 534 985
534 179 985
985 179 534
593 531 661
531 593 661
661 531 593
488 565 949
949 488 565
565 488 949
870 130 1170
1170 130 870
130 870 1170
207 1179 1218
1179 207 1218
1218 207 1179
886 614 834
614 834 886
834 614 886
1413 641 899
899 641 1413
641 899 1413
418 1270 1329
1270 418 1329
1329 418 1270
933 170 1243
170 933 1243
1243 170 933
124 336 517
517 124 336
336 124 517
442 482 922
482 442 922
922 442 482
653 353 743
743 353 653
353 653 743
57 137 736
736 57 137
137 57 736
543 240 1311
1311 240 543
240 543 1311
965 1242 1246
1246 965 1242
1242 965 1246
1291 944 1348
944 1291 1348
1348 944 1291
938 133 1269
133 938 1269
1269 133 938
663 792 879
792 663 879
879 663 792
580 384 877
384 580 877
877 384 580
711 1134 1204
1134 711 1204
1204 711 1134
719 577 583
583 577 719
577 583 719
66 367 866
866 66 367
367 66 866
396 675 839
675 396 839
839 396 675
1271 969 1384
1384 969 1271
969 1271 1384
650 619 1169
1169 619 650
619 650 1169
174 1022 1164
1022 174 1164
1164 174 1022
789 354 1408
1408 354 789
354 789 1408
299 262 842
842 262 299
262 299 842
182 163 1150
1150 163 182
163 182 1150
1178 1078 1436
1436 1078 1178
1078 1178 1436
1451 620 1356
620 1356 1451
1356 620 1451
1421 786 1268
1268 786 1421
786 1268 1421
199 417 1042
1042 199 417
417 199 1042
132 520 708
520 132 708
708 132 520
1476 503 768
768 503 1476
503 768 1476
64 773 1371
1371 64 773
773 64 1371
1305 939 1463
1463 939 1305
939 1305 1463
315 821 1303
821 315 1303
1303 315 821
935 484 1487
1487 484 935
484 935 1487
1093 515 695
695 515 1093
515 695 1093
439 86 195
195 86 439
86 195 439
1037 204 323
204 323 1037
323 204 1037
972 194 206
206 194 972
194 206 972
1471 472 1146
472 1146 1471
1146 472 1471
822 1047 1221
1047 822 1221
1221 822 1047
747 437 627
437 627 747
627 437 747
1151 808 979
979 808 1151
808 979 1151
919 932 981
932 919 981
981 919 932
30 876 1318
1318 30 876
876 30 1318
1129 106 1138
1138 106 1129
106 1129 1138
967 435 1273
435 967 1273
1273 435 967
480 178 568
178 480 568
568 178 480
