8234 5652 7689
5652 7689 8234
7689 5652 8234
13564 1215 1556
1556 1215 13564
1215 1556 13564
13066 2974 9020
9020 2974 13066
2974 9020 13066
10941 3232 14736
14736 3232 10941
3232 10941 14736
5401 9597 14808
9597 5401 14808
14808 5401 9597
12884 7625 12737
12737 7625 12884
7625 12737 12884
2059 9956 10775
10775 2059 9956
9956 2059 10775
7468 10453 13954
10453 7468 13954
13954 7468 10453
5957 4650 9187
4650 5957 9187
9187 4650 5957
6687 11880 12847
12847 6687 11880
11880 6687 12847
2994 3721 5954
3721 2994 5954
5954 2994 3721
12980 6144 8628
6144 8628 12980
8628 6144 12980
13058 654 7384
654 7384 13058
7384 654 13058
11458 1540 8333
8333 1540 11458
1540 8333 11458
12467 3822 9669
9669 3822 12467
3822 9669 12467
4382 3583 12871
12871 3583 4382
3583 4382 12871
10815 1961 4862
1961 4862 10815
4862 1961 10815
10197 6148 13313
13313 6148 10197
6148 10197 13313
6540 7749 7907
7749 6540 7907
7907 6540 7749
1427 7666 10833
7666 1427 10833
10833 1427 7666
919 1696 7011
1696 919 7011
7011 919 1696
1606 488 5830
5830 488 1606
488 1606 5830
6222 6039 13596
6039 6222 13596
13596 6039 6222
8449 1190 8076
1190 8076 8449
8076 1190 8449
1279 757 11495
757 1279 11495
11495 757 1279
8543 2429 9609
9609 2429 8543
2429 8543 9609
8641 2468 12895
2468 8641 12895
12895 2468 8641
9993 2504 4155
4155 2504 9993
2504 4155 9993
14037 10954 14428
10954 14037 14428
14428 10954 14037
6092 8730 8961
8961 6092 8730
8730 6092 8961
6190 1481 3981
3981 1481 6190
1481 3981 6190
12578 8050 12902
12902 8050 12578
8050 12578 12902
341 1445 11176
11176 341 1445
1445 341 11176
9676 4581 5794
5794 4581 9676
4581 5794 9676
7166 6708 8006
6708 7166 8006
8006 6708 7166
14025 392 6333
6333 392 14025
392 6333 14025
10642 5042 14879
14879 5042 10642
5042 10642 14879
10487 6680 8117
8117 6680 10487
6680 8117 10487
9222 14791 14923
14923 9222 14791
14791 9222 14923
13407 6610 10927
6610 10927 13407
10927 6610 13407
14836 7932 8349
7932 8349 14836
8349 7932 14836
8131 8860 12916
12916 8131 8860
8860 8131 12916
12175 1957 3837
3837 1957 12175
1957 3837 12175
5883 387 6822
387 5883 6822
6822 387 5883
6219 4248 11590
4248 6219 11590
11590 4248 6219
8097 2943 8144
2943 8097 8144
8144 2943 8097
6304 1601 12159
1601 6304 12159
12159 1601 6304
6237 937 3333
3333 937 6237
937 3333 6237
777 5512 7514
7514 777 5512
5512 777 7514
4603 2595 2704
2704 2595 4603
2595 2704 4603
11261 6846 10321
6846 10321 11261
10321 6846 11261
828 412 13197
412 828 13197
13197 412 828
7070 900 2104
900 2104 7070
2104 900 7070
2278 3182 10986
10986 2278 3182
3182 2278 10986
11142 3795 12390
3795 11142 12390
12390 3795 11142
10152 674 7431
674 7431 10152
7431 674 10152
12589 9115 13887
13887 9115 12589
9115 12589 13887
9440 6277 9485
6277 9440 9485
9485 6277 9440
12346 3114 13667
3114 12346 13667
13667 3114 12346
3310 7368 12195
12195 3310 7368
7368 3310 12195
12517 3628 10876
3628 10876 12517
10876 3628 12517
8473 6108 12712
12712 6108 8473
6108 8473 12712
6102 782 10992
10992 782 6102
782 6102 10992
6220 1555 2275
2275 1555 6220
1555 2275 6220
10593 3219 5374
5374 3219 10593
3219 5374 10593
12652 4853 6210
6210 4853 12652
4853 6210 12652
11037 6578 8077
8077 6578 11037
6578 8077 11037
13966 875 5959
875 5959 13966
5959 875 13966
1766 4649 9468
4649 1766 9468
9468 1766 4649
13700 2102 11721
11721 2102 13700
2102 11721 13700
5563 2223 11422
11422 2223 5563
2223 5563 11422
3944 2248 12706
2248 3944 12706
12706 2248 3944
1545 3562 8417
3562 1545 8417
8417 1545 3562
7235 7323 13220
7323 7235 13220
13220 7235 7323
10011 7338 10349
7338 10011 10349
10349 7338 10011
3458 6628 8888
6628 3458 8888
8888 3458 6628
13822 4200 7195
4200 7195 13822
7195 4200 13822
10732 979 6479
6479 979 10732
979 6479 10732
12394 4442 13295
4442 12394 13295
13295 4442 12394
4528 292 3193
292 3193 4528
3193 292 4528
5960 10686 12859
10686 5960 12859
12859 5960 10686
13720 8420 14667
8420 13720 14667
14667 8420 13720
12930 7524 12109
7524 12109 12930
12109 7524 12930
4204 8886 11332
8886 4204 11332
11332 4204 8886
12665 14248 14933
14933 12665 14248
14248 12665 14933
5233 8148 11283
11283 5233 8148
8148 5233 11283
4815 1951 3326
1951 3326 4815
3326 1951 4815
713 6312 14889
6312 713 14889
14889 713 6312
8736 2519 14824
2519 8736 14824
14824 2519 8736
14359 6919 14838
14838 6919 14359
6919 14359 14838
9647 1139 4392
1139 4392 9647
4392 1139 9647
1875 2751 6481
6481 1875 2751
2751 1875 6481
9449 4769 8469
8469 4769 9449
4769 8469 9449
6851 1401 14745
14745 1401 6851
1401 6851 14745
1342 551 7688
551 1342 7688
7688 551 1342
11556 5117 11630
5117 11556 11630
11630 5117 11556
1822 7554 10699
10699 1822 7554
7554 1822 10699
2614 736 6337
736 2614 6337
6337 736 2614
8405 1927 9259
9259 1927 8405
1927 8405 9259
1569 4427 8592
8592 1569 4427
4427 1569 8592
7286 2501 9785
9785 2501 7286
2501 7286 9785
3457 2698 14674
14674 2698 3457
2698 3457 14674
5939 9599 14665
14665 5939 9599
9599 5939 14665
659 8534 11468
11468 659 8534
8534 659 11468
1924 2576 9542
2576 1924 9542
9542 1924 2576
3280 3238 10232
3238 3280 10232
10232 3238 3280
7062 3295 8186
8186 3295 7062
3295 7062 8186
9098 5043 13459
5043 9098 13459
13459 5043 9098
1142 5438 9540
5438 1142 9540
9540 1142 5438
6524 3608 8797
3608 6524 8797
8797 3608 6524
8064 1394 11137
11137 1394 8064
1394 8064 11137
3715 6323 7453
6323 3715 7453
7453 3715 6323
1764 4672 10812
10812 1764 4672
4672 1764 10812
12406 3466 13862
3466 12406 13862
13862 3466 12406
3663 6753 10885
6753 3663 10885
10885 3663 6753
10746 7809 13494
13494 7809 10746
7809 10746 13494
9 7201 9859
9859 9 7201
7201 9 9859
8818 212 1952
1952 212 8818
212 1952 8818
11496 4423 10644
10644 4423 11496
4423 10644 11496
3492 183 610
610 183 3492
183 610 3492
8891 6177 14097
14097 6177 8891
6177 8891 14097
10828 1267 12705
1267 10828 12705
12705 1267 10828
5525 3924 14957
14957 3924 5525
3924 5525 14957
14755 5475 12492
5475 12492 14755
12492 5475 14755
4658 2517 4430
4430 2517 4658
2517 4430 4658
4751 7488 10391
7488 4751 10391
10391 4751 7488
14277 2748 12245
12245 2748 14277
2748 12245 14277
9829 6475 10711
6475 9829 10711
10711 6475 9829
8758 8196 10013
10013 8196 8758
8196 8758 10013
10072 5377 14166
14166 5377 10072
5377 10072 14166
13583 3674 5604
3674 5604 13583
5604 3674 13583
6671 424 1742
424 1742 6671
1742 424 6671
4980 3175 3217
3175 3217 4980
3217 3175 4980
13182 5006 5118
5006 5118 13182
5118 5006 13182
5185 1292 12479
1292 5185 12479
12479 1292 5185
6431 10160 13859
13859 6431 10160
10160 6431 13859
73 9389 14846
9389 73 14846
14846 73 9389
2280 4507 11642
11642 2280 4507
4507 2280 11642
1771 2471 3223
2471 1771 3223
3223 1771 2471
11193 1488 4328
1488 4328 11193
4328 1488 11193
8737 6589 6650
6650 6589 8737
6589 6650 8737
1260 6002 12007
12007 1260 6002
6002 1260 12007
11612 2096 6873
2096 6873 11612
6873 2096 11612
13356 5913 14645
14645 5913 13356
5913 13356 14645
14799 3652 13382
3652 13382 14799
13382 3652 14799
279 1060 7669
7669 279 1060
1060 279 7669
14416 2809 12886
12886 2809 14416
2809 12886 14416
11634 5505 9585
5505 9585 11634
9585 5505 11634
11706 7272 9881
7272 9881 11706
9881 7272 11706
4179 3050 4233
3050 4179 4233
4233 3050 4179
7766 951 5387
5387 951 7766
951 5387 7766
6823 176 13007
13007 176 6823
176 6823 13007
13970 2093 7590
7590 2093 13970
2093 7590 13970
9879 5790 6896
6896 5790 9879
5790 6896 9879
2401 239 13010
13010 239 2401
239 2401 13010
9041 8987 13113
8987 9041 13113
13113 8987 9041
142 64 11505
11505 64 142
64 142 11505
7526 5408 9742
9742 5408 7526
5408 7526 9742
2235 7802 14032
7802 2235 14032
14032 2235 7802
9200 5033 8009
8009 5033 9200
5033 8009 9200
1868 4504 4651
4504 1868 4651
4651 1868 4504
9680 4730 5196
5196 4730 9680
4730 5196 9680
7807 12199 12298
12199 7807 12298
12298 7807 12199
5279 88 7990
88 5279 7990
7990 88 5279
498 2531 4321
4321 498 2531
2531 498 4321
3951 4003 11100
4003 3951 11100
11100 3951 4003
5825 3316 11889
11889 3316 5825
3316 5825 11889
14095 8203 11988
11988 8203 14095
8203 11988 14095
1189 165 5674
165 1189 5674
5674 165 1189
11838 6426 14777
6426 11838 14777
14777 6426 11838
13154 11457 12225
12225 11457 13154
11457 12225 13154
10439 2222 5690
5690 2222 10439
2222 5690 10439
6467 1218 14015
1218 6467 14015
14015 1218 6467
2249 2584 7122
2584 2249 7122
7122 2249 2584
5022 7493 13424
13424 5022 7493
7493 5022 13424
12614 5240 8575
5240 8575 12614
8575 5240 12614
8399 1343 5603
5603 1343 8399
1343 5603 8399
2944 587 12955
587 2944 12955
12955 587 2944
1651 5257 7711
5257 1651 7711
7711 1651 5257
3973 6159 7120
6159 3973 7120
7120 3973 6159
3377 1811 7052
7052 1811 3377
1811 3377 7052
7897 11062 12128
11062 7897 12128
12128 7897 11062
12038 2733 12200
2733 12038 12200
12200 2733 12038
14167 8822 14078
14078 8822 14167
8822 14078 14167
9714 4201 4948
4201 4948 9714
4948 4201 9714
9227 4180 8160
8160 4180 9227
4180 8160 9227
11141 512 10648
10648 512 11141
512 10648 11141
13126 2771 5363
5363 2771 13126
2771 5363 13126
861 4293 10212
4293 861 10212
10212 861 4293
14387 4300 6300
6300 4300 14387
4300 6300 14387
14420 6359 8470
8470 6359 14420
6359 8470 14420
13549 10312 14229
14229 10312 13549
10312 13549 14229
13103 7619 12379
12379 7619 13103
7619 12379 13103
4339 3702 7728
3702 4339 7728
7728 3702 4339
1062 6327 10683
10683 1062 6327
6327 1062 10683
4923 6826 14626
6826 4923 14626
14626 4923 6826
13555 410 13198
410 13198 13555
13198 410 13555
11654 3252 10203
3252 10203 11654
10203 3252 11654
7632 4316 14175
4316 7632 14175
14175 4316 7632
9919 6125 6645
6125 6645 9919
6645 6125 9919
10314 7148 8136
8136 7148 10314
7148 8136 10314
7292 958 13271
958 7292 13271
13271 958 7292
1048 8519 13542
13542 1048 8519
8519 1048 13542
2038 10523 14019
14019 2038 10523
10523 2038 14019
7161 1348 9429
1348 7161 9429
9429 1348 7161
9937 2330 14038
2330 9937 14038
14038 2330 9937
9562 6474 12885
6474 9562 12885
12885 6474 9562
14751 462 11271
11271 462 14751
462 11271 14751
2068 5986 11092
11092 2068 5986
5986 2068 11092
2410 7290 14322
7290 2410 14322
14322 2410 7290
14363 203 3155
203 3155 14363
3155 203 14363
10858 8967 10901
8967 10858 10901
10901 8967 10858
7651 1449 4995
4995 1449 7651
1449 4995 7651
6197 5596 5921
5921 5596 6197
5596 5921 6197
11479 8810 13558
8810 11479 13558
13558 8810 11479
1913 7279 9078
9078 1913 7279
7279 1913 9078
7963 2155 11108
11108 2155 7963
2155 7963 11108
13672 10571 11867
10571 11867 13672
11867 10571 13672
8620 5522 9052
5522 8620 9052
9052 5522 8620
14633 2082 7324
2082 7324 14633
7324 2082 14633
4416 5494 6586
6586 4416 5494
5494 4416 6586
9983 258 10641
258 9983 10641
10641 258 9983
3657 8464 12004
12004 3657 8464
8464 3657 12004
3777 12714 12819
12714 3777 12819
12819 3777 12714
9180 10813 14535
10813 9180 14535
14535 9180 10813
2995 405 549
405 549 2995
549 405 2995
4151 357 6339
6339 357 4151
357 4151 6339
4284 11511 13902
13902 4284 11511
11511 4284 13902
2533 6160 8747
8747 2533 6160
6160 2533 8747
6214 10054 10931
10931 6214 10054
10054 6214 10931
2970 2657 9656
2657 2970 9656
9656 2657 2970
3519 2279 5786
2279 3519 5786
5786 2279 3519
11685 3383 7529
7529 3383 11685
3383 7529 11685
14597 3081 5104
5104 3081 14597
3081 5104 14597
10897 10238 11841
11841 10238 10897
10238 10897 11841
2569 10278 11488
10278 2569 11488
11488 2569 10278
4437 6255 9340
6255 4437 9340
9340 4437 6255
14882 5161 14865
5161 14865 14882
14865 5161 14882
7300 5076 11340
5076 7300 11340
11340 5076 7300
6449 3958 12562
3958 6449 12562
12562 3958 6449
5689 3076 3796
3796 3076 5689
3076 3796 5689
12770 12286 12618
12286 12618 12770
12618 12286 12770
12662 4580 7410
7410 4580 12662
4580 7410 12662
12691 7230 13288
13288 7230 12691
7230 12691 13288
14263 2472 13774
13774 2472 14263
2472 13774 14263
9509 4626 14136
14136 4626 9509
4626 9509 14136
14242 9858 11124
11124 9858 14242
9858 11124 14242
1805 11860 13565
13565 1805 11860
11860 1805 13565
2404 7888 12481
12481 2404 7888
7888 2404 12481
14173 618 11344
618 11344 14173
11344 618 14173
8740 10449 13232
13232 8740 10449
10449 8740 13232
10740 4016 5758
4016 5758 10740
5758 4016 10740
12296 6785 8044
8044 6785 12296
6785 8044 12296
2247 5166 12893
5166 2247 12893
12893 2247 5166
9984 12378 12430
12378 9984 12430
12430 9984 12378
5888 2127 6476
6476 2127 5888
2127 5888 6476
10808 4013 8763
4013 8763 10808
8763 4013 10808
3095 6444 11875
11875 3095 6444
6444 3095 11875
453 248 2022
2022 248 453
248 453 2022
102 50 6900
6900 50 102
50 102 6900
9122 2100 10865
2100 9122 10865
10865 2100 9122
1829 11606 14591
11606 1829 14591
14591 1829 11606
6229 7108 8184
7108 6229 8184
8184 6229 7108
6800 8189 11846
8189 6800 11846
11846 6800 8189
14639 13416 14041
14041 13416 14639
13416 14041 14639
1329 2768 3521
2768 1329 3521
3521 1329 2768
1236 3257 11159
3257 1236 11159
11159 1236 3257
7998 465 7682
465 7682 7998
7682 465 7998
8204 4964 8584
4964 8204 8584
8584 4964 8204
3370 3204 13866
13866 3204 3370
3204 3370 13866
9156 854 9044
9044 854 9156
854 9044 9156
4259 5075 7211
7211 4259 5075
5075 4259 7211
509 1976 9497
9497 509 1976
1976 509 9497
6264 4587 9874
9874 4587 6264
4587 6264 9874
6100 9998 10751
9998 6100 10751
10751 6100 9998
12775 242 6495
242 6495 12775
6495 242 12775
13056 5696 8949
8949 5696 13056
5696 8949 13056
13536 2349 10560
10560 2349 13536
2349 10560 13536
11829 12448 12949
12448 11829 12949
12949 11829 12448
6352 1518 6740
6740 1518 6352
1518 6352 6740
6272 438 6149
438 6149 6272
6149 438 6272
1982 7420 8438
8438 1982 7420
7420 1982 8438
6051 13998 14053
13998 6051 14053
14053 6051 13998
11711 4912 13738
4912 11711 13738
13738 4912 11711
13320 2311 7000
2311 7000 13320
7000 2311 13320
3598 3873 11257
3873 3598 11257
11257 3598 3873
2918 6427 9061
9061 2918 6427
6427 2918 9061
11720 4837 5204
5204 4837 11720
4837 5204 11720
13779 170 8760
8760 170 13779
170 8760 13779
2400 8936 14258
8936 2400 14258
14258 2400 8936
10259 841 4583
841 4583 10259
4583 841 10259
668 10614 14956
10614 668 14956
14956 668 10614
12447 11474 11724
11474 11724 12447
11724 11474 12447
11750 6331 8090
6331 8090 11750
8090 6331 11750
5800 2373 4481
2373 4481 5800
4481 2373 5800
10589 2064 13342
13342 2064 10589
2064 10589 13342
11993 4466 5229
4466 5229 11993
5229 4466 11993
9531 5733 7243
5733 7243 9531
7243 5733 9531
6542 2456 4479
4479 2456 6542
2456 4479 6542
5311 5824 13793
13793 5311 5824
5824 5311 13793
2597 158 11844
158 2597 11844
11844 158 2597
5535 1816 2300
2300 1816 5535
1816 2300 5535
8102 9045 12503
9045 8102 12503
12503 8102 9045
4950 8061 9405
9405 4950 8061
8061 4950 9405
2156 3444 3599
3599 2156 3444
3444 2156 3599
14547 9329 12260
9329 12260 14547
12260 9329 14547
4614 3478 11591
11591 3478 4614
3478 4614 11591
9735 1538 11577
1538 9735 11577
11577 1538 9735
8887 738 7542
738 7542 8887
7542 738 8887
11178 3607 10137
10137 3607 11178
3607 10137 11178
12002 3128 6172
6172 3128 12002
3128 6172 12002
8558 496 12320
496 8558 12320
12320 496 8558
4355 1610 2262
2262 1610 4355
1610 2262 4355
14526 5606 13188
5606 13188 14526
13188 5606 14526
1409 6167 12361
6167 1409 12361
12361 1409 6167
2905 4930 11646
11646 2905 4930
4930 2905 11646
3339 1314 6718
6718 1314 3339
1314 3339 6718
14766 7192 8244
8244 7192 14766
7192 8244 14766
6458 1557 3748
1557 3748 6458
3748 1557 6458
3195 9100 11353
9100 3195 11353
11353 3195 9100
13159 320 1491
1491 320 13159
320 1491 13159
8345 199 13109
199 8345 13109
13109 199 8345
7337 10350 10823
10823 7337 10350
10350 7337 10823
3004 4559 6419
6419 3004 4559
4559 3004 6419
8642 543 10281
543 8642 10281
10281 543 8642
4663 117 7288
7288 117 4663
117 4663 7288
6528 11680 13253
11680 6528 13253
13253 6528 11680
1464 1403 5774
1403 1464 5774
5774 1403 1464
9414 4999 13139
13139 4999 9414
4999 9414 13139
7164 5707 8691
5707 7164 8691
8691 5707 7164
7891 7814 8031
7814 7891 8031
8031 7814 7891
4981 10532 12945
10532 4981 12945
12945 4981 10532
14200 12967 13878
12967 13878 14200
13878 12967 14200
2154 3436 12920
3436 2154 12920
12920 2154 3436
1633 8446 11222
8446 1633 11222
11222 1633 8446
5187 7849 14460
14460 5187 7849
7849 5187 14460
4922 7098 7200
7200 4922 7098
7098 4922 7200
6651 10583 11956
11956 6651 10583
10583 6651 11956
3499 2236 7933
2236 3499 7933
7933 2236 3499
9629 5184 6733
5184 6733 9629
6733 5184 9629
5480 1383 11968
1383 5480 11968
11968 1383 5480
1290 669 7694
669 1290 7694
7694 669 1290
3317 626 9991
626 3317 9991
9991 626 3317
11276 11260 11909
11909 11260 11276
11260 11276 11909
8825 9436 13137
13137 8825 9436
9436 8825 13137
11975 10004 10470
10004 10470 11975
10470 10004 11975
9290 9373 13983
9373 9290 13983
13983 9290 9373
9112 310 3669
310 3669 9112
3669 310 9112
7798 3756 9968
9968 3756 7798
3756 7798 9968
8579 1688 12947
12947 1688 8579
1688 8579 12947
5720 10052 11788
10052 5720 11788
11788 5720 10052
198 2492 6761
6761 198 2492
2492 198 6761
5073 2384 10538
2384 5073 10538
10538 2384 5073
2725 12236 13404
12236 2725 13404
13404 2725 12236
12488 2593 3123
3123 2593 12488
2593 3123 12488
1630 730 13332
730 1630 13332
13332 730 1630
5392 5664 13442
13442 5392 5664
5664 5392 13442
11656 1428 2886
2886 1428 11656
1428 2886 11656
12833 1118 1230
1118 1230 12833
1230 1118 12833
9216 1583 6213
1583 6213 9216
6213 1583 9216
8950 6855 12025
6855 8950 12025
12025 6855 8950
2693 6048 7847
6048 2693 7847
7847 2693 6048
11185 5318 6361
6361 5318 11185
5318 6361 11185
2383 3534 7077
3534 2383 7077
7077 2383 3534
3591 6134 14392
6134 3591 14392
14392 3591 6134
1115 4929 6375
4929 1115 6375
6375 1115 4929
4668 2170 8480
8480 2170 4668
2170 4668 8480
9686 2105 14426
2105 9686 14426
14426 2105 9686
14807 8309 14677
14677 8309 14807
8309 14677 14807
580 8965 9088
8965 580 9088
9088 580 8965
11592 10185 10900
10900 10185 11592
10185 10900 11592
8063 6646 12126
12126 6646 8063
6646 8063 12126
3520 5472 7443
5472 3520 7443
7443 3520 5472
7014 1745 12514
1745 7014 12514
12514 1745 7014
1992 167 3742
167 1992 3742
3742 167 1992
105 5899 14676
14676 105 5899
5899 105 14676
13762 7752 8377
8377 7752 13762
7752 8377 13762
7150 12761 14122
14122 7150 12761
12761 7150 14122
14118 3513 5666
5666 3513 14118
3513 5666 14118
7547 4329 11184
4329 7547 11184
11184 4329 7547
5323 1205 8389
8389 1205 5323
1205 5323 8389
14940 4361 6875
6875 4361 14940
4361 6875 14940
7498 9491 10964
9491 7498 10964
10964 7498 9491
4802 8419 12391
8419 4802 12391
12391 4802 8419
4196 7339 14360
14360 4196 7339
7339 4196 14360
1564 6417 11460
6417 1564 11460
11460 1564 6417
8859 2254 12521
2254 8859 12521
12521 2254 8859
390 1783 10946
1783 390 10946
10946 390 1783
8353 3070 12709
12709 3070 8353
3070 8353 12709
1730 4536 13901
4536 1730 13901
13901 1730 4536
918 1736 8336
1736 918 8336
8336 918 1736
3105 9333 9922
9922 3105 9333
9333 3105 9922
12537 712 12035
12035 712 12537
712 12035 12537
6575 10108 12393
12393 6575 10108
10108 6575 12393
13698 7659 7818
7659 7818 13698
7818 7659 13698
8362 2014 9570
2014 8362 9570
9570 2014 8362
9050 1653 14687
1653 9050 14687
14687 1653 9050
10707 1455 9891
9891 1455 10707
1455 9891 10707
5728 5339 10434
10434 5339 5728
5339 5728 10434
12927 5493 14308
14308 5493 12927
5493 12927 14308
8114 1750 3353
3353 1750 8114
1750 3353 8114
2787 3360 12964
12964 2787 3360
3360 2787 12964
12605 9545 12510
9545 12510 12605
12510 9545 12605
8684 10099 12702
12702 8684 10099
10099 8684 12702
1469 1542 13546
13546 1469 1542
1542 1469 13546
12620 8036 8593
8593 8036 12620
8036 8593 12620
2632 2329 6118
2329 2632 6118
6118 2329 2632
14608 7996 10234
10234 7996 14608
7996 10234 14608
13821 1894 7111
7111 1894 13821
1894 7111 13821
8567 1235 13750
1235 8567 13750
13750 1235 8567
7484 3847 9302
3847 7484 9302
9302 3847 7484
6705 822 12218
822 6705 12218
12218 822 6705
7213 5119 6935
6935 5119 7213
5119 6935 7213
8971 1711 10982
10982 1711 8971
1711 8971 10982
824 8471 11356
11356 824 8471
8471 824 11356
5613 1144 5684
1144 5613 5684
5684 1144 5613
10227 7620 7837
7620 7837 10227
7837 7620 10227
10929 2302 7278
2302 7278 10929
7278 2302 10929
5225 1221 5368
5368 1221 5225
1221 5225 5368
10657 2395 6941
2395 6941 10657
6941 2395 10657
9229 1621 9446
9446 1621 9229
1621 9229 9446
9124 5129 8663
5129 8663 9124
8663 5129 9124
1298 2502 6009
2502 1298 6009
6009 1298 2502
791 3031 12654
3031 791 12654
12654 791 3031
13217 3286 5053
3286 5053 13217
5053 3286 13217
12161 996 10375
996 10375 12161
10375 996 12161
14812 9889 11710
11710 9889 14812
9889 11710 14812
1167 3037 5463
5463 1167 3037
3037 1167 5463
8994 7277 9805
9805 7277 8994
7277 8994 9805
5260 4109 6198
6198 4109 5260
4109 5260 6198
12746 2863 9476
9476 2863 12746
2863 9476 12746
9108 6867 8354
6867 8354 9108
8354 6867 9108
5586 11483 11840
11483 5586 11840
11840 5586 11483
11050 858 5341
5341 858 11050
858 5341 11050
13533 9300 14583
14583 9300 13533
9300 13533 14583
6615 3408 9363
3408 6615 9363
9363 3408 6615
2543 33 7594
7594 33 2543
33 2543 7594
7258 10 4924
10 4924 7258
4924 10 7258
14369 2539 4018
2539 4018 14369
4018 2539 14369
13098 1091 1769
1091 1769 13098
1769 1091 13098
3825 899 14137
14137 899 3825
899 3825 14137
12156 335 14553
14553 335 12156
335 12156 14553
1099 902 14405
14405 902 1099
902 1099 14405
4425 5860 11195
11195 4425 5860
5860 4425 11195
10778 646 12659
12659 646 10778
646 10778 12659
865 1777 4600
1777 865 4600
4600 865 1777
4039 11647 12011
11647 4039 12011
12011 4039 11647
2889 2990 3770
2990 2889 3770
3770 2889 2990
10708 6430 14054
6430 10708 14054
14054 6430 10708
10853 2839 2850
2839 2850 10853
2850 2839 10853
13979 1862 4362
4362 1862 13979
1862 4362 13979
12811 664 14914
664 12811 14914
14914 664 12811
5693 1411 4763
1411 4763 5693
4763 1411 5693
6280 6627 12606
12606 6280 6627
6627 6280 12606
10843 1379 4611
4611 1379 10843
1379 4611 10843
10489 8269 14915
8269 10489 14915
14915 8269 10489
1265 7647 14216
7647 1265 14216
14216 1265 7647
8239 7128 11565
11565 7128 8239
7128 8239 11565
2973 5967 6743
5967 2973 6743
6743 2973 5967
11070 9824 12862
12862 9824 11070
9824 11070 12862
9368 4393 7355
4393 7355 9368
7355 4393 9368
2005 2061 6686
2061 2005 6686
6686 2005 2061
12414 4064 9199
9199 4064 12414
4064 9199 12414
1563 6136 9700
9700 1563 6136
6136 1563 9700
3935 153 2120
153 2120 3935
2120 153 3935
6384 2316 2391
2391 2316 6384
2316 2391 6384
10654 1114 12380
1114 10654 12380
12380 1114 10654
6890 8664 13377
8664 6890 13377
13377 6890 8664
6434 1546 14845
14845 1546 6434
1546 6434 14845
4777 8864 11607
8864 4777 11607
11607 4777 8864
9278 1807 10085
10085 1807 9278
1807 9278 10085
331 4142 10341
4142 331 10341
10341 331 4142
10008 3481 13711
13711 3481 10008
3481 10008 13711
5484 9381 11461
9381 5484 11461
11461 5484 9381
1939 9674 14243
14243 1939 9674
9674 1939 14243
11742 2366 7936
2366 7936 11742
7936 2366 11742
14562 4842 6408
4842 6408 14562
6408 4842 14562
2187 3650 10111
10111 2187 3650
3650 2187 10111
7593 9979 14632
9979 7593 14632
14632 7593 9979
2204 9801 12384
9801 2204 12384
12384 2204 9801
7172 4056 9123
4056 7172 9123
9123 4056 7172
7100 96 5140
5140 96 7100
96 5140 7100
8676 7335 8127
8127 7335 8676
7335 8127 8676
1597 499 4207
4207 499 1597
499 1597 4207
11825 8023 11469
11469 8023 11825
8023 11469 11825
5297 12194 13930
12194 5297 13930
13930 5297 12194
14694 4390 7857
4390 7857 14694
7857 4390 14694
9231 1041 11744
1041 9231 11744
11744 1041 9231
5228 262 8679
8679 262 5228
262 5228 8679
11936 100 1070
1070 100 11936
100 1070 11936
7835 2814 14941
2814 7835 14941
14941 2814 7835
4194 2940 7512
7512 2940 4194
2940 4194 7512
5885 2251 5209
2251 5209 5885
5209 2251 5885
2986 2550 5553
2550 2986 5553
5553 2550 2986
13882 2390 6771
6771 2390 13882
2390 6771 13882
11017 4955 13847
4955 11017 13847
13847 4955 11017
13652 57 4866
4866 57 13652
57 4866 13652
9082 2359 7521
2359 7521 9082
7521 2359 9082
7086 3774 14481
3774 7086 14481
14481 3774 7086
12306 1560 7966
1560 7966 12306
7966 1560 12306
7737 7429 7938
7429 7737 7938
7938 7429 7737
8402 694 9000
694 8402 9000
9000 694 8402
10159 7746 11060
7746 10159 11060
11060 7746 10159
5803 4229 7523
7523 4229 5803
4229 5803 7523
12079 3911 9081
9081 3911 12079
3911 9081 12079
6298 4871 10816
4871 6298 10816
10816 4871 6298
5764 6722 12917
6722 5764 12917
12917 5764 6722
9577 3850 5090
5090 3850 9577
3850 5090 9577
10680 1701 10965
1701 10680 10965
10965 1701 10680
1485 5745 12317
5745 1485 12317
12317 1485 5745
2652 3806 6435
6435 2652 3806
3806 2652 6435
5283 6088 7287
6088 5283 7287
7287 5283 6088
12700 1458 5930
5930 1458 12700
1458 5930 12700
10235 1850 8460
1850 8460 10235
8460 1850 10235
11892 5331 12981
12981 5331 11892
5331 11892 12981
8040 13876 14064
14064 8040 13876
13876 8040 14064
13540 1703 13581
13581 1703 13540
1703 13540 13581
1839 5054 5938
5054 1839 5938
5938 1839 5054
7051 6404 9942
9942 6404 7051
6404 7051 9942
9866 974 9640
974 9640 9866
9640 974 9866
11213 3015 7345
7345 3015 11213
3015 7345 11213
13468 1330 11801
11801 1330 13468
1330 11801 13468
8187 4630 13178
13178 4630 8187
4630 8187 13178
11932 4174 5431
5431 4174 11932
4174 5431 11932
3235 2232 10267
10267 2232 3235
2232 3235 10267
5859 1942 6862
6862 1942 5859
1942 5859 6862
4491 10002 11373
10002 4491 11373
11373 4491 10002
5350 6507 10029
10029 5350 6507
6507 5350 10029
10432 7827 11119
7827 10432 11119
11119 7827 10432
7344 8208 14615
14615 7344 8208
8208 7344 14615
2159 12978 14476
12978 2159 14476
14476 2159 12978
12130 6670 12814
6670 12130 12814
12814 6670 12130
9559 725 13063
725 9559 13063
13063 725 9559
2804 3340 11929
3340 2804 11929
11929 2804 3340
5946 3753 8856
8856 3753 5946
3753 5946 8856
12213 4178 11071
4178 11071 12213
11071 4178 12213
9104 1388 6181
1388 6181 9104
6181 1388 9104
1108 4060 7600
7600 1108 4060
4060 1108 7600
2781 5971 14424
14424 2781 5971
5971 2781 14424
6320 3923 10629
3923 6320 10629
10629 3923 6320
4813 4604 7004
4604 4813 7004
7004 4604 4813
10542 925 9133
925 9133 10542
9133 925 10542
6522 1229 12977
12977 1229 6522
1229 6522 12977
14382 13167 13465
13167 13465 14382
13465 13167 14382
13257 6325 13345
6325 13257 13345
13345 6325 13257
2431 3769 3879
3769 2431 3879
3879 2431 3769
11729 6397 7002
7002 6397 11729
6397 7002 11729
6986 8058 9905
8058 6986 9905
9905 6986 8058
10726 2208 4557
4557 2208 10726
2208 4557 10726
14823 3964 13480
3964 13480 14823
13480 3964 14823
12502 1615 11426
1615 11426 12502
11426 1615 12502
1037 10488 11781
11781 1037 10488
10488 1037 11781
7245 3399 9059
9059 3399 7245
3399 7245 9059
4272 7467 8227
8227 4272 7467
7467 4272 8227
5169 6301 8865
6301 5169 8865
8865 5169 6301
4438 5715 7528
5715 4438 7528
7528 4438 5715
10731 8021 10720
10720 8021 10731
8021 10720 10731
14921 1257 4808
4808 1257 14921
1257 4808 14921
6043 1625 3704
3704 1625 6043
1625 3704 6043
11658 254 6793
6793 254 11658
254 6793 11658
7005 5036 10142
10142 5036 7005
5036 7005 10142
9138 1969 2340
2340 1969 9138
1969 2340 9138
12848 3422 7236
7236 3422 12848
3422 7236 12848
4647 7416 14221
14221 4647 7416
7416 4647 14221
9328 6974 9717
6974 9328 9717
9717 6974 9328
7522 7031 14343
14343 7031 7522
7031 7522 14343
767 1773 9236
1773 767 9236
9236 767 1773
13175 13725 14866
14866 13175 13725
13725 13175 14866
4711 582 6330
6330 582 4711
582 4711 6330
1459 3883 5412
5412 1459 3883
3883 1459 5412
7413 3537 5757
5757 3537 7413
3537 5757 7413
5248 7076 7965
7076 5248 7965
7965 5248 7076
7994 4803 14797
4803 7994 14797
14797 4803 7994
9038 7901 13409
13409 7901 9038
7901 9038 13409
7457 12164 12354
12354 7457 12164
12164 7457 12354
5566 2625 10909
2625 5566 10909
10909 2625 5566
6911 4400 5623
5623 4400 6911
4400 5623 6911
12750 1470 4971
4971 1470 12750
1470 4971 12750
5343 993 10693
10693 993 5343
993 5343 10693
5911 6348 13134
6348 5911 13134
13134 5911 6348
623 9432 9840
9840 623 9432
9432 623 9840
3321 542 14477
14477 542 3321
542 3321 14477
2616 7118 12185
7118 2616 12185
12185 2616 7118
2479 91 374
374 91 2479
91 374 2479
7693 4631 5460
4631 5460 7693
5460 4631 7693
8532 4310 10533
10533 4310 8532
4310 8532 10533
30 8059 12825
12825 30 8059
8059 30 12825
14747 2486 13278
2486 13278 14747
13278 2486 14747
7549 8952 13689
8952 7549 13689
13689 7549 8952
10971 9978 10061
10061 9978 10971
9978 10061 10971
14149 6514 9838
9838 6514 14149
6514 9838 14149
11978 4561 9336
9336 4561 11978
4561 9336 11978
3677 5511 13433
13433 3677 5511
5511 3677 13433
2964 6103 9420
9420 2964 6103
6103 2964 9420
8168 1656 1966
1966 1656 8168
1656 1966 8168
8034 13778 14700
13778 8034 14700
14700 8034 13778
14140 7832 12165
7832 12165 14140
12165 7832 14140
12747 9211 14291
14291 9211 12747
9211 12747 14291
2555 5608 7040
7040 2555 5608
5608 2555 7040
2309 959 5933
5933 959 2309
959 2309 5933
4419 839 9194
839 4419 9194
9194 839 4419
4244 3665 7952
3665 4244 7952
7952 3665 4244
4100 2756 3450
3450 2756 4100
2756 3450 4100
10102 1065 8646
1065 8646 10102
8646 1065 10102
12112 9798 12267
9798 12112 12267
12267 9798 12112
12257 2528 8439
8439 2528 12257
2528 8439 12257
5970 3357 6747
3357 5970 6747
6747 3357 5970
13173 5056 14292
5056 13173 14292
14292 5056 13173
874 11009 12291
12291 874 11009
11009 874 12291
4637 8260 14814
14814 4637 8260
8260 4637 14814
12312 7239 8263
7239 8263 12312
8263 7239 12312
7327 364 3077
364 3077 7327
3077 364 7327
2054 5998 8525
8525 2054 5998
5998 2054 8525
7061 6345 10943
6345 7061 10943
10943 6345 7061
1501 9653 12942
9653 1501 12942
12942 1501 9653
11228 1408 3678
3678 1408 11228
1408 3678 11228
12898 11540 12879
12879 11540 12898
11540 12879 12898
14860 2295 11509
2295 11509 14860
11509 2295 14860
9775 967 8056
967 8056 9775
8056 967 9775
4441 1757 10416
1757 4441 10416
10416 1757 4441
11194 760 12944
760 11194 12944
12944 760 11194
14658 9349 10820
10820 9349 14658
9349 10820 14658
1579 3718 7508
3718 1579 7508
7508 1579 3718
1657 269 13838
13838 269 1657
269 1657 13838
9996 173 219
219 173 9996
173 219 9996
10826 729 4624
4624 729 10826
729 4624 10826
12548 2588 11763
11763 2588 12548
2588 11763 12548
11411 2405 13462
2405 11411 13462
13462 2405 11411
9372 1932 8307
8307 1932 9372
1932 8307 9372
5729 7378 7608
7608 5729 7378
7378 5729 7608
13306 13405 14886
14886 13306 13405
13405 13306 14886
2840 6654 13176
13176 2840 6654
6654 2840 13176
9298 7205 12915
12915 7205 9298
7205 9298 12915
869 6265 12219
6265 869 12219
12219 869 6265
6871 7787 7853
7787 6871 7853
7853 6871 7787
911 4721 8099
8099 911 4721
4721 911 8099
12827 2174 3688
3688 2174 12827
2174 3688 12827
7383 4625 14852
14852 4625 7383
4625 7383 14852
9467 10319 10474
10319 9467 10474
10474 9467 10319
1015 2337 12288
12288 1015 2337
2337 1015 12288
14163 1641 12724
1641 12724 14163
12724 1641 14163
813 2638 8482
8482 813 2638
2638 813 8482
2783 5926 14106
5926 2783 14106
14106 2783 5926
3546 11503 14027
11503 3546 14027
14027 3546 11503
6868 10005 13083
10005 6868 13083
13083 6868 10005
7092 11057 12191
11057 7092 12191
12191 7092 11057
2259 13072 13917
13917 2259 13072
13072 2259 13917
8158 2056 3561
3561 2056 8158
2056 3561 8158
2092 7281 9010
7281 2092 9010
9010 2092 7281
12995 2691 12355
12355 2691 12995
2691 12355 12995
10195 492 10940
492 10195 10940
10940 492 10195
1968 1735 4905
4905 1735 1968
1735 1968 4905
14117 228 14947
228 14117 14947
14947 228 14117
8918 5077 7147
7147 5077 8918
5077 7147 8918
14219 2169 3560
2169 3560 14219
3560 2169 14219
513 4048 8226
4048 513 8226
8226 513 4048
14036 9173 13268
13268 9173 14036
9173 13268 14036
4953 10089 13592
10089 4953 13592
13592 4953 10089
14354 8398 10399
8398 10399 14354
10399 8398 14354
10937 1100 8303
8303 1100 10937
1100 8303 10937
9876 11826 12367
11826 9876 12367
12367 9876 11826
4979 482 14652
14652 482 4979
482 4979 14652
6074 3745 11211
3745 6074 11211
11211 3745 6074
2760 4383 12224
12224 2760 4383
4383 2760 12224
7970 8841 9850
8841 7970 9850
9850 7970 8841
6817 1161 7948
7948 1161 6817
1161 6817 7948
8293 6695 7713
6695 7713 8293
7713 6695 8293
6763 1174 12029
12029 1174 6763
1174 6763 12029
9239 1561 14675
1561 9239 14675
14675 1561 9239
94 6217 11265
6217 94 11265
11265 94 6217
6037 2742 14084
14084 2742 6037
2742 6037 14084
4188 8161 8940
8161 4188 8940
8940 4188 8161
11761 3896 4409
4409 3896 11761
3896 4409 11761
6909 3121 10021
10021 3121 6909
3121 6909 10021
2476 6719 8713
8713 2476 6719
6719 2476 8713
947 7269 14790
7269 947 14790
14790 947 7269
13310 2650 7765
7765 2650 13310
2650 7765 13310
11890 5086 10098
10098 5086 11890
5086 10098 11890
13613 5656 14739
5656 13613 14739
14739 5656 13613
10761 4840 7130
7130 4840 10761
4840 7130 10761
2200 5636 5818
5818 2200 5636
5636 2200 5818
13305 873 10930
10930 873 13305
873 10930 13305
12506 3208 12285
3208 12285 12506
12285 3208 12506
7943 1392 4903
1392 4903 7943
4903 1392 7943
910 5996 14454
5996 910 14454
14454 910 5996
7683 10452 13823
10452 7683 13823
13823 7683 10452
7555 7283 9779
7283 7555 9779
9779 7283 7555
14485 4424 12370
12370 4424 14485
4424 12370 14485
11489 2487 4301
2487 4301 11489
4301 2487 11489
7575 8929 11079
8929 7575 11079
11079 7575 8929
7702 6140 8792
8792 6140 7702
6140 7702 8792
7189 7648 8223
7648 7189 8223
8223 7189 7648
7302 8644 14253
14253 7302 8644
8644 7302 14253
1576 4111 8948
8948 1576 4111
4111 1576 8948
8147 4108 8669
8669 4108 8147
4108 8147 8669
9165 5226 6773
5226 6773 9165
6773 5226 9165
3514 3119 4823
3119 3514 4823
4823 3119 3514
9883 4306 11808
11808 4306 9883
4306 9883 11808
10536 4484 14533
14533 4484 10536
4484 10536 14533
8712 467 5005
5005 467 8712
467 5005 8712
14270 2659 10344
10344 2659 14270
2659 10344 14270
1867 3203 8508
3203 1867 8508
8508 1867 3203
2419 3029 9012
9012 2419 3029
3029 2419 9012
4036 3000 3426
3426 3000 4036
3000 3426 4036
4082 10311 13116
13116 4082 10311
10311 4082 13116
10057 3552 9016
3552 9016 10057
9016 3552 10057
10530 673 14544
14544 673 10530
673 10530 14544
4326 781 12127
781 4326 12127
12127 781 4326
12250 6907 11054
11054 6907 12250
6907 11054 12250
3538 6035 12068
12068 3538 6035
6035 3538 12068
9553 2692 10364
10364 2692 9553
2692 9553 10364
9987 5669 11473
11473 5669 9987
5669 9987 11473
7170 6421 9657
9657 6421 7170
6421 7170 9657
9967 6038 10043
6038 9967 10043
10043 6038 9967
3358 7491 13962
13962 3358 7491
7491 3358 13962
12453 7811 14804
7811 12453 14804
14804 7811 12453
8551 6510 6516
6516 6510 8551
6510 6516 8551
11330 9773 11303
11303 9773 11330
9773 11303 11330
1603 1845 12352
12352 1603 1845
1845 1603 12352
5452 3177 7631
3177 5452 7631
7631 3177 5452
593 4291 9981
4291 593 9981
9981 593 4291
3641 7373 12556
7373 3641 12556
12556 3641 7373
2343 1162 14821
1162 2343 14821
14821 1162 2343
7069 9689 11220
11220 7069 9689
9689 7069 11220
6706 4759 14116
4759 6706 14116
14116 4759 6706
3987 10610 12803
12803 3987 10610
10610 3987 12803
3473 2189 3225
3225 2189 3473
2189 3225 3473
5680 1092 13386
13386 1092 5680
1092 5680 13386
994 5699 14803
14803 994 5699
5699 994 14803
1437 6365 9355
6365 1437 9355
9355 1437 6365
6090 6762 12581
6762 6090 12581
12581 6090 6762
6306 7013 10024
10024 6306 7013
7013 6306 10024
6997 5133 6887
5133 6887 6997
6887 5133 6997
9423 3192 7169
3192 7169 9423
7169 3192 9423
13993 4238 13638
4238 13638 13993
13638 4238 13993
6287 1146 9741
1146 6287 9741
9741 1146 6287
10609 13636 14641
13636 10609 14641
14641 10609 13636
9455 171 7358
171 7358 9455
7358 171 9455
12028 5249 13731
13731 5249 12028
5249 12028 13731
4762 7099 13084
7099 4762 13084
13084 4762 7099
11135 2277 3449
3449 2277 11135
2277 3449 11135
6734 837 6696
6696 837 6734
837 6696 6734
12093 7065 7776
7776 7065 12093
7065 7776 12093
3157 8636 14260
8636 3157 14260
14260 3157 8636
7880 1668 3134
1668 3134 7880
3134 1668 7880
3359 12131 12209
12209 3359 12131
12131 3359 12209
13934 12211 13730
12211 13730 13934
13730 12211 13934
8811 1678 12690
12690 1678 8811
1678 8811 12690
975 3930 13247
3930 975 13247
13247 975 3930
6551 1645 2289
2289 1645 6551
1645 2289 6551
6234 9353 11822
11822 6234 9353
9353 6234 11822
2566 7440 11377
11377 2566 7440
7440 2566 11377
13458 5949 8111
5949 8111 13458
8111 5949 13458
8882 5335 10671
5335 8882 10671
10671 5335 8882
10105 6153 9210
9210 6153 10105
6153 9210 10105
8594 556 1141
1141 556 8594
556 1141 8594
14961 2590 6425
2590 6425 14961
6425 2590 14961
10651 8922 14158
8922 10651 14158
14158 8922 10651
7983 533 4488
533 4488 7983
4488 533 7983
9103 516 11852
11852 516 9103
516 9103 11852
9346 2851 9962
9962 2851 9346
2851 9346 9962
6018 1679 7138
7138 1679 6018
1679 6018 7138
2070 479 14178
479 2070 14178
14178 479 2070
8380 3345 5232
5232 3345 8380
3345 5232 8380
13745 3299 9007
9007 3299 13745
3299 9007 13745
912 13141 13836
13141 912 13836
13836 912 13141
93 10367 13327
13327 93 10367
10367 93 13327
503 6690 7684
6690 503 7684
7684 503 6690
1808 9252 11976
9252 1808 11976
11976 1808 9252
77 2758 3178
3178 77 2758
2758 77 3178
1723 5040 14155
5040 1723 14155
14155 1723 5040
274 10886 14640
10886 274 14640
14640 274 10886
7430 885 5314
885 5314 7430
5314 885 7430
14725 7143 13325
7143 13325 14725
13325 7143 14725
1047 2436 7904
7904 1047 2436
2436 1047 7904
13482 9127 12319
12319 9127 13482
9127 12319 13482
7471 3418 13303
3418 7471 13303
13303 3418 7471
8266 6594 8422
8422 6594 8266
6594 8266 8422
10715 11258 14611
14611 10715 11258
11258 10715 14611
12304 3371 9699
3371 9699 12304
9699 3371 12304
6126 3051 5667
5667 3051 6126
3051 5667 6126
6080 9046 14235
9046 6080 14235
14235 6080 9046
13129 179 11197
11197 179 13129
179 11197 13129
6355 3604 6844
3604 6355 6844
6844 3604 6355
4216 4059 14009
14009 4059 4216
4059 4216 14009
10260 3950 7646
7646 3950 10260
3950 7646 10260
4917 7309 9739
9739 4917 7309
7309 4917 9739
7642 722 13060
13060 722 7642
722 7642 13060
8743 12647 14467
14467 8743 12647
12647 8743 14467
14542 4118 13006
13006 4118 14542
4118 13006 14542
10598 4153 4833
4833 4153 10598
4153 4833 10598
2728 5822 11378
5822 2728 11378
11378 2728 5822
12549 9592 12540
12540 9592 12549
9592 12540 12549
14567 2123 14256
2123 14256 14567
14256 2123 14567
6447 7640 8370
7640 6447 8370
8370 6447 7640
10677 6334 12996
12996 6334 10677
6334 10677 12996
4035 735 14351
735 4035 14351
14351 735 4035
1102 2186 4870
2186 1102 4870
4870 1102 2186
2250 3205 10374
10374 2250 3205
3205 2250 10374
7298 6293 9847
9847 6293 7298
6293 7298 9847
4044 3528 11155
11155 3528 4044
3528 4044 11155
1282 5985 13973
13973 1282 5985
5985 1282 13973
11678 4208 8051
4208 8051 11678
8051 4208 11678
14980 7094 12948
12948 7094 14980
7094 12948 14980
13455 6231 8605
6231 8605 13455
8605 6231 13455
12599 510 12205
12205 510 12599
510 12205 12599
14759 13839 14014
13839 14014 14759
14014 13839 14759
5840 9186 12708
9186 5840 12708
12708 5840 9186
265 10483 13046
13046 265 10483
10483 265 13046
2491 1482 2053
2053 1482 2491
1482 2053 2491
4327 449 6455
449 4327 6455
6455 449 4327
9975 443 632
632 443 9975
443 632 9975
5792 3588 9309
3588 5792 9309
9309 3588 5792
9549 2412 8616
8616 2412 9549
2412 8616 9549
7843 10315 10878
10878 7843 10315
10315 7843 10878
13654 1299 4635
1299 4635 13654
4635 1299 13654
1095 9435 11279
11279 1095 9435
9435 1095 11279
8895 7096 14516
7096 8895 14516
14516 7096 8895
11208 10164 10880
10164 10880 11208
10880 10164 11208
13831 12216 14634
12216 13831 14634
14634 12216 13831
14315 575 2450
2450 575 14315
575 2450 14315
9225 13372 14815
13372 9225 14815
14815 9225 13372
4706 5403 5569
5569 4706 5403
5403 4706 5569
5893 1317 12496
1317 5893 12496
12496 1317 5893
7741 3929 4517
3929 4517 7741
4517 3929 7741
13908 2116 6056
2116 6056 13908
6056 2116 13908
11893 4508 6274
4508 6274 11893
6274 4508 11893
3005 4566 9558
4566 3005 9558
9558 3005 4566
13102 10780 13133
10780 13102 13133
13133 10780 13102
2767 8069 13923
8069 2767 13923
13923 2767 8069
10545 3144 9923
9923 3144 10545
3144 9923 10545
6560 10208 10347
10208 6560 10347
10347 6560 10208
4312 7624 10162
7624 4312 10162
10162 4312 7624
4629 263 9189
9189 263 4629
263 4629 9189
13854 6546 7969
6546 7969 13854
7969 6546 13854
5402 6380 12954
6380 5402 12954
12954 5402 6380
1861 9466 11722
9466 1861 11722
11722 1861 9466
11702 8339 13186
13186 8339 11702
8339 11702 13186
14491 9952 9999
9999 9952 14491
9952 9999 14491
10502 10058 12974
10058 10502 12974
12974 10058 10502
7006 8404 8962
8962 7006 8404
8404 7006 8962
12497 9752 12845
12845 9752 12497
9752 12497 12845
9139 12831 13630
12831 9139 13630
13630 9139 12831
11588 11874 13811
13811 11588 11874
11874 11588 13811
9690 4594 9826
9826 4594 9690
4594 9690 9826
277 2454 13000
13000 277 2454
2454 277 13000
12936 14334 14706
14334 12936 14706
