90380 27104 39952
27104 39952 90380
39952 27104 90380
140662 96948 143444
96948 140662 143444
143444 96948 140662
35032 18143 72935
72935 18143 35032
18143 35032 72935
44982 123419 133813
133813 44982 123419
123419 44982 133813
96767 87287 88332
87287 88332 96767
88332 87287 96767
130664 11670 123165
123165 11670 130664
11670 123165 130664
67734 9376 117724
117724 9376 67734
9376 67734 117724
144868 9036 117279
117279 9036 144868
9036 117279 144868
60619 20257 33864
33864 20257 60619
20257 33864 60619
41570 13825 75189
75189 13825 41570
13825 41570 75189
124441 36909 37301
37301 36909 124441
36909 37301 124441
44390 104456 106959
106959 44390 104456
104456 44390 106959
75398 12652 53780
12652 53780 75398
53780 12652 75398
31000 139377 144216
139377 31000 144216
144216 31000 139377
26792 41149 142612
41149 26792 142612
142612 26792 41149
8920 84551 143540
84551 8920 143540
143540 8920 84551
12489 30958 124240
30958 12489 124240
124240 12489 30958
112793 104799 127020
127020 104799 112793
104799 112793 127020
55075 76414 103239
103239 55075 76414
76414 55075 103239
88132 34802 50201
50201 34802 88132
34802 50201 88132
13847 83844 94656
83844 13847 94656
94656 13847 83844
23159 56337 142535
142535 23159 56337
56337 23159 142535
71438 19731 38979
19731 38979 71438
38979 19731 71438
11435 11071 133530
11071 11435 133530
133530 11071 11435
143874 62808 107369
107369 62808 143874
62808 107369 143874
147942 35221 93183
93183 35221 147942
35221 93183 147942
38447 2574 123875
123875 2574 38447
2574 38447 123875
86064 50963 132242
50963 86064 132242
132242 50963 86064
117834 109639 116751
116751 109639 117834
109639 116751 117834
87898 61322 62471
62471 61322 87898
61322 62471 87898
60161 96832 122837
96832 60161 122837
122837 60161 96832
2707 43778 108937
43778 2707 108937
108937 2707 43778
110087 16911 42905
16911 42905 110087
42905 16911 110087
43569 122339 145998
145998 43569 122339
122339 43569 145998
146390 48144 108523
48144 108523 146390
108523 48144 146390
111900 10641 149622
149622 10641 111900
10641 111900 149622
23817 22257 91614
22257 23817 91614
91614 22257 23817
142038 55332 140674
55332 140674 142038
140674 55332 142038
28389 11134 132318
132318 11134 28389
11134 28389 132318
148387 644 122227
122227 644 148387
644 122227 148387
128647 38435 139063
139063 38435 128647
38435 128647 139063
65334 78968 81728
81728 65334 78968
78968 65334 81728
35946 55182 126233
126233 35946 55182
55182 35946 126233
6829 127630 145524
145524 6829 127630
127630 6829 145524
76838 927 127863
127863 927 76838
927 76838 127863
85872 42416 59224
42416 59224 85872
59224 42416 85872
118521 58965 121041
121041 58965 118521
58965 118521 121041
14029 15990 109860
15990 14029 109860
109860 14029 15990
136595 123007 139118
139118 123007 136595
123007 136595 139118
69976 79696 140776
140776 69976 79696
79696 69976 140776
33904 63042 76562
63042 33904 76562
76562 33904 63042
105288 28929 113115
113115 28929 105288
28929 105288 113115
48099 20996 114092
114092 20996 48099
20996 48099 114092
79160 12862 114263
114263 12862 79160
12862 79160 114263
15084 7949 19827
19827 7949 15084
7949 15084 19827
60335 338 25893
338 25893 60335
25893 338 60335
62773 71327 93555
71327 62773 93555
93555 62773 71327
28752 29057 56600
56600 28752 29057
29057 28752 56600
38795 81700 102883
81700 38795 102883
102883 38795 81700
30606 111494 139991
139991 30606 111494
111494 30606 139991
52062 121258 136130
121258 52062 136130
136130 52062 121258
119970 84476 107305
107305 84476 119970
84476 107305 119970
5019 21580 79775
21580 5019 79775
79775 5019 21580
62907 81268 81456
81456 62907 81268
81268 62907 81456
136515 104405 118278
104405 118278 136515
118278 104405 136515
128209 109100 124670
109100 124670 128209
124670 109100 128209
22590 103992 120298
120298 22590 103992
103992 22590 120298
21935 89480 115535
115535 21935 89480
89480 21935 115535
119836 1149 72727
1149 72727 119836
72727 1149 119836
149772 90428 127053
90428 127053 149772
127053 90428 149772
21723 76928 140437
140437 21723 76928
76928 21723 140437
129507 59532 112894
112894 59532 129507
59532 112894 129507
64189 2465 104994
104994 2465 64189
2465 64189 104994
121999 4501 63283
63283 4501 121999
4501 63283 121999
121004 1090 40945
40945 1090 121004
1090 40945 121004
52434 62810 148220
148220 52434 62810
62810 52434 148220
110141 68151 93105
93105 68151 110141
68151 93105 110141
117076 14186 79688
79688 14186 117076
14186 79688 117076
84196 35822 66312
66312 35822 84196
35822 66312 84196
76108 48723 130339
48723 76108 130339
130339 48723 76108
47435 86810 117585
86810 47435 117585
117585 47435 86810
47670 36543 58238
58238 36543 47670
36543 47670 58238
63857 28735 100882
28735 63857 100882
100882 28735 63857
115547 33548 71528
33548 71528 115547
71528 33548 115547
84499 14774 44369
44369 14774 84499
14774 44369 84499
132855 11721 91398
11721 91398 132855
91398 11721 132855
97264 146440 149480
146440 97264 149480
149480 97264 146440
132219 27352 86729
86729 27352 132219
27352 86729 132219
82884 51157 89178
51157 82884 89178
89178 51157 82884
93155 107999 109361
107999 93155 109361
109361 93155 107999
69761 10027 57520
10027 57520 69761
57520 10027 69761
125205 9146 9740
9740 9146 125205
9146 9740 125205
31289 90052 101396
90052 31289 101396
101396 31289 90052
107753 7300 33162
33162 7300 107753
7300 33162 107753
49964 84024 88134
84024 49964 88134
88134 49964 84024
5802 11296 24820
11296 5802 24820
24820 5802 11296
144480 4846 13244
4846 13244 144480
13244 4846 144480
3210 3111 43566
3111 3210 43566
43566 3111 3210
65919 91854 92465
92465 65919 91854
91854 65919 92465
5391 46457 59037
46457 5391 59037
59037 5391 46457
853 60606 137023
60606 853 137023
137023 853 60606
148956 19284 112789
19284 112789 148956
112789 19284 148956
7245 41486 113731
41486 7245 113731
113731 7245 41486
93297 38707 51831
38707 51831 93297
51831 38707 93297
40001 42950 96444
42950 40001 96444
96444 40001 42950
114904 47041 61724
47041 61724 114904
61724 47041 114904
145468 42922 80080
42922 80080 145468
80080 42922 145468
89034 36879 134596
134596 36879 89034
36879 89034 134596
88818 5370 36252
5370 36252 88818
36252 5370 88818
17745 13443 19329
19329 13443 17745
13443 17745 19329
16038 42417 72976
42417 16038 72976
72976 16038 42417
102251 116490 131843
131843 102251 116490
116490 102251 131843
45136 42343 101994
42343 45136 101994
101994 42343 45136
84625 12259 137261
12259 84625 137261
137261 12259 84625
20530 86002 86918
86002 20530 86918
86918 20530 86002
100645 38164 117415
117415 38164 100645
38164 100645 117415
148500 105621 138480
105621 138480 148500
138480 105621 148500
115361 41195 140971
140971 41195 115361
41195 115361 140971
35120 33205 86174
86174 33205 35120
33205 35120 86174
57878 51319 149472
149472 51319 57878
51319 57878 149472
90719 90271 112839
90271 90719 112839
112839 90271 90719
56562 89720 96826
89720 56562 96826
96826 56562 89720
26540 48186 137072
48186 26540 137072
137072 26540 48186
110974 2685 64672
64672 2685 110974
2685 64672 110974
67751 110234 130480
110234 67751 130480
130480 67751 110234
7553 25320 84797
84797 7553 25320
25320 7553 84797
141115 22419 65440
65440 22419 141115
22419 65440 141115
49544 22138 115746
22138 49544 115746
115746 22138 49544
30604 43064 142985
142985 30604 43064
43064 30604 142985
100311 37673 56529
56529 37673 100311
37673 56529 100311
106595 23503 42636
42636 23503 106595
23503 42636 106595
61032 102130 116850
102130 61032 116850
116850 61032 102130
38691 67382 95353
95353 38691 67382
67382 38691 95353
80939 124783 141760
124783 80939 141760
141760 80939 124783
109945 23037 42659
42659 23037 109945
23037 42659 109945
69185 38109 137303
38109 69185 137303
137303 38109 69185
46674 101720 140491
101720 46674 140491
140491 46674 101720
134031 33049 144535
144535 33049 134031
33049 134031 144535
144583 38498 75510
75510 38498 144583
38498 75510 144583
59597 54843 116427
116427 54843 59597
54843 59597 116427
128790 45098 99886
99886 45098 128790
45098 99886 128790
73987 4814 29173
29173 4814 73987
4814 29173 73987
136900 15301 98510
98510 15301 136900
15301 98510 136900
112742 28732 61330
61330 28732 112742
28732 61330 112742
105103 26765 65377
26765 65377 105103
65377 26765 105103
17458 88986 143271
88986 17458 143271
143271 17458 88986
44958 78207 106749
106749 44958 78207
78207 44958 106749
134260 49549 63629
49549 63629 134260
63629 49549 134260
3076 29798 43047
43047 3076 29798
29798 3076 43047
18021 111028 142453
142453 18021 111028
111028 18021 142453
39902 5832 26695
26695 5832 39902
5832 26695 39902
132420 65396 67135
65396 67135 132420
67135 65396 132420
4358 47172 118352
118352 4358 47172
47172 4358 118352
75322 43958 56679
56679 43958 75322
43958 56679 75322
54407 41651 138146
41651 54407 138146
138146 41651 54407
67002 15049 68388
15049 67002 68388
68388 15049 67002
45669 11083 143335
11083 45669 143335
143335 11083 45669
76363 26289 83607
26289 76363 83607
83607 26289 76363
40984 25705 147238
147238 25705 40984
25705 40984 147238
8924 30309 85948
85948 8924 30309
30309 8924 85948
132083 62156 75477
75477 62156 132083
62156 75477 132083
31899 47632 135230
47632 31899 135230
135230 31899 47632
30295 16400 42569
42569 16400 30295
16400 30295 42569
60911 22288 135656
135656 22288 60911
22288 60911 135656
148175 71177 106429
71177 106429 148175
106429 71177 148175
79032 84949 92150
84949 79032 92150
92150 79032 84949
71814 22832 29137
22832 29137 71814
29137 22832 71814
36230 18469 24783
24783 18469 36230
18469 24783 36230
81196 92611 129853
92611 81196 129853
129853 81196 92611
130829 133146 147714
133146 130829 147714
147714 130829 133146
87210 4565 65883
4565 65883 87210
65883 4565 87210
12898 11535 98976
98976 11535 12898
11535 12898 98976
11522 32186 35894
35894 11522 32186
32186 11522 35894
102684 8338 86725
8338 86725 102684
86725 8338 102684
58244 43466 87266
87266 43466 58244
43466 58244 87266
35842 44109 78112
44109 35842 78112
78112 35842 44109
71603 2720 34188
34188 2720 71603
2720 34188 71603
143246 14866 27522
14866 27522 143246
27522 14866 143246
119545 22785 90829
90829 22785 119545
22785 90829 119545
148055 3391 62928
3391 62928 148055
62928 3391 148055
59842 64243 113886
64243 59842 113886
113886 59842 64243
103853 78125 141843
78125 103853 141843
141843 78125 103853
55806 45182 54048
54048 45182 55806
45182 54048 55806
40924 69515 105884
69515 40924 105884
105884 40924 69515
119605 98328 128508
128508 98328 119605
98328 119605 128508
46796 114254 133905
114254 46796 133905
133905 46796 114254
21666 50735 124624
50735 21666 124624
124624 21666 50735
60952 11288 33007
11288 33007 60952
33007 11288 60952
116383 11828 110799
11828 110799 116383
110799 11828 116383
27423 124120 131846
124120 27423 131846
131846 27423 124120
63721 57977 120524
120524 57977 63721
57977 63721 120524
13931 55091 139283
139283 13931 55091
55091 13931 139283
44854 3438 20262
20262 3438 44854
3438 20262 44854
6683 52722 58429
52722 6683 58429
58429 6683 52722
71077 28547 92647
92647 28547 71077
28547 71077 92647
52742 32476 57807
57807 32476 52742
32476 52742 57807
34379 38462 149280
149280 34379 38462
38462 34379 149280
115136 10896 113240
10896 113240 115136
113240 10896 115136
127045 93766 123596
123596 93766 127045
93766 123596 127045
89859 32834 108562
108562 32834 89859
32834 89859 108562
108638 1872 65812
1872 65812 108638
65812 1872 108638
122499 135395 143915
143915 122499 135395
135395 122499 143915
148505 83739 89933
83739 89933 148505
89933 83739 148505
127885 41072 97913
41072 97913 127885
97913 41072 127885
31258 1565 32153
32153 1565 31258
1565 31258 32153
46214 87824 115978
87824 46214 115978
115978 46214 87824
26263 78872 128404
78872 26263 128404
128404 26263 78872
47044 83988 128085
128085 47044 83988
83988 47044 128085
79379 57686 99811
57686 79379 99811
99811 57686 79379
61651 110247 130026
110247 61651 130026
130026 61651 110247
36107 24371 39242
24371 36107 39242
39242 24371 36107
24467 1480 22755
1480 22755 24467
22755 1480 24467
39854 9922 85616
9922 39854 85616
85616 9922 39854
6632 38708 102806
38708 6632 102806
102806 6632 38708
7992 42121 56047
56047 7992 42121
42121 7992 56047
126760 16105 140276
140276 16105 126760
16105 126760 140276
118047 108261 127518
108261 118047 127518
127518 108261 118047
52227 19924 85949
19924 52227 85949
85949 19924 52227
41472 31586 45418
31586 41472 45418
45418 31586 41472
77044 3075 20600
3075 20600 77044
20600 3075 77044
543 49809 133385
133385 543 49809
49809 543 133385
58928 23405 94724
23405 58928 94724
94724 23405 58928
36489 71630 120679
71630 36489 120679
120679 36489 71630
61125 32430 135837
135837 32430 61125
32430 61125 135837
39413 66586 99806
66586 39413 99806
99806 39413 66586
141961 79973 143795
79973 141961 143795
143795 79973 141961
28193 36179 87046
36179 28193 87046
87046 28193 36179
61593 18017 80373
80373 18017 61593
18017 61593 80373
97878 103461 128362
128362 97878 103461
103461 97878 128362
84126 22399 59135
59135 22399 84126
22399 59135 84126
30738 94294 123690
123690 30738 94294
94294 30738 123690
118298 21141 23054
23054 21141 118298
21141 23054 118298
111307 35401 103505
35401 103505 111307
103505 35401 111307
102269 67 120508
120508 67 102269
67 102269 120508
51207 12726 65507
65507 12726 51207
12726 51207 65507
56299 30270 133704
30270 56299 133704
133704 30270 56299
122045 16980 71023
71023 16980 122045
16980 71023 122045
135499 58443 82882
58443 82882 135499
82882 58443 135499
90712 43946 64281
43946 64281 90712
64281 43946 90712
53058 111275 121727
121727 53058 111275
111275 53058 121727
105840 2202 116184
2202 105840 116184
116184 2202 105840
100518 86542 127490
86542 100518 127490
127490 86542 100518
27097 132982 135157
135157 27097 132982
132982 27097 135157
97252 22818 111427
22818 97252 111427
111427 22818 97252
115331 77050 105380
77050 105380 115331
105380 77050 115331
3655 38147 109882
38147 3655 109882
109882 3655 38147
78599 99478 119814
99478 78599 119814
119814 78599 99478
17416 60710 87401
87401 17416 60710
60710 17416 87401
83678 64041 85358
85358 64041 83678
64041 83678 85358
146753 72641 126907
72641 126907 146753
126907 72641 146753
5803 113518 130486
113518 5803 130486
130486 5803 113518
108737 28120 45389
28120 45389 108737
45389 28120 108737
22980 118237 146633
146633 22980 118237
118237 22980 146633
141188 56384 112559
56384 112559 141188
112559 56384 141188
137736 66383 89592
66383 89592 137736
89592 66383 137736
75918 123578 149128
123578 75918 149128
149128 75918 123578
138142 19560 75508
75508 19560 138142
19560 75508 138142
31038 147315 149912
149912 31038 147315
147315 31038 149912
62286 91 106303
91 62286 106303
106303 91 62286
119233 52224 69942
69942 52224 119233
52224 69942 119233
42902 90459 96971
90459 42902 96971
96971 42902 90459
121358 86000 90519
86000 90519 121358
90519 86000 121358
82435 111325 132975
111325 82435 132975
132975 82435 111325
118622 64924 138022
138022 64924 118622
64924 118622 138022
9505 46003 130710
46003 9505 130710
130710 9505 46003
116590 40005 78417
78417 40005 116590
40005 78417 116590
34415 200 118578
118578 200 34415
200 34415 118578
30400 94319 132336
132336 30400 94319
94319 30400 132336
123518 53681 73890
53681 73890 123518
73890 53681 123518
145679 57045 129777
57045 129777 145679
129777 57045 145679
138680 2873 102528
2873 102528 138680
102528 2873 138680
138339 102224 114481
102224 114481 138339
114481 102224 138339
36129 34186 93416
34186 36129 93416
93416 34186 36129
2437 17373 145624
145624 2437 17373
17373 2437 145624
58042 66135 139182
139182 58042 66135
66135 58042 139182
93504 97012 149727
149727 93504 97012
97012 93504 149727
90571 51550 144348
144348 51550 90571
51550 90571 144348
149468 76207 98361
98361 76207 149468
76207 98361 149468
65952 38122 77456
38122 65952 77456
77456 38122 65952
129614 7031 76444
7031 76444 129614
76444 7031 129614
68641 69701 147382
147382 68641 69701
69701 68641 147382
75126 6970 113490
6970 75126 113490
113490 6970 75126
9804 107267 146788
146788 9804 107267
107267 9804 146788
86179 42383 108893
42383 86179 108893
108893 42383 86179
31901 45482 114721
45482 31901 114721
114721 31901 45482
1804 23014 122426
23014 1804 122426
122426 1804 23014
99164 39920 54773
54773 39920 99164
39920 54773 99164
117050 7091 83471
83471 7091 117050
7091 83471 117050
42749 47052 50723
47052 42749 50723
50723 42749 47052
111639 26694 113119
26694 111639 113119
113119 26694 111639
111567 35816 83498
35816 83498 111567
83498 35816 111567
49908 30126 75645
75645 30126 49908
30126 49908 75645
47466 57340 71381
71381 47466 57340
57340 47466 71381
14501 42628 99052
99052 14501 42628
42628 14501 99052
113000 11842 57217
57217 11842 113000
11842 57217 113000
44145 54095 127850
54095 44145 127850
127850 44145 54095
83346 98434 100183
100183 83346 98434
98434 83346 100183
122292 79946 130809
79946 122292 130809
130809 79946 122292
48485 5908 68202
68202 5908 48485
5908 48485 68202
67458 128730 136191
136191 67458 128730
128730 67458 136191
21060 32424 107107
32424 21060 107107
107107 21060 32424
75598 41524 107394
41524 75598 107394
107394 41524 75598
100560 81595 114100
114100 81595 100560
81595 100560 114100
83358 990 105486
105486 990 83358
990 83358 105486
34525 13446 74932
13446 34525 74932
74932 13446 34525
103259 115754 140199
115754 103259 140199
140199 103259 115754
102491 75016 136014
136014 75016 102491
75016 102491 136014
80971 23846 78622
23846 78622 80971
78622 23846 80971
31082 90932 97506
90932 31082 97506
97506 31082 90932
146821 40826 109377
40826 109377 146821
109377 40826 146821
109422 115713 128462
115713 109422 128462
128462 109422 115713
66598 82277 111061
82277 66598 111061
111061 66598 82277
95177 4473 139113
4473 95177 139113
139113 4473 95177
43922 79684 147201
79684 43922 147201
147201 43922 79684
14240 44896 75723
44896 14240 75723
75723 14240 44896
106796 18516 64324
18516 64324 106796
64324 18516 106796
17936 39647 109958
39647 17936 109958
109958 17936 39647
123421 21179 147196
21179 123421 147196
147196 21179 123421
50761 3877 105728
3877 50761 105728
105728 3877 50761
81117 7747 34403
7747 34403 81117
34403 7747 81117
128176 16887 137280
16887 128176 137280
137280 16887 128176
146733 7619 137207
137207 7619 146733
7619 137207 146733
95916 64011 119260
119260 64011 95916
64011 95916 119260
84427 52068 143023
52068 84427 143023
143023 52068 84427
31449 104330 115146
104330 31449 115146
115146 31449 104330
33459 51107 68476
68476 33459 51107
51107 33459 68476
73145 68999 99623
68999 73145 99623
99623 68999 73145
46385 124177 128030
124177 46385 128030
128030 46385 124177
122271 4989 34122
34122 4989 122271
4989 34122 122271
112707 127374 128520
127374 112707 128520
128520 112707 127374
109689 37555 97294
37555 97294 109689
97294 37555 109689
101743 63885 106170
63885 101743 106170
106170 63885 101743
116116 53412 76671
53412 76671 116116
76671 53412 116116
119026 53062 63361
63361 53062 119026
53062 63361 119026
92769 62804 93010
93010 62804 92769
62804 92769 93010
34674 101586 144724
101586 34674 144724
144724 34674 101586
3898 93739 133757
93739 3898 133757
133757 3898 93739
134794 52066 79936
52066 79936 134794
79936 52066 134794
33462 62092 63141
62092 33462 63141
63141 33462 62092
12223 35425 142395
142395 12223 35425
35425 12223 142395
54308 31413 56386
31413 54308 56386
56386 31413 54308
10357 62098 63708
62098 10357 63708
63708 10357 62098
31452 43726 138110
138110 31452 43726
43726 31452 138110
21554 112607 113644
113644 21554 112607
112607 21554 113644
116029 46137 143441
143441 46137 116029
46137 116029 143441
118698 73850 99356
73850 99356 118698
99356 73850 118698
60462 8258 56597
8258 56597 60462
56597 8258 60462
48669 68860 128741
68860 48669 128741
128741 48669 68860
110677 107573 147910
107573 110677 147910
147910 107573 110677
62726 39240 44606
39240 44606 62726
44606 39240 62726
5186 84158 93662
93662 5186 84158
84158 5186 93662
128228 61938 85989
61938 85989 128228
85989 61938 128228
64131 29120 125480
125480 29120 64131
29120 64131 125480
98834 106975 146489
106975 98834 146489
146489 98834 106975
29299 39563 143852
39563 29299 143852
143852 29299 39563
101064 58055 143685
143685 58055 101064
58055 101064 143685
117637 24098 140071
24098 117637 140071
140071 24098 117637
44094 2234 132454
132454 2234 44094
2234 44094 132454
74252 19760 48197
19760 48197 74252
48197 19760 74252
45398 88936 135490
135490 45398 88936
88936 45398 135490
140747 40024 119066
119066 40024 140747
40024 119066 140747
117892 10530 146670
10530 117892 146670
146670 10530 117892
79167 51099 90572
51099 79167 90572
90572 51099 79167
2295 14410 85080
85080 2295 14410
14410 2295 85080
141230 24049 80111
24049 80111 141230
80111 24049 141230
143715 51743 56065
51743 56065 143715
56065 51743 143715
130500 1470 15401
15401 1470 130500
1470 15401 130500
40020 65365 87342
87342 40020 65365
65365 40020 87342
5512 116942 146611
116942 5512 146611
146611 5512 116942
47519 17875 34568
34568 17875 47519
17875 34568 47519
122402 79397 109072
79397 109072 122402
109072 79397 122402
22943 83828 125880
125880 22943 83828
83828 22943 125880
88377 57852 145984
57852 88377 145984
145984 57852 88377
114314 10180 109728
10180 109728 114314
109728 10180 114314
139022 57584 125508
57584 125508 139022
125508 57584 139022
84596 141221 146215
141221 84596 146215
146215 84596 141221
73902 39113 119660
39113 73902 119660
119660 39113 73902
31853 14602 38771
38771 14602 31853
14602 31853 38771
46174 56257 112614
112614 46174 56257
56257 46174 112614
82930 36799 90616
36799 82930 90616
90616 36799 82930
140135 58541 121722
121722 58541 140135
58541 121722 140135
13805 34323 98260
98260 13805 34323
34323 13805 98260
104224 40429 60991
60991 40429 104224
40429 60991 104224
50675 40710 93095
40710 50675 93095
93095 40710 50675
54807 7823 23889
23889 7823 54807
7823 23889 54807
36176 14235 63803
63803 14235 36176
14235 36176 63803
56235 16539 24119
16539 24119 56235
24119 16539 56235
20683 15210 36820
36820 15210 20683
15210 20683 36820
114176 138343 149044
149044 114176 138343
138343 114176 149044
85706 8046 120133
120133 8046 85706
8046 85706 120133
93276 99549 142900
142900 93276 99549
99549 93276 142900
87098 43199 129286
129286 43199 87098
43199 87098 129286
141893 7618 71397
71397 7618 141893
7618 71397 141893
110803 89346 112353
89346 110803 112353
112353 89346 110803
20080 12697 35514
12697 20080 35514
35514 12697 20080
36789 37367 145980
145980 36789 37367
37367 36789 145980
120735 9096 115281
9096 115281 120735
115281 9096 120735
33381 1583 90678
1583 33381 90678
90678 1583 33381
90114 13195 66340
13195 66340 90114
66340 13195 90114
437 68740 95720
95720 437 68740
68740 437 95720
115482 12719 119492
119492 12719 115482
12719 115482 119492
69577 101054 109583
101054 69577 109583
109583 69577 101054
105516 80933 109747
109747 80933 105516
80933 105516 109747
76506 106247 146591
146591 76506 106247
106247 76506 146591
53686 8696 90436
90436 8696 53686
8696 53686 90436
57596 30941 31906
30941 31906 57596
31906 30941 57596
114730 47984 147985
47984 114730 147985
147985 47984 114730
36870 16618 115607
115607 16618 36870
16618 36870 115607
47884 14246 116932
14246 47884 116932
116932 14246 47884
25888 4393 68991
68991 4393 25888
4393 25888 68991
18306 15128 117569
117569 15128 18306
15128 18306 117569
35312 9156 119834
119834 9156 35312
9156 35312 119834
40531 33477 66684
33477 40531 66684
66684 33477 40531
66548 30164 79717
79717 30164 66548
30164 66548 79717
72706 30948 87568
30948 72706 87568
87568 30948 72706
61234 124436 147404
124436 61234 147404
147404 61234 124436
121065 30840 100987
100987 30840 121065
30840 100987 121065
68009 111015 112922
112922 68009 111015
111015 68009 112922
47139 57120 104208
57120 47139 104208
104208 47139 57120
99697 15554 29639
29639 15554 99697
15554 29639 99697
97275 12803 144985
144985 12803 97275
12803 97275 144985
84820 24314 126659
24314 84820 126659
126659 24314 84820
52452 18648 80463
18648 52452 80463
80463 18648 52452
48352 28265 49654
49654 28265 48352
28265 48352 49654
128112 25363 115168
115168 25363 128112
25363 115168 128112
69036 34821 43574
43574 34821 69036
34821 43574 69036
69374 94654 143488
94654 69374 143488
143488 69374 94654
121235 77173 87104
87104 77173 121235
77173 87104 121235
103809 86434 113283
113283 86434 103809
86434 103809 113283
51396 24692 116403
24692 51396 116403
116403 24692 51396
921 84950 132819
132819 921 84950
84950 921 132819
50521 85302 138180
85302 50521 138180
138180 50521 85302
101185 22265 127070
22265 101185 127070
127070 22265 101185
144807 14855 100453
100453 14855 144807
14855 100453 144807
57220 44386 138731
138731 44386 57220
44386 57220 138731
28731 4699 114817
114817 4699 28731
4699 28731 114817
55597 110960 111091
111091 55597 110960
110960 55597 111091
16301 29552 118753
29552 16301 118753
118753 16301 29552
8697 19272 101604
101604 8697 19272
19272 8697 101604
36452 58186 59596
58186 36452 59596
59596 36452 58186
71276 11214 25135
25135 11214 71276
11214 25135 71276
55871 60967 69257
69257 55871 60967
60967 55871 69257
36382 44272 87191
87191 36382 44272
44272 36382 87191
93313 25574 85295
25574 85295 93313
85295 25574 93313
28538 39071 43320
43320 28538 39071
39071 28538 43320
24722 79153 104305
79153 24722 104305
104305 24722 79153
61537 17248 65424
65424 17248 61537
17248 61537 65424
17826 23560 113787
113787 17826 23560
23560 17826 113787
36439 25452 132659
25452 36439 132659
132659 25452 36439
129580 60167 123388
123388 60167 129580
60167 123388 129580
123470 18054 116220
18054 116220 123470
116220 18054 123470
105227 98179 137843
137843 98179 105227
98179 105227 137843
126433 23221 124144
23221 124144 126433
124144 23221 126433
835 34941 129301
129301 835 34941
34941 835 129301
11430 116734 148111
148111 11430 116734
116734 11430 148111
73416 73829 80484
80484 73416 73829
73829 73416 80484
113020 19750 63709
19750 63709 113020
63709 19750 113020
130813 96208 114543
96208 114543 130813
114543 96208 130813
70932 14490 142811
142811 14490 70932
14490 70932 142811
35308 50028 132734
50028 35308 132734
132734 35308 50028
32672 5144 132752
132752 5144 32672
5144 32672 132752
109149 61623 104543
104543 61623 109149
61623 104543 109149
23982 51597 63628
63628 23982 51597
51597 23982 63628
53568 92883 103397
92883 53568 103397
103397 53568 92883
55393 61 30002
30002 61 55393
61 30002 55393
100266 25321 90920
90920 25321 100266
25321 90920 100266
110607 94637 105669
94637 105669 110607
105669 94637 110607
102886 94869 144924
94869 102886 144924
144924 94869 102886
63424 90425 117075
90425 63424 117075
117075 63424 90425
6517 15 149374
15 6517 149374
149374 15 6517
62534 40078 143586
143586 40078 62534
40078 62534 143586
132186 136636 137496
137496 132186 136636
136636 132186 137496
110812 38144 102259
102259 38144 110812
38144 102259 110812
113472 95749 113921
95749 113472 113921
113921 95749 113472
116210 77849 144385
77849 116210 144385
144385 77849 116210
58136 58152 58457
58457 58136 58152
58152 58136 58457
109884 68576 149554
68576 109884 149554
149554 68576 109884
42140 68645 101578
101578 42140 68645
68645 42140 101578
20961 32066 66636
32066 20961 66636
66636 20961 32066
88167 45192 122246
45192 88167 122246
122246 45192 88167
27498 17156 95331
17156 27498 95331
95331 17156 27498
58560 9985 139459
9985 58560 139459
139459 9985 58560
32017 45600 99504
99504 32017 45600
45600 32017 99504
68832 59989 78860
78860 59989 68832
59989 68832 78860
120404 46237 136853
46237 120404 136853
136853 46237 120404
94712 16797 120011
16797 94712 120011
120011 16797 94712
123511 433 87572
87572 433 123511
433 87572 123511
48973 29472 139011
29472 48973 139011
139011 29472 48973
149994 41909 69266
69266 41909 149994
41909 69266 149994
80578 64104 127740
127740 64104 80578
64104 80578 127740
39955 96527 117094
117094 39955 96527
96527 39955 117094
11578 43681 100986
100986 11578 43681
43681 11578 100986
45288 6684 90569
6684 45288 90569
90569 6684 45288
6743 56424 124751
56424 6743 124751
124751 6743 56424
76742 66063 115669
115669 66063 76742
66063 76742 115669
27314 113905 135907
113905 27314 135907
135907 27314 113905
75205 2131 135265
135265 2131 75205
2131 75205 135265
2136 114069 148674
148674 2136 114069
114069 2136 148674
63165 87790 129079
87790 63165 129079
129079 63165 87790
137102 60954 88359
88359 60954 137102
60954 88359 137102
143700 38781 75037
38781 75037 143700
75037 38781 143700
132787 1541 90862
90862 1541 132787
1541 90862 132787
113747 10422 138755
138755 10422 113747
10422 113747 138755
103984 52158 66052
52158 66052 103984
66052 52158 103984
42142 12473 139819
139819 12473 42142
12473 42142 139819
86205 61480 145110
61480 86205 145110
145110 61480 86205
114938 12173 125507
12173 114938 125507
125507 12173 114938
35232 3003 147968
147968 3003 35232
3003 35232 147968
55351 19341 105880
19341 55351 105880
105880 19341 55351
14447 26433 49323
26433 14447 49323
49323 14447 26433
26711 72227 137151
137151 26711 72227
72227 26711 137151
54857 21456 25066
21456 25066 54857
25066 21456 54857
55615 87739 117180
87739 55615 117180
117180 55615 87739
130153 17406 80850
17406 80850 130153
80850 17406 130153
47748 61278 119947
61278 47748 119947
119947 47748 61278
80918 5992 132441
5992 80918 132441
132441 5992 80918
101893 8287 146343
8287 101893 146343
146343 8287 101893
61103 15823 133177
15823 61103 133177
133177 15823 61103
63047 49882 120087
49882 63047 120087
120087 49882 63047
20891 50772 72444
50772 20891 72444
72444 20891 50772
122667 41118 112552
112552 41118 122667
41118 112552 122667
91226 5422 65061
65061 5422 91226
5422 65061 91226
52204 98851 125296
125296 52204 98851
98851 52204 125296
94831 68372 142286
142286 68372 94831
68372 94831 142286
12949 106124 123378
123378 12949 106124
106124 12949 123378
97641 45993 127526
127526 45993 97641
45993 97641 127526
46629 6437 140341
140341 6437 46629
6437 46629 140341
31056 44035 68036
68036 31056 44035
44035 31056 68036
127266 8197 51683
8197 51683 127266
51683 8197 127266
41393 62857 100713
62857 41393 100713
100713 41393 62857
91466 5771 35710
35710 5771 91466
5771 35710 91466
149527 1683 116420
1683 116420 149527
116420 1683 149527
60074 124429 135626
135626 60074 124429
124429 60074 135626
17392 57873 76733
57873 17392 76733
76733 17392 57873
30356 9966 119171
119171 9966 30356
9966 30356 119171
13463 35245 149783
35245 13463 149783
149783 13463 35245
37590 8856 64559
8856 37590 64559
64559 8856 37590
31345 10569 101906
101906 10569 31345
10569 31345 101906
59412 119169 124616
119169 59412 124616
124616 59412 119169
133725 61011 80272
80272 61011 133725
61011 80272 133725
26772 40378 132344
40378 26772 132344
132344 26772 40378
75315 128888 145945
145945 75315 128888
128888 75315 145945
137484 51003 83237
51003 83237 137484
83237 51003 137484
35268 50733 66046
50733 35268 66046
66046 35268 50733
147017 80666 94523
80666 94523 147017
94523 80666 147017
89530 18599 120869
18599 89530 120869
120869 18599 89530
7096 55539 143237
55539 7096 143237
143237 7096 55539
40316 58736 61918
61918 40316 58736
58736 40316 61918
21653 52921 138855
52921 21653 138855
138855 21653 52921
59953 14041 149695
149695 14041 59953
14041 59953 149695
68276 787 102731
787 68276 102731
102731 787 68276
112919 95170 112243
112243 95170 112919
95170 112243 112919
18646 2278 69403
69403 2278 18646
2278 18646 69403
141820 16177 30392
16177 30392 141820
30392 16177 141820
102362 12768 107421
107421 12768 102362
12768 102362 107421
33201 65870 130594
130594 33201 65870
65870 33201 130594
47431 70693 143039
143039 47431 70693
70693 47431 143039
82927 54509 73269
73269 54509 82927
54509 73269 82927
86070 68504 70622
70622 68504 86070
68504 70622 86070
67341 8454 77286
8454 67341 77286
77286 8454 67341
82337 35807 41639
35807 41639 82337
41639 35807 82337
134410 101280 111605
101280 111605 134410
111605 101280 134410
2528 38643 148230
38643 2528 148230
148230 2528 38643
49444 46240 106838
46240 49444 106838
106838 46240 49444
28542 41744 149099
41744 28542 149099
149099 28542 41744
148658 15757 19538
15757 19538 148658
19538 15757 148658
19844 38566 47780
47780 19844 38566
38566 19844 47780
79101 47558 48337
48337 47558 79101
47558 48337 79101
89535 53719 100117
53719 89535 100117
100117 53719 89535
3129 9438 23097
9438 3129 23097
23097 3129 9438
21719 75139 124514
75139 21719 124514
124514 21719 75139
133013 19447 96839
96839 19447 133013
19447 96839 133013
60193 53440 79184
53440 60193 79184
79184 53440 60193
4467 84857 93846
84857 4467 93846
93846 4467 84857
56404 111575 144533
111575 56404 144533
144533 56404 111575
119391 20178 72951
20178 72951 119391
72951 20178 119391
103610 9389 36715
9389 36715 103610
36715 9389 103610
129841 8734 98571
98571 8734 129841
8734 98571 129841
25494 1128 89760
1128 25494 89760
89760 1128 25494
72014 24425 132198
132198 24425 72014
24425 72014 132198
12986 18756 39152
39152 12986 18756
18756 12986 39152
101705 82040 98128
82040 98128 101705
98128 82040 101705
4064 101338 138988
101338 4064 138988
138988 4064 101338
63995 32995 45939
32995 45939 63995
45939 32995 63995
44295 17424 83558
17424 44295 83558
83558 17424 44295
62211 27319 108149
27319 62211 108149
108149 27319 62211
121389 37120 55573
37120 55573 121389
55573 37120 121389
117263 115558 134593
115558 117263 134593
134593 115558 117263
108586 105539 125165
125165 105539 108586
105539 108586 125165
93055 84123 108233
108233 84123 93055
84123 93055 108233
126987 84600 118807
118807 84600 126987
84600 118807 126987
54877 2086 63908
63908 2086 54877
2086 54877 63908
44531 94703 111254
111254 44531 94703
94703 44531 111254
34511 95859 133289
133289 34511 95859
95859 34511 133289
32324 98116 100614
100614 32324 98116
98116 32324 100614
76627 85861 123893
85861 76627 123893
123893 76627 85861
43396 64063 67793
67793 43396 64063
64063 43396 67793
20236 122639 138717
138717 20236 122639
122639 20236 138717
117196 93075 148968
148968 93075 117196
93075 117196 148968
140413 4975 75966
75966 4975 140413
4975 75966 140413
71022 29928 102499
102499 29928 71022
29928 71022 102499
48163 78406 110395
78406 48163 110395
110395 48163 78406
84810 58385 125089
58385 84810 125089
125089 58385 84810
49531 7336 74157
7336 49531 74157
74157 7336 49531
131133 12257 115601
12257 115601 131133
115601 12257 131133
25745 12043 25585
12043 25585 25745
25585 12043 25745
29785 92286 94329
94329 29785 92286
92286 29785 94329
33624 17229 95404
17229 33624 95404
95404 17229 33624
81426 22805 70071
70071 22805 81426
22805 70071 81426
126046 5206 110797
5206 110797 126046
110797 5206 126046
26855 12437 126513
12437 26855 126513
126513 12437 26855
126961 83016 101245
83016 101245 126961
101245 83016 126961
143892 68154 101217
68154 101217 143892
101217 68154 143892
124983 121726 122728
122728 121726 124983
121726 122728 124983
99608 64364 125886
64364 99608 125886
125886 64364 99608
70633 26149 42298
26149 42298 70633
42298 26149 70633
91322 36716 55199
36716 55199 91322
55199 36716 91322
1566 61585 73749
73749 1566 61585
61585 1566 73749
138392 55125 136566
55125 136566 138392
136566 55125 138392
681 29256 133045
29256 681 133045
133045 681 29256
107403 46275 79667
79667 46275 107403
46275 79667 107403
15460 36090 101663
36090 15460 101663
101663 15460 36090
76875 33023 148782
148782 33023 76875
33023 76875 148782
132345 94583 122660
122660 94583 132345
94583 122660 132345
115003 5166 77106
77106 5166 115003
5166 77106 115003
100113 28917 140085
140085 28917 100113
28917 100113 140085
44158 49292 135138
49292 44158 135138
135138 44158 49292
47363 61646 102573
102573 47363 61646
61646 47363 102573
38318 101540 146032
146032 38318 101540
101540 38318 146032
135743 65232 135981
65232 135743 135981
135981 65232 135743
101678 84444 95959
95959 84444 101678
84444 95959 101678
96934 23011 108965
23011 96934 108965
108965 23011 96934
49195 57456 89915
57456 49195 89915
89915 49195 57456
91330 13685 93151
13685 91330 93151
93151 13685 91330
48810 37059 104113
37059 48810 104113
104113 37059 48810
85945 1155 114072
1155 85945 114072
114072 1155 85945
126364 115106 119318
115106 119318 126364
119318 115106 126364
24446 30170 121053
121053 24446 30170
30170 24446 121053
144375 71990 107844
107844 71990 144375
71990 107844 144375
99244 15035 15220
15035 15220 99244
15220 15035 99244
55299 34115 58340
34115 55299 58340
58340 34115 55299
122346 108868 117954
117954 108868 122346
108868 117954 122346
112434 75787 108255
108255 75787 112434
75787 108255 112434
59451 70697 100271
100271 59451 70697
70697 59451 100271
56734 80309 144118
80309 56734 144118
144118 56734 80309
28566 3334 18090
18090 3334 28566
3334 18090 28566
76732 122505 127964
127964 76732 122505
122505 76732 127964
137855 56902 108392
108392 56902 137855
56902 108392 137855
127700 13678 56196
56196 13678 127700
13678 56196 127700
140025 6540 19036
6540 19036 140025
19036 6540 140025
121677 23210 67227
23210 67227 121677
67227 23210 121677
137016 15073 99763
99763 15073 137016
15073 99763 137016
61398 71659 149890
71659 61398 149890
149890 61398 71659
122827 13085 81357
81357 13085 122827
13085 81357 122827
86334 68094 103877
68094 86334 103877
103877 68094 86334
82925 86005 139038
86005 82925 139038
139038 82925 86005
66385 80509 106494
106494 66385 80509
80509 66385 106494
71085 11097 42986
11097 42986 71085
42986 11097 71085
146863 35164 134608
35164 134608 146863
134608 35164 146863
40928 28996 80166
28996 40928 80166
80166 28996 40928
48446 62828 116946
116946 48446 62828
62828 48446 116946
145927 65076 103481
103481 65076 145927
65076 103481 145927
43242 9244 64709
64709 9244 43242
9244 43242 64709
89364 57115 133893
133893 57115 89364
57115 89364 133893
131198 40849 112525
40849 112525 131198
112525 40849 131198
104296 15024 15548
15024 15548 104296
15548 15024 104296
8996 35779 95001
35779 8996 95001
95001 8996 35779
31572 80056 98379
98379 31572 80056
80056 31572 98379
87283 89868 107449
89868 87283 107449
107449 87283 89868
123490 22519 71304
71304 22519 123490
22519 71304 123490
117515 97686 144451
97686 117515 144451
144451 97686 117515
101484 857 13276
13276 857 101484
857 13276 101484
48284 19508 63963
63963 19508 48284
19508 48284 63963
29339 33917 124684
33917 29339 124684
124684 29339 33917
30142 19647 40016
40016 19647 30142
19647 30142 40016
106758 35151 129850
129850 35151 106758
35151 106758 129850
42903 57148 60544
57148 42903 60544
60544 42903 57148
80629 69938 148422
69938 80629 148422
148422 69938 80629
85490 39302 140739
140739 39302 85490
39302 85490 140739
100379 47089 117049
117049 47089 100379
47089 100379 117049
56850 115722 132774
132774 56850 115722
115722 56850 132774
25087 8546 132079
8546 25087 132079
132079 8546 25087
145009 13069 57237
57237 13069 145009
13069 57237 145009
146044 35760 111161
111161 35760 146044
35760 111161 146044
92553 10826 137230
10826 92553 137230
137230 10826 92553
117644 24477 28733
28733 24477 117644
24477 28733 117644
80114 12200 41023
41023 12200 80114
12200 41023 80114
95180 40542 110335
110335 40542 95180
40542 95180 110335
127271 93641 133195
93641 127271 133195
133195 93641 127271
117613 6242 74289
74289 6242 117613
6242 74289 117613
9688 54535 119865
119865 9688 54535
54535 9688 119865
1951 33812 50597
50597 1951 33812
33812 1951 50597
92250 87497 116359
116359 87497 92250
87497 92250 116359
41455 128722 130163
130163 41455 128722
128722 41455 130163
114653 11067 138397
11067 114653 138397
138397 11067 114653
95018 73919 106232
106232 73919 95018
73919 95018 106232
90463 6544 95742
6544 90463 95742
95742 6544 90463
110796 38105 81606
81606 38105 110796
38105 81606 110796
105655 66585 73915
66585 73915 105655
73915 66585 105655
136553 38213 52267
38213 52267 136553
52267 38213 136553
102431 43438 49517
43438 49517 102431
49517 43438 102431
95644 81789 98289
81789 95644 98289
98289 81789 95644
71016 31359 54368
31359 54368 71016
54368 31359 71016
66679 13456 66097
66097 13456 66679
13456 66097 66679
65455 12628 132183
12628 65455 132183
132183 12628 65455
14483 46371 118379
46371 14483 118379
118379 14483 46371
50243 24535 97603
97603 24535 50243
24535 50243 97603
42333 59229 97910
59229 42333 97910
97910 42333 59229
114859 8603 32736
8603 32736 114859
32736 8603 114859
114945 30397 84296
30397 84296 114945
84296 30397 114945
