136774 45247 135700
45247 135700 136774
135700 45247 136774
73843 132387 133898
133898 73843 132387
132387 73843 133898
68867 47007 149900
149900 47007 68867
47007 68867 149900
25979 110266 129941
110266 25979 129941
129941 25979 110266
77041 3482 75024
75024 3482 77041
3482 75024 77041
91675 74298 85930
85930 74298 91675
74298 85930 91675
65279 77919 96878
77919 65279 96878
96878 65279 77919
44720 3214 129521
3214 44720 129521
129521 3214 44720
102201 35235 45970
45970 35235 102201
35235 45970 102201
126699 50347 111959
111959 50347 126699
50347 111959 126699
71722 61780 95715
95715 61780 71722
61780 71722 95715
85619 35624 126929
126929 35624 85619
35624 85619 126929
24663 41691 83494
83494 24663 41691
41691 24663 83494
130315 2839 92774
92774 2839 130315
2839 92774 130315
112303 8462 86347
8462 86347 112303
86347 8462 112303
149503 13703 22072
22072 13703 149503
13703 22072 149503
137228 30734 93955
93955 30734 137228
30734 93955 137228
123639 8744 133227
133227 8744 123639
8744 123639 133227
69829 6890 22152
6890 22152 69829
22152 6890 69829
47715 24049 131670
131670 24049 47715
24049 47715 131670
84667 39171 133760
39171 84667 133760
133760 39171 84667
39192 12484 35611
12484 35611 39192
35611 12484 39192
91650 107678 125723
107678 91650 125723
125723 91650 107678
100004 62273 112114
112114 62273 100004
62273 100004 112114
59488 3319 95960
3319 59488 95960
95960 3319 59488
30916 10881 51965
51965 10881 30916
10881 30916 51965
83811 32952 37500
32952 37500 83811
37500 32952 83811
87803 13815 115139
13815 87803 115139
115139 13815 87803
67632 13895 87185
87185 13895 67632
13895 67632 87185
72825 58861 73443
73443 58861 72825
58861 72825 73443
58036 2860 118858
2860 58036 118858
118858 2860 58036
19183 36368 86541
36368 19183 86541
86541 19183 36368
118315 26308 143378
26308 118315 143378
143378 26308 118315
85478 59953 66599
59953 66599 85478
66599 59953 85478
24749 57151 63518
63518 24749 57151
57151 24749 63518
5158 125835 144844
144844 5158 125835
125835 5158 144844
96690 12461 60044
60044 12461 96690
12461 60044 96690
41130 80557 113892
113892 41130 80557
80557 41130 113892
36095 49387 145460
145460 36095 49387
49387 36095 145460
56123 69982 109878
69982 56123 109878
109878 56123 69982
51384 53528 97043
53528 51384 97043
97043 51384 53528
92764 72364 137148
72364 92764 137148
137148 72364 92764
140311 784 83564
83564 784 140311
784 83564 140311
114787 4924 12190
12190 4924 114787
4924 12190 114787
52498 24114 35843
24114 35843 52498
35843 24114 52498
115541 82340 90854
90854 82340 115541
82340 90854 115541
136388 23396 43425
23396 43425 136388
43425 23396 136388
114192 102025 149161
149161 102025 114192
102025 114192 149161
26084 4169 81004
81004 4169 26084
4169 26084 81004
9133 47329 121607
47329 9133 121607
121607 9133 47329
146623 35024 84215
35024 84215 146623
84215 35024 146623
54667 75605 79690
79690 54667 75605
75605 54667 79690
58857 24094 128273
24094 58857 128273
128273 24094 58857
21701 12438 125078
12438 21701 125078
125078 12438 21701
25577 29635 89315
89315 25577 29635
29635 25577 89315
50169 31695 63673
31695 50169 63673
63673 31695 50169
127141 39396 148075
148075 39396 127141
39396 127141 148075
103978 9241 41397
41397 9241 103978
9241 41397 103978
30695 40026 92630
92630 30695 40026
40026 30695 92630
141802 114449 121939
114449 121939 141802
121939 114449 141802
49619 122734 125512
122734 49619 125512
125512 49619 122734
129223 53569 99006
53569 99006 129223
99006 53569 129223
7511 22967 105772
22967 7511 105772
105772 7511 22967
87195 95134 141651
141651 87195 95134
95134 87195 141651
96111 29249 99494
29249 96111 99494
99494 29249 96111
115252 27051 40493
40493 27051 115252
27051 40493 115252
128573 31889 87916
87916 31889 128573
31889 87916 128573
129720 54686 74360
54686 74360 129720
74360 54686 129720
130235 31962 132414
132414 31962 130235
31962 130235 132414
64981 46728 60262
60262 46728 64981
46728 60262 64981
77130 31701 118199
118199 31701 77130
31701 77130 118199
117191 44622 84302
84302 44622 117191
44622 84302 117191
141190 81789 136651
136651 81789 141190
81789 136651 141190
50170 39017 118431
39017 50170 118431
118431 39017 50170
39587 111131 148566
111131 39587 148566
148566 39587 111131
102450 79152 138353
79152 102450 138353
138353 79152 102450
11259 20072 146451
20072 11259 146451
146451 11259 20072
136525 23950 75169
75169 23950 136525
23950 75169 136525
8414 78712 97073
97073 8414 78712
78712 8414 97073
113751 79552 106149
79552 106149 113751
106149 79552 113751
1645 72664 130183
72664 1645 130183
130183 1645 72664
75091 12803 12912
12803 12912 75091
12912 12803 75091
99099 51114 123607
51114 99099 123607
123607 51114 99099
134903 19225 126629
126629 19225 134903
19225 126629 134903
44185 13028 121747
121747 13028 44185
13028 44185 121747
4058 46850 100821
100821 4058 46850
46850 4058 100821
145546 13018 49657
49657 13018 145546
13018 49657 145546
63861 104727 139590
139590 63861 104727
104727 63861 139590
109907 536 145920
536 109907 145920
145920 536 109907
88563 4392 32320
4392 32320 88563
32320 4392 88563
106425 50305 85975
50305 85975 106425
85975 50305 106425
78443 128411 149518
149518 78443 128411
128411 78443 149518
28811 77818 97791
77818 28811 97791
97791 28811 77818
47078 11947 90237
90237 11947 47078
11947 47078 90237
109312 53923 132664
132664 53923 109312
53923 109312 132664
133899 24185 118766
118766 24185 133899
24185 118766 133899
51341 24978 60969
60969 24978 51341
24978 51341 60969
97465 68394 99166
99166 68394 97465
68394 97465 99166
23817 17412 29581
29581 17412 23817
17412 23817 29581
24747 56016 141614
141614 24747 56016
56016 24747 141614
16595 29233 114550
114550 16595 29233
29233 16595 114550
74932 91535 121234
91535 74932 121234
121234 74932 91535
111544 2042 70338
70338 2042 111544
2042 70338 111544
53705 42976 142127
42976 53705 142127
142127 42976 53705
27375 112710 146828
112710 27375 146828
146828 27375 112710
94022 27453 45019
27453 45019 94022
45019 27453 94022
112455 48102 71152
48102 71152 112455
71152 48102 112455
60318 116807 131128
131128 60318 116807
116807 60318 131128
95563 112104 148119
148119 95563 112104
112104 95563 148119
16281 4889 49560
4889 16281 49560
49560 4889 16281
77874 17821 94501
94501 17821 77874
17821 77874 94501
121121 23902 114423
114423 23902 121121
23902 114423 121121
130006 36467 54999
54999 36467 130006
36467 54999 130006
62432 28758 149567
28758 62432 149567
149567 28758 62432
129553 83805 111562
111562 83805 129553
83805 111562 129553
81372 4337 84645
84645 4337 81372
4337 81372 84645
110748 44590 106877
44590 106877 110748
106877 44590 110748
9908 1434 114716
1434 9908 114716
114716 1434 9908
45378 49663 90235
49663 45378 90235
90235 45378 49663
34081 77038 142253
142253 34081 77038
77038 34081 142253
70962 41217 125079
41217 70962 125079
125079 41217 70962
92732 4429 54040
54040 4429 92732
4429 54040 92732
4113 83741 133630
133630 4113 83741
83741 4113 133630
16994 16757 45073
45073 16757 16994
16757 16994 45073
86476 28341 134425
134425 28341 86476
28341 86476 134425
54793 10906 38274
38274 10906 54793
10906 38274 54793
126991 92535 115111
92535 115111 126991
115111 92535 126991
139840 51457 85570
51457 85570 139840
85570 51457 139840
54205 98996 148737
98996 54205 148737
148737 54205 98996
130016 31711 65710
31711 65710 130016
65710 31711 130016
34024 21483 145887
145887 21483 34024
21483 34024 145887
44997 111017 118256
118256 44997 111017
111017 44997 118256
99356 514 93616
93616 514 99356
514 93616 99356
99231 2447 43722
43722 2447 99231
2447 43722 99231
106345 4510 71707
71707 4510 106345
4510 71707 106345
109805 32194 42712
32194 42712 109805
42712 32194 109805
135623 30560 86191
86191 30560 135623
30560 86191 135623
62137 39265 90807
39265 62137 90807
90807 39265 62137
67098 29440 40308
40308 29440 67098
29440 40308 67098
47899 5172 17021
17021 5172 47899
5172 17021 47899
62874 30150 109100
30150 62874 109100
109100 30150 62874
99978 1947 55617
1947 55617 99978
55617 1947 99978
24570 82974 118463
82974 24570 118463
118463 24570 82974
31733 10285 38016
38016 10285 31733
10285 31733 38016
9675 14805 49103
14805 9675 49103
49103 9675 14805
65365 85522 111882
85522 65365 111882
111882 65365 85522
86088 20353 139832
139832 20353 86088
20353 86088 139832
109604 4214 26296
26296 4214 109604
4214 26296 109604
145572 3267 45678
45678 3267 145572
3267 45678 145572
87334 75220 148419
148419 75220 87334
75220 87334 148419
82715 62003 75959
62003 75959 82715
75959 62003 82715
87061 54825 61033
61033 54825 87061
54825 61033 87061
118350 87330 119727
119727 87330 118350
87330 118350 119727
12003 62085 118038
62085 12003 118038
118038 12003 62085
40152 33609 88421
88421 33609 40152
33609 40152 88421
77767 15167 144003
144003 15167 77767
15167 77767 144003
55631 1978 81885
81885 1978 55631
1978 55631 81885
49732 93661 146786
93661 49732 146786
146786 49732 93661
50232 47121 117235
117235 47121 50232
47121 50232 117235
26497 103082 137435
137435 26497 103082
103082 26497 137435
53959 2910 97282
2910 53959 97282
97282 2910 53959
44022 103507 134059
134059 44022 103507
103507 44022 134059
36632 106162 132176
132176 36632 106162
106162 36632 132176
18856 3594 84867
3594 18856 84867
84867 3594 18856
3385 137884 142116
142116 3385 137884
137884 3385 142116
74167 29303 100982
100982 29303 74167
29303 74167 100982
13101 110237 115310
110237 13101 115310
115310 13101 110237
96386 6250 141861
6250 96386 141861
141861 6250 96386
51433 30572 54782
54782 30572 51433
30572 51433 54782
32971 51298 116192
116192 32971 51298
51298 32971 116192
64790 79692 127230
127230 64790 79692
79692 64790 127230
70300 20029 66627
66627 20029 70300
20029 66627 70300
49648 104005 120804
120804 49648 104005
104005 49648 120804
147279 43048 66601
43048 66601 147279
66601 43048 147279
49986 11941 63352
63352 11941 49986
11941 49986 63352
120970 49369 136885
136885 49369 120970
49369 120970 136885
98135 18568 114649
18568 98135 114649
114649 18568 98135
55512 62398 64341
64341 55512 62398
62398 55512 64341
142609 26885 33280
26885 33280 142609
33280 26885 142609
148987 2761 20021
20021 2761 148987
2761 20021 148987
71908 28189 114813
114813 28189 71908
28189 71908 114813
3578 95865 111816
95865 3578 111816
111816 3578 95865
3605 124965 129761
129761 3605 124965
124965 3605 129761
67768 15003 55080
55080 15003 67768
15003 55080 67768
3174 9397 83496
83496 3174 9397
9397 3174 83496
22217 21151 126755
126755 21151 22217
21151 22217 126755
22226 5875 17617
5875 17617 22226
17617 5875 22226
133160 63339 106651
106651 63339 133160
63339 106651 133160
142717 67270 121038
67270 121038 142717
121038 67270 142717
9767 20298 121383
121383 9767 20298
20298 9767 121383
113421 26580 101206
26580 101206 113421
101206 26580 113421
23713 91182 141017
91182 23713 141017
141017 23713 91182
66816 130997 147913
130997 66816 147913
147913 66816 130997
95126 8385 77807
77807 8385 95126
8385 77807 95126
90649 93497 146406
93497 90649 146406
146406 90649 93497
78363 4717 141390
4717 78363 141390
141390 4717 78363
69556 48898 79307
48898 69556 79307
79307 48898 69556
62775 94976 116331
116331 62775 94976
94976 62775 116331
119064 20117 85817
85817 20117 119064
20117 85817 119064
3610 3917 65325
3917 3610 65325
65325 3610 3917
66269 21499 68970
68970 21499 66269
21499 66269 68970
52511 10167 26933
26933 10167 52511
10167 26933 52511
38915 5743 121794
121794 5743 38915
5743 38915 121794
143158 1094 24379
1094 24379 143158
24379 1094 143158
77355 73076 88240
73076 77355 88240
88240 73076 77355
44701 90194 110922
110922 44701 90194
90194 44701 110922
91255 32403 72659
72659 32403 91255
32403 72659 91255
53562 47312 137802
137802 47312 53562
47312 53562 137802
148873 8779 19130
19130 8779 148873
8779 19130 148873
103576 13066 136546
13066 103576 136546
136546 13066 103576
84631 27177 136809
27177 84631 136809
136809 27177 84631
1921 52200 94706
52200 1921 94706
94706 1921 52200
12906 7938 114280
114280 7938 12906
7938 12906 114280
109165 56970 108952
56970 108952 109165
108952 56970 109165
73130 3585 46934
3585 46934 73130
46934 3585 73130
46400 86914 93263
93263 46400 86914
86914 46400 93263
28369 97812 145429
97812 28369 145429
145429 28369 97812
96092 62912 110752
62912 96092 110752
110752 62912 96092
121007 53870 148467
53870 121007 148467
148467 53870 121007
103851 74363 149532
74363 103851 149532
149532 74363 103851
118277 91087 109955
109955 91087 118277
91087 109955 118277
68717 90399 111162
90399 68717 111162
111162 68717 90399
64743 116659 140436
116659 64743 140436
140436 64743 116659
2984 116372 143833
116372 2984 143833
143833 2984 116372
62829 21189 47062
47062 21189 62829
21189 47062 62829
25640 69233 125148
69233 25640 125148
125148 25640 69233
9731 19475 63166
63166 9731 19475
19475 9731 63166
66526 28995 35169
28995 35169 66526
35169 28995 66526
111062 32874 124490
124490 32874 111062
32874 111062 124490
61875 56853 103402
56853 61875 103402
103402 56853 61875
106112 46630 78632
78632 46630 106112
46630 78632 106112
121431 284 113606
284 113606 121431
113606 284 121431
18449 6 15684
15684 6 18449
6 15684 18449
20030 89501 145148
89501 20030 145148
145148 20030 89501
28049 86756 136657
86756 28049 136657
136657 28049 86756
130373 33791 124240
33791 124240 130373
124240 33791 130373
134809 54568 110643
54568 110643 134809
110643 54568 134809
31675 103674 142416
142416 31675 103674
103674 31675 142416
64532 4027 64133
64133 4027 64532
4027 64133 64532
119909 139718 140414
140414 119909 139718
139718 119909 140414
73629 15722 78639
78639 15722 73629
15722 73629 78639
17404 118601 143958
143958 17404 118601
118601 17404 143958
133909 55858 133839
133839 55858 133909
55858 133839 133909
74114 4421 143223
143223 4421 74114
4421 74114 143223
21822 28239 132685
132685 21822 28239
28239 21822 132685
89351 72017 134586
134586 72017 89351
72017 89351 134586
53936 4164 91292
91292 4164 53936
4164 53936 91292
44749 47227 62183
62183 44749 47227
47227 44749 62183
28220 40115 83615
40115 28220 83615
83615 28220 40115
34435 3878 36968
3878 34435 36968
36968 3878 34435
8313 30759 46441
30759 8313 46441
46441 8313 30759
138351 43580 51847
51847 43580 138351
43580 51847 138351
93044 87488 111789
87488 93044 111789
111789 87488 93044
47558 1072 47565
1072 47558 47565
47565 1072 47558
36595 7574 23690
7574 23690 36595
23690 7574 36595
143791 30146 132107
30146 132107 143791
132107 30146 143791
43661 53576 82024
53576 43661 82024
82024 43661 53576
9357 92027 114673
92027 9357 114673
114673 9357 92027
133971 9926 121640
9926 121640 133971
121640 9926 133971
6451 87565 130224
130224 6451 87565
87565 6451 130224
102491 4254 41435
41435 4254 102491
4254 41435 102491
86491 16622 89823
16622 86491 89823
89823 16622 86491
23242 40314 139952
40314 23242 139952
139952 23242 40314
2516 88617 117925
88617 2516 117925
117925 2516 88617
51818 43578 130251
130251 43578 51818
43578 51818 130251
87603 9028 39078
9028 39078 87603
39078 9028 87603
84402 118762 118981
118762 84402 118981
118981 84402 118762
34822 53 41776
53 34822 41776
41776 53 34822
11929 17000 91630
91630 11929 17000
17000 11929 91630
57277 76807 88080
76807 57277 88080
88080 57277 76807
22907 7600 50064
7600 22907 50064
50064 7600 22907
94904 45585 85442
45585 85442 94904
85442 45585 94904
32710 2091 44924
2091 32710 44924
44924 2091 32710
9221 96396 115735
115735 9221 96396
96396 9221 115735
115177 57301 135010
135010 57301 115177
57301 115177 135010
114973 3126 4381
3126 4381 114973
4381 3126 114973
67144 13908 93998
93998 13908 67144
13908 67144 93998
14764 73139 134655
73139 14764 134655
134655 14764 73139
129568 7559 120195
120195 7559 129568
7559 120195 129568
67101 93613 97431
97431 67101 93613
93613 67101 97431
6541 119172 135509
135509 6541 119172
119172 6541 135509
66802 76685 98475
76685 66802 98475
98475 66802 76685
47196 55698 64044
64044 47196 55698
55698 47196 64044
26061 39721 133483
133483 26061 39721
39721 26061 133483
23427 59947 60604
60604 23427 59947
59947 23427 60604
12504 113688 149304
149304 12504 113688
113688 12504 149304
39654 56309 139934
56309 39654 139934
139934 39654 56309
10296 63239 78275
63239 10296 78275
78275 10296 63239
90979 24632 65955
65955 24632 90979
24632 65955 90979
135222 15125 110010
110010 15125 135222
15125 110010 135222
15294 71401 89887
89887 15294 71401
71401 15294 89887
11860 7403 149187
7403 11860 149187
149187 7403 11860
82003 66404 116140
116140 66404 82003
66404 82003 116140
50992 1707 117977
1707 50992 117977
117977 1707 50992
12967 23340 33838
33838 12967 23340
23340 12967 33838
148516 71933 109455
109455 71933 148516
71933 109455 148516
83860 13473 62631
62631 13473 83860
13473 62631 83860
109574 79818 101061
79818 101061 109574
101061 79818 109574
128626 5269 37732
5269 37732 128626
37732 5269 128626
124976 39669 39767
39767 39669 124976
39669 39767 124976
89608 28563 91901
91901 28563 89608
28563 89608 91901
94232 134758 149542
134758 94232 149542
149542 94232 134758
46526 10453 91982
91982 10453 46526
10453 46526 91982
3808 55189 117322
55189 3808 117322
117322 3808 55189
49362 109505 138268
109505 49362 138268
138268 49362 109505
48942 13491 68787
68787 13491 48942
13491 48942 68787
110310 39812 145404
39812 110310 145404
145404 39812 110310
142290 17016 77340
17016 77340 142290
77340 17016 142290
40624 26322 29956
26322 29956 40624
29956 26322 40624
119971 19814 50268
50268 19814 119971
19814 50268 119971
48002 115 25875
25875 115 48002
115 25875 48002
146006 66571 132914
132914 66571 146006
66571 132914 146006
134381 81509 129142
129142 81509 134381
81509 129142 134381
89362 94742 140553
140553 89362 94742
94742 89362 140553
124958 131355 138663
131355 124958 138663
138663 124958 131355
42213 137926 147699
137926 42213 147699
147699 42213 137926
99399 13495 66725
13495 66725 99399
66725 13495 99399
15904 62527 96115
96115 15904 62527
62527 15904 96115
46961 36382 44317
44317 36382 46961
36382 44317 46961
96082 13769 56829
13769 56829 96082
56829 13769 96082
140326 42925 73896
73896 42925 140326
42925 73896 140326
122762 29900 52578
29900 52578 122762
52578 29900 122762
70798 133507 139877
139877 70798 133507
133507 70798 139877
31122 108455 144627
144627 31122 108455
108455 31122 144627
111820 6594 56763
56763 6594 111820
6594 56763 111820
37012 14834 142426
14834 37012 142426
142426 14834 37012
140215 68551 79493
79493 68551 140215
68551 79493 140215
26446 3006 75198
75198 3006 26446
3006 26446 75198
132883 120625 140261
120625 132883 140261
140261 120625 132883
71899 85902 87909
85902 71899 87909
87909 71899 85902
74017 25375 139390
139390 25375 74017
25375 74017 139390
98395 88318 137592
137592 88318 98395
88318 98395 137592
38090 26005 46097
46097 26005 38090
26005 38090 46097
26381 10394 42431
10394 26381 42431
42431 10394 26381
35866 18423 43813
43813 18423 35866
18423 35866 43813
70935 24429 115318
115318 24429 70935
24429 70935 115318
9186 16139 110079
110079 9186 16139
16139 9186 110079
18642 19107 59042
19107 18642 59042
59042 18642 19107
104925 49342 97243
49342 97243 104925
97243 49342 104925
43683 89028 99696
99696 43683 89028
89028 43683 99696
9047 127467 134957
134957 9047 127467
127467 9047 134957
64307 79968 96130
96130 64307 79968
79968 64307 96130
132283 19338 36600
19338 36600 132283
36600 19338 132283
4605 78237 85246
78237 4605 85246
85246 4605 78237
133968 37444 142412
142412 37444 133968
37444 133968 142412
127112 55603 113446
55603 113446 127112
113446 55603 127112
88894 45091 141027
45091 88894 141027
141027 45091 88894
26659 23560 86832
23560 26659 86832
86832 23560 26659
109426 51511 145899
51511 109426 145899
145899 51511 109426
28838 9668 61448
9668 28838 61448
61448 9668 28838
80999 89615 114715
89615 80999 114715
114715 80999 89615
37971 20599 78970
20599 37971 78970
78970 20599 37971
56932 10722 146572
146572 10722 56932
10722 56932 146572
2373 24770 82230
24770 2373 82230
82230 2373 24770
75795 52547 111640
111640 52547 75795
52547 75795 111640
130201 80264 81137
81137 80264 130201
80264 81137 130201
69803 3583 131366
131366 3583 69803
3583 69803 131366
55472 13166 126972
13166 55472 126972
126972 13166 55472
32705 15050 44214
44214 15050 32705
15050 32705 44214
65823 55143 63045
55143 63045 65823
63045 55143 65823
30832 19977 49766
49766 19977 30832
19977 30832 49766
95742 78878 106690
78878 95742 106690
106690 78878 95742
93437 12069 82720
82720 12069 93437
12069 82720 93437
90324 93896 95387
93896 90324 95387
95387 90324 93896
115578 66397 121032
66397 115578 121032
121032 66397 115578
121768 65954 96605
65954 96605 121768
96605 65954 121768
121831 34006 68709
68709 34006 121831
34006 68709 121831
107006 38327 57388
38327 57388 107006
57388 38327 107006
33575 44994 48242
48242 33575 44994
44994 33575 48242
56082 48111 102619
48111 56082 102619
102619 48111 56082
137736 80769 100736
100736 80769 137736
80769 100736 137736
101560 62612 104035
62612 101560 104035
104035 62612 101560
17964 45668 93266
93266 17964 45668
45668 17964 93266
16103 17457 50726
50726 16103 17457
17457 16103 50726
32202 36293 93112
36293 32202 93112
93112 32202 36293
102068 38884 94167
94167 38884 102068
38884 94167 102068
40392 74826 102314
74826 40392 102314
102314 40392 74826
144598 78454 141810
78454 141810 144598
141810 78454 144598
108918 4896 129960
4896 108918 129960
129960 4896 108918
21669 42942 138677
42942 21669 138677
138677 21669 42942
146145 16944 120379
16944 120379 146145
120379 16944 146145
138051 30333 57293
57293 30333 138051
30333 57293 138051
36708 4227 21543
21543 4227 36708
4227 21543 36708
105783 108714 143911
108714 105783 143911
143911 105783 108714
46908 19004 116388
19004 46908 116388
116388 19004 46908
118768 132168 149230
149230 118768 132168
132168 118768 149230
144063 63837 139121
139121 63837 144063
63837 139121 144063
10020 19676 64829
64829 10020 19676
19676 10020 64829
145860 47400 110284
110284 47400 145860
47400 110284 145860
23549 13593 120865
120865 13593 23549
13593 23549 120865
145390 65657 110328
110328 65657 145390
65657 110328 145390
11390 35973 98072
98072 11390 35973
35973 11390 98072
117885 58658 92958
92958 58658 117885
58658 92958 117885
12057 52902 72884
52902 12057 72884
72884 12057 52902
115191 38547 114851
38547 114851 115191
114851 38547 115191
22647 19199 69302
19199 22647 69302
69302 19199 22647
14087 19421 52584
52584 14087 19421
19421 14087 52584
119690 15644 50789
15644 50789 119690
50789 15644 119690
136847 25487 29118
25487 29118 136847
29118 25487 136847
22035 17605 90830
90830 17605 22035
17605 22035 90830
9111 13671 92975
92975 9111 13671
13671 9111 92975
84288 58114 89837
58114 84288 89837
89837 58114 84288
130163 80471 114657
80471 114657 130163
114657 80471 130163
78321 86455 131945
131945 78321 86455
86455 78321 131945
27745 36545 99353
36545 27745 99353
99353 27745 36545
93872 122289 132007
132007 93872 122289
122289 93872 132007
134164 71692 88281
71692 88281 134164
88281 71692 134164
2309 66085 147753
66085 2309 147753
147753 2309 66085
122701 76524 82461
76524 82461 122701
82461 76524 122701
101558 130284 142437
142437 101558 130284
130284 101558 142437
48123 91626 106117
106117 48123 91626
91626 48123 106117
57380 9974 134393
134393 9974 57380
9974 57380 134393
144990 112591 115323
112591 115323 144990
115323 112591 144990
55034 34149 112390
112390 34149 55034
34149 55034 112390
17796 12578 24576
12578 17796 24576
24576 12578 17796
43899 39286 136483
39286 43899 136483
136483 39286 43899
135615 87994 91995
91995 87994 135615
87994 91995 135615
21035 138584 146453
146453 21035 138584
138584 21035 146453
108200 28157 110071
110071 28157 108200
28157 108200 110071
112845 70568 107141
70568 107141 112845
107141 70568 112845
32434 36226 103410
36226 32434 103410
103410 32434 36226
60843 61396 114141
114141 60843 61396
61396 60843 114141
55528 60016 99226
60016 55528 99226
99226 55528 60016
110854 83063 122468
122468 83063 110854
83063 110854 122468
56654 124472 132570
132570 56654 124472
124472 56654 132570
103132 18203 120181
120181 18203 103132
18203 103132 120181
41932 8484 100649
100649 8484 41932
8484 41932 100649
75915 89800 134141
134141 75915 89800
89800 75915 134141
16670 63691 140358
63691 16670 140358
140358 16670 63691
136677 2182 104125
2182 104125 136677
104125 2182 136677
20652 20856 90323
90323 20652 20856
20856 20652 90323
147908 1494 106359
106359 1494 147908
1494 106359 147908
145523 10811 113972
10811 113972 145523
113972 10811 145523
12788 75549 76819
76819 12788 75549
75549 12788 76819
88626 38049 115344
115344 38049 88626
38049 88626 115344
37606 12958 108840
108840 12958 37606
12958 37606 108840
142362 46261 142214
142214 46261 142362
46261 142214 142362
117060 29586 46544
29586 46544 117060
46544 29586 117060
112737 20410 98723
20410 98723 112737
98723 20410 112737
119232 58750 90557
58750 90557 119232
90557 58750 119232
60346 120774 146696
146696 60346 120774
120774 60346 146696
16452 24969 74341
24969 16452 74341
74341 16452 24969
107552 28168 142448
28168 107552 142448
142448 28168 107552
24568 56162 68746
56162 24568 68746
68746 24568 56162
9988 67145 106268
106268 9988 67145
67145 9988 106268
129745 40059 107740
40059 107740 129745
107740 40059 129745
63677 6065 12870
6065 12870 63677
12870 6065 63677
121280 108550 121843
108550 121280 121843
121843 108550 121280
124861 45190 128967
45190 124861 128967
128967 45190 124861
14969 15838 103080
15838 14969 103080
103080 14969 15838
139968 7255 110345
7255 110345 139968
110345 7255 139968
1535 38471 42816
42816 1535 38471
38471 1535 42816
46244 99309 127968
127968 46244 99309
99309 46244 127968
113696 57303 79442
79442 57303 113696
57303 79442 113696
50051 26517 89144
89144 26517 50051
26517 50051 89144
41044 60817 95761
95761 41044 60817
60817 41044 95761
145500 27178 122519
122519 27178 145500
27178 122519 145500
124567 15468 99480
15468 99480 124567
99480 15468 124567
93529 64915 94300
94300 64915 93529
64915 93529 94300
111039 66846 101402
66846 101402 111039
101402 66846 111039
115003 23507 42257
42257 23507 115003
23507 42257 115003
78571 89996 134397
89996 78571 134397
134397 78571 89996
148606 73388 98120
98120 73388 148606
73388 98120 148606
76023 88543 103115
103115 76023 88543
88543 76023 103115
135801 43311 86678
86678 43311 135801
43311 86678 135801
7771 17891 74551
17891 7771 74551
74551 7771 17891
34854 9127 148386
148386 9127 34854
9127 34854 148386
148527 15334 37218
15334 37218 148527
37218 15334 148527
22234 87780 95651
95651 22234 87780
87780 22234 95651
87439 54790 134665
134665 54790 87439
54790 87439 134665
60915 41875 149504
149504 41875 60915
41875 60915 149504
133640 22068 47143
22068 47143 133640
47143 22068 133640
117911 7277 70274
70274 7277 117911
7277 70274 117911
144754 71777 91325
71777 91325 144754
91325 71777 144754
127361 20656 47010
47010 20656 127361
20656 47010 127361
11950 120444 125124
120444 11950 125124
125124 11950 120444
103918 57668 140442
140442 57668 103918
57668 103918 140442
14464 60294 107321
107321 14464 60294
60294 14464 107321
126374 60775 136449
136449 60775 126374
60775 126374 136449
47745 127169 140228
140228 47745 127169
127169 47745 140228
38738 71102 84594
84594 38738 71102
71102 38738 84594
54114 103655 125948
125948 54114 103655
103655 54114 125948
134565 89988 109405
89988 109405 134565
109405 89988 134565
37083 139329 143404
139329 37083 143404
143404 37083 139329
96056 106787 135929
135929 96056 106787
106787 96056 135929
108199 67586 132505
132505 67586 108199
67586 108199 132505
117489 1899 53411
53411 1899 117489
1899 53411 117489
18265 2723 29758
2723 18265 29758
29758 2723 18265
143205 143969 146166
143969 143205 146166
146166 143205 143969
68312 59730 140246
59730 68312 140246
140246 59730 68312
83962 54687 75750
54687 75750 83962
75750 54687 83962
132488 3523 38861
3523 38861 132488
38861 3523 132488
58556 43485 98973
98973 43485 58556
43485 58556 98973
5250 46426 88858
88858 5250 46426
46426 5250 88858
21640 19613 19733
19733 19613 21640
19613 19733 21640
64105 84540 143315
84540 64105 143315
143315 64105 84540
94624 49579 144526
144526 49579 94624
49579 94624 144526
7850 1718 130106
130106 1718 7850
1718 7850 130106
128760 52376 97161
97161 52376 128760
52376 97161 128760
120969 42923 68718
68718 42923 120969
42923 68718 120969
137639 77492 127166
77492 127166 137639
127166 77492 137639
83763 49776 119244
119244 49776 83763
49776 83763 119244
63053 46113 145319
145319 46113 63053
46113 63053 145319
21088 14481 37394
14481 21088 37394
37394 14481 21088
51812 23172 143746
143746 23172 51812
23172 51812 143746
115167 66496 112266
112266 66496 115167
66496 112266 115167
74965 2249 142699
2249 74965 142699
142699 2249 74965
127186 33556 82014
33556 82014 127186
82014 33556 127186
88115 52736 104440
104440 52736 88115
52736 88115 104440
73662 4384 42074
42074 4384 73662
4384 42074 73662
96437 33098 67738
67738 33098 96437
33098 67738 96437
86517 99643 119212
119212 86517 99643
99643 86517 119212
70077 56984 89808
89808 56984 70077
56984 70077 89808
26912 90720 143622
90720 26912 143622
143622 26912 90720
63995 78217 97594
78217 63995 97594
97594 63995 78217
63153 79286 104883
104883 63153 79286
79286 63153 104883
93295 27159 111940
27159 93295 111940
111940 27159 93295
122933 83417 143419
83417 122933 143419
143419 83417 122933
28082 7310 96522
96522 7310 28082
7310 28082 96522
81488 15400 58059
15400 58059 81488
58059 15400 81488
87607 58781 104293
58781 87607 104293
104293 58781 87607
85998 23498 103551
103551 23498 85998
23498 85998 103551
113934 90531 117629
117629 90531 113934
90531 113934 117629
111339 45172 48907
48907 45172 111339
45172 48907 111339
56430 105667 124210
124210 56430 105667
105667 56430 124210
69753 108624 114719
114719 69753 108624
108624 69753 114719
118980 35198 82457
82457 35198 118980
35198 82457 118980
146331 52807 137157
52807 137157 146331
137157 52807 146331
20448 3577 18238
3577 18238 20448
18238 3577 20448
103696 16663 69536
69536 16663 103696
16663 69536 103696
71893 11170 141500
141500 11170 71893
11170 71893 141500
58205 34463 63435
63435 34463 58205
34463 58205 63435
91058 36539 72513
72513 36539 91058
36539 72513 91058
92916 75097 81871
75097 81871 92916
81871 75097 92916
75808 175 144246
144246 175 75808
175 75808 144246
111472 4028 83620
4028 83620 111472
83620 4028 111472
98975 85787 118167
85787 98975 118167
118167 85787 98975
103493 90814 149682
90814 103493 149682
149682 90814 103493
79947 49421 49863
49421 49863 79947
49863 49421 79947
117081 40477 141724
141724 40477 117081
40477 117081 141724
56593 103785 133648
133648 56593 103785
103785 56593 133648
53187 22669 91736
22669 53187 91736
91736 22669 53187
91071 51068 95891
51068 91071 95891
95891 51068 91071
64843 14403 72437
14403 64843 72437
72437 14403 64843
81563 8329 149831
149831 8329 81563
8329 81563 149831
93759 51346 107234
51346 93759 107234
107234 51346 93759
43092 48837 95674
48837 43092 95674
95674 43092 48837
29388 12120 47994
12120 29388 47994
47994 12120 29388
18111 22318 74016
22318 18111 74016
74016 18111 22318
49822 25895 89857
89857 25895 49822
25895 49822 89857
8628 97664 141482
141482 8628 97664
97664 8628 141482
62734 67038 86814
67038 62734 86814
86814 62734 67038
41754 32730 111285
32730 41754 111285
111285 32730 41754
71002 76462 87445
76462 71002 87445
87445 71002 76462
101829 21034 68874
21034 68874 101829
68874 21034 101829
9136 66475 144764
66475 9136 144764
144764 9136 66475
51709 63298 121989
121989 51709 63298
63298 51709 121989
39841 6930 66519
6930 39841 66519
66519 6930 39841
20385 39781 132281
132281 20385 39781
39781 20385 132281
115667 135658 141839
135658 115667 141839
141839 115667 135658
18028 35300 37834
37834 18028 35300
35300 18028 37834
73550 32953 77790
32953 73550 77790
77790 32953 73550
69700 58318 74931
74931 58318 69700
58318 69700 74931
122004 15296 102509
15296 102509 122004
102509 15296 122004
133159 79135 103932
79135 103932 133159
103932 79135 133159
76776 9822 128096
128096 9822 76776
9822 76776 128096
36491 14939 92587
92587 14939 36491
14939 36491 92587
25583 11388 103817
11388 25583 103817
103817 11388 25583
143759 15816 21092
21092 15816 143759
15816 21092 143759
121885 90834 106208
106208 90834 121885
90834 106208 121885
88631 90549 123793
123793 88631 90549
90549 88631 123793
139510 47425 124837
124837 47425 139510
47425 124837 139510
110474 10227 134416
10227 110474 134416
134416 10227 110474
64517 95917 123471
123471 64517 95917
95917 64517 123471
124748 14944 96279
14944 96279 124748
96279 14944 124748
106343 22996 26047
26047 22996 106343
22996 26047 106343
14360 127205 148128
127205 14360 148128
148128 14360 127205
20372 27733 117141
117141 20372 27733
27733 20372 117141
117899 16364 30024
16364 30024 117899
30024 16364 117899
124966 34350 62127
62127 34350 124966
34350 62127 124966
139357 44066 101081
101081 44066 139357
44066 101081 139357
86115 30292 47947
30292 47947 86115
47947 30292 86115
125566 76578 130559
130559 76578 125566
76578 125566 130559
36262 39019 133361
39019 36262 133361
133361 36262 39019
70636 86839 147441
86839 70636 147441
147441 70636 86839
70237 21510 33803
21510 33803 70237
33803 21510 70237
85851 101018 137918
137918 85851 101018
101018 85851 137918
36643 63631 149459
149459 36643 63631
63631 36643 149459
77977 50669 119738
119738 50669 77977
50669 77977 119738
6865 21422 37058
37058 6865 21422
21422 6865 37058
69311 38185 99182
38185 69311 99182
99182 38185 69311
49828 53743 58270
53743 49828 58270
58270 49828 53743
31731 98391 142901
142901 31731 98391
98391 31731 142901
16149 41546 113914
41546 16149 113914
113914 16149 41546
48398 51899 65630
51899 48398 65630
65630 48398 51899
27304 60467 125433
125433 27304 60467
60467 27304 125433
88289 3845 147487
147487 3845 88289
3845 88289 147487
79410 52384 75118
75118 52384 79410
52384 75118 79410
32960 5149 55332
55332 5149 32960
5149 32960 55332
98269 17061 127549
127549 17061 98269
17061 98269 127549
50708 67365 119396
67365 50708 119396
119396 50708 67365
121571 47946 124096
124096 47946 121571
47946 121571 124096
58093 25459 149846
25459 58093 149846
149846 25459 58093
89527 35846 74582
74582 35846 89527
35846 74582 89527
93079 140431 148804
140431 93079 148804
148804 93079 140431
49204 57837 103172
103172 49204 57837
57837 49204 103172
90648 70921 114656
114656 70921 90648
70921 90648 114656
63821 7303 125468
7303 63821 125468
125468 7303 63821
103349 46458 87635
87635 46458 103349
46458 87635 103349
42732 56192 141315
56192 42732 141315
141315 42732 56192
59116 79970 137815
79970 59116 137815
137815 59116 79970
3928 3501 118962
118962 3501 3928
3501 3928 118962
24183 20602 51054
20602 24183 51054
51054 20602 24183
80949 19969 148316
19969 80949 148316
148316 19969 80949
84930 7426 31354
7426 31354 84930
31354 7426 84930
87766 65133 66603
65133 66603 87766
66603 65133 87766
55729 114989 123719
114989 55729 123719
123719 55729 114989
143367 20226 55126
20226 55126 143367
55126 20226 143367
106379 32263 65891
32263 65891 106379
65891 32263 106379
15910 25212 142769
142769 15910 25212
25212 15910 142769
23612 76932 124245
124245 23612 76932
76932 23612 124245
100249 122453 125576
122453 100249 125576
125576 100249 122453
130389 22592 138438
22592 130389 138438
138438 22592 130389
111964 37829 49622
49622 37829 111964
37829 49622 111964
117232 89293 97399
89293 97399 117232
97399 89293 117232
126056 20540 146218
20540 126056 146218
146218 20540 126056
140593 41254 56885
41254 56885 140593
56885 41254 140593
125515 27954 118671
27954 118671 125515
118671 27954 125515
110949 2080 21171
21171 2080 110949
2080 21171 110949
62642 106367 146551
146551 62642 106367
106367 62642 146551
261 59763 146591
59763 261 146591
146591 261 59763
36211 14669 69066
69066 14669 36211
14669 36211 69066
28762 60501 102001
60501 28762 102001
102001 28762 60501
58879 11048 146517
11048 58879 146517
146517 11048 58879
99274 6380 124173
124173 6380 99274
6380 99274 124173
82156 5838 145745
145745 5838 82156
5838 82156 145745
88481 41013 74488
41013 74488 88481
74488 41013 88481
38254 36812 43807
36812 38254 43807
43807 36812 38254
87394 101943 136124
101943 87394 136124
136124 87394 101943
120070 7530 65720
7530 65720 120070
65720 7530 120070
21183 37984 48197
37984 21183 48197
48197 21183 37984
25571 5047 14249
14249 5047 25571
5047 14249 25571
146596 24526 147166
24526 146596 147166
147166 24526 146596
17226 11023 35909
35909 11023 17226
11023 17226 35909
105801 126941 147068
147068 105801 126941
126941 105801 147068
94890 18867 135777
135777 18867 94890
18867 94890 135777
61536 111524 123762
123762 61536 111524
111524 61536 123762
23504 25901 105781
25901 23504 105781
105781 23504 25901
110904 100125 134684
134684 100125 110904
100125 110904 134684
50271 1179 74424
74424 1179 50271
1179 50271 74424
92702 61098 82805
82805 61098 92702
61098 82805 92702
114431 37337 43006
43006 37337 114431
37337 43006 114431
145602 16877 120494
16877 120494 145602
120494 16877 145602
94809 1919 82319
82319 1919 94809
1919 82319 94809
147107 21011 79556
79556 21011 147107
21011 79556 147107
32625 67183 129366
129366 32625 67183
67183 32625 129366
70349 134349 148860
134349 70349 148860
148860 70349 134349
14657 123943 134039
134039 14657 123943
123943 14657 134039
35937 114129 133362
133362 35937 114129
114129 35937 133362
147051 50752 54317
50752 54317 147051
54317 50752 147051
69680 37847 81284
37847 69680 81284
81284 37847 69680
133304 43147 135003
135003 43147 133304
43147 133304 135003
29459 119486 148197
148197 29459 119486
119486 29459 148197
45629 42628 148695
42628 45629 148695
148695 42628 45629
44221 48545 65890
65890 44221 48545
48545 44221 65890
75316 99473 112555
112555 75316 99473
99473 75316 112555
74095 49743 105715
105715 49743 74095
49743 74095 105715
64978 30077 139438
139438 30077 64978
30077 64978 139438
44754 77702 91332
77702 44754 91332
91332 44754 77702
8253 41714 100097
41714 8253 100097
100097 8253 41714
46801 82735 124926
124926 46801 82735
82735 46801 124926
102097 83832 104839
104839 83832 102097
83832 102097 104839
87757 13374 63356
63356 13374 87757
13374 63356 87757
34662 48075 125112
48075 34662 125112
125112 34662 48075
87912 19249 142467
19249 87912 142467
142467 19249 87912
2849 29793 86617
86617 2849 29793
29793 2849 86617
76454 51472 60280
51472 60280 76454
60280 51472 76454
107928 87921 113778
87921 107928 113778
113778 87921 107928
32904 14091 99308
14091 32904 99308
99308 14091 32904
26162 41163 85303
41163 26162 85303
85303 26162 41163
129992 46868 89975
89975 46868 129992
46868 89975 129992
2880 63717 109720
109720 2880 63717
63717 2880 109720
76633 64919 140003
140003 64919 76633
64919 76633 140003
24462 44345 83869
83869 24462 44345
44345 24462 83869
43946 14705 39787
14705 39787 43946
39787 14705 43946
80004 6864 27593
6864 27593 80004
27593 6864 80004
121438 8922 117813
117813 8922 121438
8922 117813 121438
33227 76836 93053
93053 33227 76836
76836 33227 93053
13843 112719 136660
136660 13843 112719
112719 13843 136660
131822 61062 79730
61062 79730 131822
79730 61062 131822
45460 23072 136955
23072 45460 136955
136955 23072 45460
142019 116083 130497
116083 130497 142019
130497 116083 142019
109920 13512 87079
13512 87079 109920
87079 13512 109920
53273 35625 63208
35625 53273 63208
63208 35625 53273
57169 62923 103158
62923 57169 103158
103158 57169 62923
24399 66860 67483
66860 24399 67483
67483 24399 66860
117743 72635 84730
84730 72635 117743
72635 84730 117743
23115 29485 120536
120536 23115 29485
29485 23115 120536
54549 34130 58631
34130 54549 58631
58631 34130 54549
85098 36541 94021
36541 85098 94021
94021 36541 85098
21601 127094 132114
132114 21601 127094
127094 21601 132114
7061 66969 80746
80746 7061 66969
66969 7061 80746
41692 18245 91101
91101 18245 41692
18245 41692 91101
132276 60494 90872
90872 60494 132276
60494 90872 132276
54731 38788 119379
38788 54731 119379
119379 38788 54731
58115 1491 90818
90818 1491 58115
1491 58115 90818
100374 95983 113987
113987 95983 100374
95983 100374 113987
133237 19606 76574
76574 19606 133237
19606 76574 133237
133881 123737 131594
131594 123737 133881
123737 131594 133881
113219 8368 70509
70509 8368 113219
8368 70509 113219
112952 25201 102915
102915 25201 112952
25201 102915 112952
65907 22291 42098
42098 22291 65907
22291 42098 65907
