8596 10962 12319
12319 8596 10962
10962 8596 12319
243 3364 5299
5299 243 3364
3364 243 5299
1795 2670 5691
2670 1795 5691
5691 1795 2670
4926 8353 8822
8353 4926 8822
8822 4926 8353
791 12352 13509
12352 791 13509
13509 791 12352
11846 3219 5202
3219 5202 11846
5202 3219 11846
1926 5753 11924
5753 1926 11924
11924 1926 5753
11057 553 7274
553 7274 11057
7274 553 11057
1069 6738 12136
12136 1069 6738
6738 1069 12136
8052 3926 12376
3926 8052 12376
12376 3926 8052
10563 95 10660
95 10563 10660
10660 95 10563
4839 6827 10017
10017 4839 6827
6827 4839 10017
2739 6783 7914
7914 2739 6783
6783 2739 7914
4083 5490 11223
11223 4083 5490
5490 4083 11223
10854 9554 14937
14937 9554 10854
9554 10854 14937
1548 8556 13197
8556 1548 13197
13197 1548 8556
5960 5816 12035
12035 5816 5960
5816 5960 12035
5396 1143 3469
3469 1143 5396
1143 3469 5396
11161 8707 10824
8707 10824 11161
10824 8707 11161
13202 8236 12699
8236 12699 13202
12699 8236 13202
604 12636 12772
12772 604 12636
12636 604 12772
4187 6071 14199
6071 4187 14199
14199 4187 6071
12256 8434 12325
8434 12256 12325
12325 8434 12256
6941 516 8928
516 6941 8928
8928 516 6941
2205 9294 12827
12827 2205 9294
9294 2205 12827
9627 3851 4112
3851 4112 9627
4112 3851 9627
12649 6072 7282
6072 7282 12649
7282 6072 12649
11465 12239 12957
12239 11465 12957
12957 11465 12239
4853 6280 11799
11799 4853 6280
6280 4853 11799
4332 406 2707
406 2707 4332
2707 406 4332
5549 1606 8978
8978 1606 5549
1606 5549 8978
3242 1671 7642
7642 1671 3242
1671 3242 7642
63 5560 10942
5560 63 10942
10942 63 5560
9423 11506 13999
13999 9423 11506
11506 9423 13999
4796 7723 8193
8193 4796 7723
7723 4796 8193
12417 9965 14090
14090 9965 12417
9965 12417 14090
6365 1927 4338
1927 4338 6365
4338 1927 6365
1135 4006 12695
4006 1135 12695
12695 1135 4006
13652 4569 14331
4569 13652 14331
14331 4569 13652
3059 7628 13300
13300 3059 7628
7628 3059 13300
722 6421 7261
7261 722 6421
6421 722 7261
5178 1115 7312
7312 1115 5178
1115 5178 7312
5399 4402 7058
4402 5399 7058
7058 4402 5399
9494 2560 5628
2560 5628 9494
5628 2560 9494
1867 2640 12205
2640 1867 12205
12205 1867 2640
125 14155 14402
14402 125 14155
14155 125 14402
11221 5031 11484
11484 5031 11221
5031 11221 11484
11822 3604 8507
8507 3604 11822
3604 8507 11822
4248 7483 14206
7483 4248 14206
14206 4248 7483
3962 6445 9731
9731 3962 6445
6445 3962 9731
4586 1677 5658
1677 4586 5658
5658 1677 4586
14934 3270 7254
3270 7254 14934
7254 3270 14934
1909 3477 6761
3477 1909 6761
6761 1909 3477
13238 83 7641
7641 83 13238
83 7641 13238
4134 6100 9748
9748 4134 6100
6100 4134 9748
4931 3834 9537
3834 4931 9537
9537 3834 4931
5341 6046 9691
9691 5341 6046
6046 5341 9691
8024 12747 13365
13365 8024 12747
12747 8024 13365
9767 3866 7297
3866 7297 9767
7297 3866 9767
13374 3782 10130
3782 10130 13374
10130 3782 13374
4515 571 4266
4266 571 4515
571 4266 4515
7270 3931 9216
3931 7270 9216
9216 3931 7270
6472 2793 8221
2793 6472 8221
8221 2793 6472
2306 10939 14550
14550 2306 10939
10939 2306 14550
90 8577 10688
10688 90 8577
8577 90 10688
1566 9161 11246
9161 1566 11246
11246 1566 9161
2348 3998 6552
3998 2348 6552
6552 2348 3998
8324 1297 13711
13711 1297 8324
1297 8324 13711
7151 1362 9263
9263 1362 7151
1362 7151 9263
4428 5557 9415
5557 4428 9415
9415 4428 5557
12855 10345 10395
10395 10345 12855
10345 10395 12855
6356 7216 7617
7617 6356 7216
7216 6356 7617
7171 2727 9975
9975 2727 7171
2727 7171 9975
5290 683 14730
14730 683 5290
683 5290 14730
11992 6922 14134
6922 11992 14134
14134 6922 11992
8590 9136 13001
13001 8590 9136
9136 8590 13001
1955 2853 13550
2853 1955 13550
13550 1955 2853
3490 8574 11427
11427 3490 8574
8574 3490 11427
4956 5561 11320
5561 4956 11320
11320 4956 5561
395 5221 6413
6413 395 5221
5221 395 6413
12488 10893 11701
10893 11701 12488
11701 10893 12488
5542 540 2195
2195 540 5542
540 2195 5542
4082 901 10438
10438 901 4082
901 4082 10438
12606 4320 13839
4320 12606 13839
13839 4320 12606
3649 7576 14800
7576 3649 14800
14800 3649 7576
6635 619 14299
14299 619 6635
619 6635 14299
10881 1478 3234
3234 1478 10881
1478 3234 10881
9613 2285 13640
2285 9613 13640
13640 2285 9613
11519 2963 4277
4277 2963 11519
2963 4277 11519
7415 2191 11129
2191 7415 11129
11129 2191 7415
6309 10486 12220
10486 6309 12220
12220 6309 10486
10820 8192 9814
8192 9814 10820
9814 8192 10820
5498 1748 11527
1748 5498 11527
11527 1748 5498
8800 1774 14301
1774 8800 14301
14301 1774 8800
5462 3924 4757
4757 3924 5462
3924 4757 5462
5761 2024 11063
2024 5761 11063
11063 2024 5761
197 6274 9724
9724 197 6274
6274 197 9724
11617 11158 12656
11158 11617 12656
12656 11158 11617
13009 6101 6954
6101 6954 13009
6954 6101 13009
3696 9543 14223
14223 3696 9543
9543 3696 14223
7661 2656 9260
2656 7661 9260
9260 2656 7661
8995 1088 9677
9677 1088 8995
1088 8995 9677
8405 8105 9940
9940 8105 8405
8105 8405 9940
4027 4702 11239
4702 4027 11239
11239 4027 4702
9961 2461 5654
2461 5654 9961
5654 2461 9961
8457 9818 10513
9818 8457 10513
10513 8457 9818
12027 5471 13097
13097 5471 12027
5471 12027 13097
291 1845 7450
7450 291 1845
1845 291 7450
6083 2164 4359
4359 2164 6083
2164 4359 6083
1839 935 5974
5974 935 1839
935 1839 5974
2372 3487 4439
3487 2372 4439
4439 2372 3487
4699 970 5629
970 4699 5629
5629 970 4699
13767 10257 12081
10257 12081 13767
12081 10257 13767
2270 3426 8436
3426 2270 8436
8436 2270 3426
5752 4225 7130
7130 4225 5752
4225 5752 7130
14789 1796 10037
1796 10037 14789
10037 1796 14789
6433 906 2761
906 2761 6433
2761 906 6433
9605 860 8702
860 8702 9605
8702 860 9605
2956 2349 4159
4159 2349 2956
2349 2956 4159
7706 5684 7945
7945 5684 7706
5684 7706 7945
14258 6431 13084
6431 13084 14258
13084 6431 14258
7486 9102 10085
9102 7486 10085
10085 7486 9102
453 4775 11401
4775 453 11401
11401 453 4775
14399 4432 14167
14167 4432 14399
4432 14167 14399
7901 7437 8810
7437 7901 8810
8810 7437 7901
14491 1851 11202
11202 1851 14491
1851 11202 14491
11605 122 1053
1053 122 11605
122 1053 11605
2482 2189 4395
4395 2189 2482
2189 2482 4395
971 3326 8874
3326 971 8874
8874 971 3326
1976 1269 11693
1269 1976 11693
11693 1269 1976
8617 2948 9529
9529 2948 8617
2948 8617 9529
8188 13129 14405
14405 8188 13129
13129 8188 14405
126 4736 14193
4736 126 14193
14193 126 4736
12347 1335 6225
1335 6225 12347
6225 1335 12347
1771 3352 8925
8925 1771 3352
3352 1771 8925
10451 6726 9464
9464 6726 10451
6726 9464 10451
6117 6340 14482
6340 6117 14482
14482 6117 6340
4287 7876 10788
7876 4287 10788
10788 4287 7876
3222 3308 4995
3308 3222 4995
4995 3222 3308
13841 11778 14326
14326 11778 13841
11778 13841 14326
7676 2417 5812
5812 2417 7676
2417 5812 7676
8658 2715 7565
2715 7565 8658
7565 2715 8658
2615 6074 13922
6074 2615 13922
13922 2615 6074
4357 11607 14400
14400 4357 11607
11607 4357 14400
13059 3596 6959
3596 6959 13059
6959 3596 13059
147 5124 5686
5124 147 5686
5686 147 5124
4386 12432 14419
12432 4386 14419
14419 4386 12432
1811 5273 13828
5273 1811 13828
13828 1811 5273
2902 8060 14520
14520 2902 8060
8060 2902 14520
11113 5021 5304
5021 5304 11113
5304 5021 11113
11866 775 13715
775 11866 13715
13715 775 11866
4398 3043 3656
3656 3043 4398
3043 3656 4398
6846 4385 7308
7308 4385 6846
4385 6846 7308
10526 469 8881
8881 469 10526
469 8881 10526
14990 5809 10817
5809 10817 14990
10817 5809 14990
9534 12945 13282
12945 9534 13282
13282 9534 12945
5836 2308 3196
2308 3196 5836
3196 2308 5836
9416 13174 14964
14964 9416 13174
13174 9416 14964
8979 12293 13869
12293 8979 13869
13869 8979 12293
3197 1679 13926
1679 3197 13926
13926 1679 3197
3713 7074 9041
9041 3713 7074
7074 3713 9041
4857 5534 13981
13981 4857 5534
5534 4857 13981
7248 44 14173
14173 44 7248
44 7248 14173
5085 12801 14602
14602 5085 12801
12801 5085 14602
3826 561 9344
9344 561 3826
561 3826 9344
8681 4782 12028
12028 4782 8681
4782 8681 12028
13263 8360 10755
8360 10755 13263
10755 8360 13263
472 1119 3101
1119 472 3101
3101 472 1119
2386 2608 8040
8040 2386 2608
2608 2386 8040
10327 5403 6870
5403 6870 10327
6870 5403 10327
4565 11 6996
11 4565 6996
6996 11 4565
8636 6840 8474
6840 8474 8636
8474 6840 8636
10389 6531 9024
9024 6531 10389
6531 9024 10389
13445 3781 12128
12128 3781 13445
3781 12128 13445
3501 3047 3679
3679 3047 3501
3047 3501 3679
3555 242 13184
242 3555 13184
13184 242 3555
13105 2419 14827
2419 13105 14827
14827 2419 13105
11792 2166 10204
2166 10204 11792
10204 2166 11792
1355 2529 9587
2529 1355 9587
9587 1355 2529
7140 11334 14792
11334 7140 14792
14792 7140 11334
5132 212 9950
9950 212 5132
212 5132 9950
5001 12393 12928
12928 5001 12393
12393 5001 12928
62 2128 7102
7102 62 2128
2128 62 7102
11645 176 4852
176 4852 11645
4852 176 11645
1479 7082 10392
10392 1479 7082
7082 1479 10392
7949 2255 6329
2255 6329 7949
6329 2255 7949
14181 9289 11934
9289 11934 14181
11934 9289 14181
2653 8683 12207
8683 2653 12207
12207 2653 8683
9323 7109 12248
7109 9323 12248
12248 7109 9323
5767 921 8775
8775 921 5767
921 5767 8775
12508 2532 2564
2564 2532 12508
2532 2564 12508
14548 2198 4759
2198 4759 14548
4759 2198 14548
3283 3386 8294
8294 3283 3386
3386 3283 8294
6314 1047 8542
8542 1047 6314
1047 6314 8542
12004 545 11897
11897 545 12004
545 11897 12004
309 66 8738
66 309 8738
8738 66 309
431 6084 14879
14879 431 6084
6084 431 14879
2721 10914 12788
12788 2721 10914
10914 2721 12788
8578 12900 14640
14640 8578 12900
12900 8578 14640
1878 5713 6067
6067 1878 5713
5713 1878 6067
1477 8989 11339
8989 1477 11339
11339 1477 8989
2545 6706 10066
6706 2545 10066
10066 2545 6706
2457 1150 14566
1150 2457 14566
14566 1150 2457
509 6829 7260
6829 509 7260
7260 509 6829
5035 2311 11813
11813 2311 5035
2311 5035 11813
3334 3309 12768
12768 3309 3334
3309 3334 12768
7693 10243 14337
10243 7693 14337
14337 7693 10243
2411 11108 13332
13332 2411 11108
11108 2411 13332
1584 8113 11039
8113 1584 11039
11039 1584 8113
8364 1617 3567
3567 1617 8364
1617 3567 8364
5114 2137 9751
9751 2137 5114
2137 5114 9751
6574 9523 12914
9523 6574 12914
12914 6574 9523
13191 6347 10923
6347 10923 13191
10923 6347 13191
11383 756 6097
6097 756 11383
756 6097 11383
8884 8888 10556
10556 8884 8888
8888 8884 10556
3103 1430 2782
2782 1430 3103
1430 2782 3103
4163 680 11055
11055 680 4163
680 4163 11055
4881 2576 5860
2576 4881 5860
5860 2576 4881
6269 7220 11174
7220 6269 11174
11174 6269 7220
1274 10205 14108
10205 1274 14108
14108 1274 10205
14708 130 3080
130 3080 14708
3080 130 14708
786 11874 12771
11874 786 12771
12771 786 11874
7294 7828 11172
11172 7294 7828
7828 7294 11172
6808 1598 4784
4784 1598 6808
1598 4784 6808
7384 10487 14703
14703 7384 10487
10487 7384 14703
12408 737 10450
10450 737 12408
737 10450 12408
6540 6636 7751
6636 6540 7751
7751 6540 6636
6210 2544 13777
13777 2544 6210
2544 6210 13777
2469 1296 9226
9226 1296 2469
1296 2469 9226
8797 1208 6507
6507 1208 8797
1208 6507 8797
5448 1353 7689
1353 5448 7689
7689 1353 5448
13419 2043 12420
12420 2043 13419
2043 12420 13419
12102 4753 8144
4753 8144 12102
8144 4753 12102
560 6436 12558
6436 560 12558
12558 560 6436
2691 2192 4086
4086 2192 2691
2192 2691 4086
9640 10896 12557
12557 9640 10896
10896 9640 12557
7639 7192 14529
7192 7639 14529
14529 7192 7639
9182 685 2350
2350 685 9182
685 2350 9182
11579 6085 11018
11018 6085 11579
6085 11018 11579
5445 1797 8190
8190 1797 5445
1797 5445 8190
4175 3968 14986
14986 3968 4175
3968 4175 14986
9264 3552 11907
11907 3552 9264
3552 9264 11907
14671 614 9227
614 9227 14671
9227 614 14671
10024 8197 13423
13423 8197 10024
8197 10024 13423
3622 2919 7426
2919 3622 7426
7426 2919 3622
12469 9333 10157
10157 9333 12469
9333 10157 12469
2815 12095 12874
12095 2815 12874
12874 2815 12095
1008 2163 10413
10413 1008 2163
2163 1008 10413
14225 1942 13230
13230 1942 14225
1942 13230 14225
11195 8936 11664
8936 11195 11664
11664 8936 11195
9624 4549 12311
4549 9624 12311
12311 4549 9624
11060 6326 7290
7290 6326 11060
6326 7290 11060
11529 4756 10028
4756 10028 11529
10028 4756 11529
8628 919 11788
919 8628 11788
11788 919 8628
3160 2666 9776
2666 3160 9776
9776 2666 3160
13956 4356 10697
10697 4356 13956
4356 10697 13956
5689 4626 12517
12517 4626 5689
4626 5689 12517
933 1349 13548
13548 933 1349
1349 933 13548
4805 3415 14939
14939 3415 4805
3415 4805 14939
6528 285 12372
285 6528 12372
12372 285 6528
12008 1994 7161
1994 7161 12008
7161 1994 12008
12089 1179 8863
8863 1179 12089
1179 8863 12089
1441 3139 10572
10572 1441 3139
3139 1441 10572
3566 3944 9081
9081 3566 3944
3944 3566 9081
9775 10472 12170
10472 9775 12170
12170 9775 10472
336 2004 13964
2004 336 13964
13964 336 2004
3194 5806 11089
5806 3194 11089
11089 3194 5806
11551 352 13389
13389 352 11551
352 11551 13389
12604 4033 5271
5271 4033 12604
4033 5271 12604
6680 3377 11088
3377 6680 11088
11088 3377 6680
7363 4394 8184
8184 4394 7363
4394 7363 8184
2487 4594 8983
8983 2487 4594
4594 2487 8983
8128 4989 7239
7239 4989 8128
4989 7239 8128
4693 6036 11760
11760 4693 6036
6036 4693 11760
14008 9810 12681
9810 12681 14008
12681 9810 14008
14499 2134 5016
2134 5016 14499
5016 2134 14499
7719 1490 8967
8967 1490 7719
1490 7719 8967
7419 5790 10852
10852 5790 7419
5790 7419 10852
14721 659 8110
8110 659 14721
659 8110 14721
5057 3529 13153
13153 3529 5057
3529 5057 13153
5026 610 13812
13812 610 5026
610 5026 13812
11299 477 3079
477 3079 11299
3079 477 11299
6130 4150 13062
13062 4150 6130
4150 6130 13062
8655 5728 8865
8865 5728 8655
5728 8655 8865
13919 11973 12532
12532 11973 13919
11973 12532 13919
3534 12474 12901
12474 3534 12901
12901 3534 12474
12225 7792 9755
7792 9755 12225
9755 7792 12225
10179 7636 12521
7636 10179 12521
12521 7636 10179
12888 996 9016
9016 996 12888
996 9016 12888
10776 5269 7648
5269 7648 10776
7648 5269 10776
2580 3691 12765
3691 2580 12765
12765 2580 3691
10232 2298 10750
10750 2298 10232
2298 10232 10750
8756 5171 9964
5171 8756 9964
9964 5171 8756
4076 3034 14366
14366 3034 4076
3034 4076 14366
1687 2312 3986
2312 1687 3986
3986 1687 2312
11892 8339 14261
8339 11892 14261
14261 8339 11892
3235 14075 14855
14855 3235 14075
14075 3235 14855
7178 3883 6791
3883 6791 7178
6791 3883 7178
3994 9960 12034
9960 3994 12034
12034 3994 9960
12204 4998 13109
13109 4998 12204
4998 12204 13109
12640 12 9299
9299 12 12640
12 9299 12640
9049 8520 13782
13782 8520 9049
8520 9049 13782
5888 6466 11404
11404 5888 6466
6466 5888 11404
5444 3989 7795
3989 5444 7795
7795 3989 5444
975 4253 7364
7364 975 4253
4253 975 7364
6032 9171 9853
9171 6032 9853
9853 6032 9171
5911 12455 12955
12455 5911 12955
12955 5911 12455
1412 3937 9760
9760 1412 3937
3937 1412 9760
777 946 8456
946 777 8456
8456 777 946
3460 7360 12165
7360 3460 12165
12165 3460 7360
12328 9009 13470
9009 12328 13470
13470 9009 12328
307 2475 7838
7838 307 2475
2475 307 7838
14474 6027 11165
6027 11165 14474
11165 6027 14474
12856 4419 12385
12385 4419 12856
4419 12385 12856
5300 3306 5250
5250 3306 5300
3306 5250 5300
3889 4993 10866
4993 3889 10866
10866 3889 4993
13249 3337 14641
3337 13249 14641
14641 3337 13249
10422 9038 10934
9038 10422 10934
10934 9038 10422
10662 1144 4547
1144 4547 10662
4547 1144 10662
9932 5349 11301
5349 9932 11301
11301 5349 9932
2260 475 6192
475 2260 6192
6192 475 2260
11694 7361 7438
7361 7438 11694
7438 7361 11694
11493 6081 13918
13918 6081 11493
6081 11493 13918
12839 5331 5905
5331 5905 12839
5905 5331 12839
4070 727 5278
5278 727 4070
727 4070 5278
4654 4845 6720
6720 4654 4845
4845 4654 6720
4824 10561 14464
10561 4824 14464
14464 4824 10561
2891 10375 10555
10375 2891 10555
10555 2891 10375
1814 3615 13619
3615 1814 13619
13619 1814 3615
3040 5764 7891
5764 3040 7891
7891 3040 5764
1848 578 12805
12805 578 1848
578 1848 12805
12895 4652 10051
10051 4652 12895
4652 10051 12895
6238 10604 10949
10949 6238 10604
10604 6238 10949
9647 1295 9193
9193 1295 9647
1295 9193 9647
8346 2048 9928
2048 8346 9928
9928 2048 8346
2408 2567 10826
10826 2408 2567
2567 2408 10826
7579 2238 9601
2238 7579 9601
9601 2238 7579
3758 1425 4512
1425 3758 4512
4512 1425 3758
928 5237 13492
5237 928 13492
13492 928 5237
9115 391 4166
391 4166 9115
4166 391 9115
3070 2365 14512
14512 2365 3070
2365 3070 14512
11340 3036 11902
11902 3036 11340
3036 11340 11902
5112 7007 9224
7007 5112 9224
9224 5112 7007
5729 3069 8230
3069 5729 8230
8230 3069 5729
10625 5434 13587
13587 5434 10625
5434 10625 13587
6578 9070 9536
9070 6578 9536
9536 6578 9070
6010 1170 7045
7045 1170 6010
1170 6010 7045
7652 2720 6819
2720 6819 7652
6819 2720 7652
9281 1343 9783
1343 9281 9783
9783 1343 9281
12056 3840 13322
3840 12056 13322
13322 3840 12056
3320 9067 12569
12569 3320 9067
9067 3320 12569
3514 6646 12323
6646 3514 12323
12323 3514 6646
5946 2990 5667
2990 5667 5946
5667 2990 5946
4958 5127 12753
5127 4958 12753
12753 4958 5127
603 1258 13751
13751 603 1258
1258 603 13751
2387 1757 5610
1757 2387 5610
5610 1757 2387
3905 3485 3683
3485 3683 3905
3683 3485 3905
3084 1654 8528
1654 3084 8528
8528 1654 3084
10186 2477 5883
2477 5883 10186
5883 2477 10186
964 1802 6491
1802 964 6491
6491 964 1802
5517 2340 10442
2340 5517 10442
10442 2340 5517
3717 10059 11407
11407 3717 10059
10059 3717 11407
11981 4066 12973
4066 11981 12973
12973 4066 11981
4408 1715 13632
1715 4408 13632
13632 1715 4408
4132 2416 9259
2416 4132 9259
9259 2416 4132
14136 4333 7298
7298 4333 14136
4333 7298 14136
9301 2030 8652
8652 2030 9301
2030 8652 9301
9140 3861 11479
11479 3861 9140
3861 9140 11479
6981 1197 8129
8129 1197 6981
1197 6981 8129
1045 12958 13083
12958 1045 13083
13083 1045 12958
9473 2096 7346
2096 7346 9473
7346 2096 9473
9579 7177 13125
13125 7177 9579
7177 9579 13125
4617 2915 10308
2915 4617 10308
10308 2915 4617
4677 2543 4058
2543 4058 4677
4058 2543 4677
12046 599 9918
599 9918 12046
9918 599 12046
14720 4627 11945
11945 4627 14720
4627 11945 14720
6019 10292 13791
10292 6019 13791
13791 6019 10292
6440 6913 12226
12226 6440 6913
6913 6440 12226
3723 11335 11870
11335 3723 11870
11870 3723 11335
1735 4747 6575
4747 1735 6575
6575 1735 4747
7966 2279 10077
10077 2279 7966
2279 7966 10077
3338 4525 14475
14475 3338 4525
4525 3338 14475
12424 3869 13323
13323 3869 12424
3869 12424 13323
6030 7772 13886
7772 6030 13886
13886 6030 7772
1818 4093 11660
4093 1818 11660
11660 1818 4093
14163 805 1465
805 1465 14163
1465 805 14163
2335 5931 10831
5931 2335 10831
10831 2335 5931
14863 9501 9849
9849 9501 14863
9501 9849 14863
4270 8791 12121
12121 4270 8791
8791 4270 12121
11491 2642 3104
3104 2642 11491
2642 3104 11491
6758 5236 8606
5236 6758 8606
8606 5236 6758
8065 2729 8503
2729 8065 8503
8503 2729 8065
5432 2574 3547
3547 2574 5432
2574 3547 5432
4887 959 7578
7578 959 4887
959 4887 7578
6718 10079 12218
10079 6718 12218
12218 6718 10079
10147 3071 7690
3071 7690 10147
7690 3071 10147
486 3560 3860
3560 486 3860
3860 486 3560
13798 438 11459
438 11459 13798
11459 438 13798
7322 2772 14706
14706 2772 7322
2772 7322 14706
1202 1674 8326
8326 1202 1674
1674 1202 8326
13826 4146 4292
4292 4146 13826
4146 4292 13826
9723 4516 13963
4516 9723 13963
13963 4516 9723
12422 5718 5787
5787 5718 12422
5718 5787 12422
1254 2569 5621
2569 1254 5621
5621 1254 2569
13196 6803 11229
11229 6803 13196
6803 11229 13196
7455 6562 8196
6562 7455 8196
8196 6562 7455
12356 5975 9701
9701 5975 12356
5975 9701 12356
8780 10210 11808
10210 8780 11808
11808 8780 10210
7692 6909 12713
12713 6909 7692
6909 7692 12713
4991 1407 12209
12209 1407 4991
1407 4991 12209
5251 3127 8315
8315 3127 5251
3127 5251 8315
10657 1662 2392
2392 1662 10657
1662 2392 10657
3407 6362 13884
13884 3407 6362
6362 3407 13884
10082 2470 11473
11473 2470 10082
2470 10082 11473
10363 10859 13900
10859 10363 13900
13900 10363 10859
156 8384 13309
13309 156 8384
8384 156 13309
14539 3706 11767
11767 3706 14539
3706 11767 14539
5890 13425 13974
13974 5890 13425
13425 5890 13974
1024 6998 13672
13672 1024 6998
6998 1024 13672
9801 995 2877
2877 995 9801
995 2877 9801
8260 12435 13422
13422 8260 12435
12435 8260 13422
13647 5778 13480
13480 5778 13647
5778 13480 13647
13407 6517 14312
14312 6517 13407
6517 13407 14312
1626 2160 14838
2160 1626 14838
14838 1626 2160
541 4653 8490
4653 541 8490
8490 541 4653
7837 3014 6376
3014 6376 7837
6376 3014 7837
3023 8292 10608
10608 3023 8292
8292 3023 10608
5293 7005 9943
7005 5293 9943
9943 5293 7005
10240 4044 13967
13967 4044 10240
4044 10240 13967
11622 3190 9266
3190 9266 11622
9266 3190 11622
14628 1382 10541
1382 10541 14628
10541 1382 14628
11215 13025 13645
13645 11215 13025
13025 11215 13645
1829 4013 5322
4013 1829 5322
5322 1829 4013
10594 4179 4509
4179 4509 10594
4509 4179 10594
14275 3495 6946
6946 3495 14275
3495 6946 14275
13090 2756 12049
2756 12049 13090
12049 2756 13090
14951 1540 5084
1540 5084 14951
5084 1540 14951
7407 2758 8572
2758 7407 8572
8572 2758 7407
7513 4361 12274
12274 4361 7513
4361 7513 12274
695 11943 14298
14298 695 11943
11943 695 14298
11869 449 4263
449 4263 11869
4263 449 11869
11876 10640 13859
13859 10640 11876
10640 11876 13859
14152 7911 12974
7911 12974 14152
12974 7911 14152
8077 824 6316
824 6316 8077
6316 824 8077
11403 3458 5230
3458 5230 11403
5230 3458 11403
14311 1760 3592
1760 3592 14311
3592 1760 14311
5694 3035 12143
12143 3035 5694
3035 5694 12143
6177 7138 8684
7138 6177 8684
8684 6177 7138
1178 9111 14862
9111 1178 14862
14862 1178 9111
14230 9356 10813
10813 9356 14230
9356 10813 14230
5664 9186 10531
9186 5664 10531
10531 5664 9186
2458 8016 12098
8016 2458 12098
12098 2458 8016
8821 3007 11196
3007 8821 11196
11196 3007 8821
2733 204 13288
13288 204 2733
204 2733 13288
11388 1916 9446
1916 9446 11388
9446 1916 11388
10429 3632 8543
3632 8543 10429
8543 3632 10429
1672 4451 12052
12052 1672 4451
4451 1672 12052
6088 6485 9773
9773 6088 6485
6485 6088 9773
1337 968 7753
7753 968 1337
968 1337 7753
13605 1583 8811
8811 1583 13605
1583 8811 13605
5151 6424 12930
6424 5151 12930
12930 5151 6424
7446 11689 11739
11689 7446 11739
11739 7446 11689
11275 2246 3979
3979 2246 11275
2246 3979 11275
13403 4374 6912
4374 6912 13403
6912 4374 13403
5894 726 3506
3506 726 5894
726 3506 5894
9854 7909 8327
8327 7909 9854
7909 8327 9854
7328 1728 9399
1728 7328 9399
9399 1728 7328
5977 3052 10862
3052 5977 10862
10862 3052 5977
12177 192 9565
9565 192 12177
192 9565 12177
6135 6604 12941
12941 6135 6604
6604 6135 12941
12043 13561 14785
13561 12043 14785
14785 12043 13561
3537 11207 11514
11207 3537 11514
11514 3537 11207
11765 5332 7366
5332 7366 11765
7366 5332 11765
14933 11399 12878
11399 12878 14933
12878 11399 14933
1345 9287 13730
9287 1345 13730
13730 1345 9287
6628 2354 9220
2354 6628 9220
9220 2354 6628
5666 11964 14336
14336 5666 11964
11964 5666 14336
7432 9934 10197
10197 7432 9934
9934 7432 10197
10558 174 9779
9779 174 10558
174 9779 10558
2753 2484 7090
7090 2484 2753
2484 2753 7090
12531 2072 10747
2072 10747 12531
10747 2072 12531
6165 574 6302
6302 574 6165
574 6165 6302
12899 5893 7976
7976 5893 12899
5893 7976 12899
8121 1484 12550
12550 1484 8121
1484 8121 12550
11894 734 14849
14849 734 11894
734 11894 14849
6250 10787 11831
10787 6250 11831
11831 6250 10787
10931 2343 3743
3743 2343 10931
2343 3743 10931
1759 5913 10196
5913 1759 10196
10196 1759 5913
10330 3024 7365
3024 7365 10330
7365 3024 10330
11105 1582 5023
5023 1582 11105
1582 5023 11105
4126 1898 12118
1898 4126 12118
12118 1898 4126
5350 873 12241
873 5350 12241
12241 873 5350
8743 8626 13394
8626 8743 13394
13394 8626 8743
3530 11588 14742
14742 3530 11588
11588 3530 14742
14772 13256 14283
14283 13256 14772
13256 14283 14772
2659 5680 12637
12637 2659 5680
5680 2659 12637
10737 2813 3246
3246 2813 10737
2813 3246 10737
14519 3756 7355
7355 3756 14519
3756 7355 14519
210 937 11593
937 210 11593
11593 210 937
8629 3387 8287
8287 3387 8629
3387 8287 8629
7695 5719 13861
5719 7695 13861
13861 5719 7695
14982 1181 7135
1181 7135 14982
7135 1181 14982
14262 4880 13265
4880 13265 14262
13265 4880 14262
13142 8460 13358
13358 8460 13142
8460 13142 13358
8786 2502 3296
2502 3296 8786
3296 2502 8786
1306 8288 14408
8288 1306 14408
14408 1306 8288
7016 4494 9698
4494 7016 9698
9698 4494 7016
10518 582 2776
582 2776 10518
2776 582 10518
1523 4848 5595
4848 1523 5595
5595 1523 4848
2778 2983 13961
13961 2778 2983
2983 2778 13961
8354 9162 13357
9162 8354 13357
13357 8354 9162
8376 2926 3546
3546 2926 8376
2926 3546 8376
5925 11217 14138
11217 5925 14138
14138 5925 11217
8754 8504 11986
8504 8754 11986
11986 8504 8754
6419 4458 9208
9208 4458 6419
4458 6419 9208
4530 1185 11373
1185 4530 11373
11373 1185 4530
12135 5284 7670
7670 5284 12135
5284 7670 12135
11488 2410 5537
2410 5537 11488
5537 2410 11488
12448 7088 11150
7088 11150 12448
11150 7088 12448
11291 4902 6637
4902 6637 11291
6637 4902 11291
2324 2121 2239
2121 2239 2324
2239 2121 2324
13182 3794 11893
11893 3794 13182
3794 11893 13182
6366 1943 9883
1943 6366 9883
9883 1943 6366
8043 2169 10488
10488 2169 8043
2169 8043 10488
9278 3183 13112
3183 9278 13112
13112 3183 9278
2177 2507 8534
2507 2177 8534
8534 2177 2507
14664 1947 2549
2549 1947 14664
1947 2549 14664
4480 10730 13907
13907 4480 10730
10730 4480 13907
788 9615 13351
9615 788 13351
13351 788 9615
12673 8716 9253
8716 9253 12673
9253 8716 12673
14079 6886 11359
6886 11359 14079
11359 6886 14079
13553 2041 14154
14154 2041 13553
2041 13553 14154
12467 2938 8284
2938 8284 12467
8284 2938 12467
4988 53 762
53 762 4988
762 53 4988
9397 4118 11675
11675 4118 9397
4118 9397 11675
11589 2579 10870
2579 10870 11589
10870 2579 11589
4872 1084 10307
10307 1084 4872
1084 4872 10307
8497 1357 6191
1357 6191 8497
6191 1357 8497
6801 6012 13977
6012 6801 13977
13977 6012 6801
8812 4072 7128
4072 7128 8812
7128 4072 8812
3642 2561 13615
2561 3642 13615
13615 2561 3642
11727 470 14457
470 11727 14457
14457 470 11727
2496 4373 13381
4373 2496 13381
13381 2496 4373
5811 10146 14044
10146 5811 14044
14044 5811 10146
12912 6201 12169
12169 6201 12912
6201 12169 12912
2786 6385 12064
12064 2786 6385
6385 2786 12064
6570 7800 11904
7800 6570 11904
11904 6570 7800
4863 1474 7758
7758 1474 4863
1474 4863 7758
8191 11450 14873
14873 8191 11450
11450 8191 14873
12729 3621 11160
11160 3621 12729
3621 11160 12729
7851 6871 12852
12852 6871 7851
6871 7851 12852
1148 4574 6478
4574 1148 6478
6478 1148 4574
2558 39 12269
39 2558 12269
12269 39 2558
8911 4680 12024
4680 8911 12024
12024 4680 8911
9667 8206 11344
11344 8206 9667
8206 9667 11344
11999 2188 8180
8180 2188 11999
2188 8180 11999
14413 9401 11500
9401 11500 14413
11500 9401 14413
7524 4178 11153
4178 7524 11153
11153 4178 7524
4216 1314 10357
1314 4216 10357
10357 1314 4216
1379 8722 10199
10199 1379 8722
8722 1379 10199
12099 1346 14186
1346 12099 14186
14186 1346 12099
5000 3363 5572
5572 3363 5000
3363 5000 5572
182 4059 14659
14659 182 4059
4059 182 14659
3682 2284 10342
10342 2284 3682
2284 3682 10342
8551 2142 14411
14411 2142 8551
2142 8551 14411
11665 8446 10490
8446 10490 11665
10490 8446 11665
3949 2309 8300
2309 3949 8300
8300 2309 3949
10209 4234 13942
13942 4234 10209
4234 10209 13942
6404 382 10978
382 6404 10978
10978 382 6404
5141 11270 13475
13475 5141 11270
11270 5141 13475
12439 8430 8915
8430 8915 12439
8915 8430 12439
14165 5731 7687
5731 7687 14165
7687 5731 14165
912 6355 10969
6355 912 10969
10969 912 6355
628 10140 13022
13022 628 10140
10140 628 13022
8718 8441 11637
11637 8441 8718
8441 8718 11637
13566 5802 8189
8189 5802 13566
5802 8189 13566
9906 1027 13882
1027 9906 13882
13882 1027 9906
10702 7470 11305
11305 7470 10702
7470 10702 11305
9113 2637 3081
2637 3081 9113
3081 2637 9113
783 4479 13840
13840 783 4479
4479 783 13840
13796 4907 10769
4907 10769 13796
10769 4907 13796
9507 9489 12843
12843 9489 9507
9489 9507 12843
4590 9318 11839
9318 4590 11839
11839 4590 9318
10938 341 13373
13373 341 10938
341 10938 13373
7299 2067 7922
7922 2067 7299
2067 7299 7922
9559 3131 6064
6064 3131 9559
3131 6064 9559
12952 6964 8402
8402 6964 12952
6964 8402 12952
12395 9856 14091
14091 9856 12395
9856 12395 14091
8035 6186 14418
6186 8035 14418
14418 6186 8035
77 557 13362
13362 77 557
557 77 13362
299 2966 10652
10652 299 2966
2966 299 10652
9656 1222 13656
13656 1222 9656
1222 9656 13656
3522 3329 9386
3329 3522 9386
9386 3329 3522
9684 5701 11858
11858 5701 9684
5701 9684 11858
13229 7139 13651
7139 13229 13651
13651 7139 13229
10 6373 12374
12374 10 6373
6373 10 12374
13838 2525 13790
13790 2525 13838
2525 13790 13838
8790 1562 13860
1562 8790 13860
13860 1562 8790
12460 6293 8564
8564 6293 12460
6293 8564 12460
1686 1572 7456
1572 1686 7456
7456 1572 1686
1525 3813 13185
13185 1525 3813
3813 1525 13185
2186 7264 11712
11712 2186 7264
7264 2186 11712
14801 910 11663
910 11663 14801
11663 910 14801
5326 14572 14996
14572 5326 14996
14996 5326 14572
807 6717 12367
12367 807 6717
6717 807 12367
12291 11123 12126
11123 12126 12291
12126 11123 12291
2900 11180 11772
11180 2900 11772
11772 2900 11180
213 3207 7259
3207 213 7259
7259 213 3207
319 12529 13857
12529 319 13857
13857 319 12529
6148 9137 13173
9137 6148 13173
13173 6148 9137
3595 4788 5487
4788 3595 5487
5487 3595 4788
14864 4317 7782
4317 7782 14864
7782 4317 14864
10694 5389 7813
7813 5389 10694
5389 7813 10694
3618 3427 6344
6344 3427 3618
3427 3618 6344
13827 10791 14264
10791 13827 14264
14264 10791 13827
13360 476 10394
10394 476 13360
476 10394 13360
7056 958 8710
958 7056 8710
8710 958 7056
3651 10847 13935
13935 3651 10847
10847 3651 13935
14738 2764 9569
9569 2764 14738
2764 9569 14738
12333 6076 7587
6076 7587 12333
7587 6076 12333
4466 9890 13899
9890 4466 13899
13899 4466 9890
13099 7083 10158
10158 7083 13099
7083 10158 13099
6147 7342 14208
7342 6147 14208
14208 6147 7342
437 2081 3335
2081 437 3335
3335 437 2081
14466 12562 14685
12562 14466 14685
14685 12562 14466
3291 529 7770
529 3291 7770
7770 529 3291
11628 1764 2222
1764 2222 11628
2222 1764 11628
2724 11594 13962
13962 2724 11594
11594 2724 13962
7063 1717 2663
2663 1717 7063
1717 2663 7063
12365 5872 8352
8352 5872 12365
5872 8352 12365
13644 430 10733
10733 430 13644
430 10733 13644
12321 6815 10976
10976 6815 12321
6815 10976 12321
9151 7235 13927
13927 7235 9151
7235 9151 13927
12250 1935 14607
1935 12250 14607
14607 1935 12250
14667 2425 11812
11812 2425 14667
2425 11812 14667
14022 1128 11647
11647 1128 14022
1128 11647 14022
7804 8726 14620
8726 7804 14620
14620 7804 8726
7050 4791 6481
4791 6481 7050
6481 4791 7050
10668 12216 14196
12216 10668 14196
14196 10668 12216
4164 6205 13223
6205 4164 13223
13223 4164 6205
890 3930 9368
9368 890 3930
3930 890 9368
4972 2781 5815
5815 2781 4972
2781 4972 5815
10616 8509 14646
8509 10616 14646
14646 8509 10616
4744 11634 13232
11634 4744 13232
13232 4744 11634
7123 10109 14803
10109 7123 14803
14803 7123 10109
1443 5100 11891
11891 1443 5100
5100 1443 11891
825 3790 13655
13655 825 3790
3790 825 13655
207 4751 7843
7843 207 4751
4751 207 7843
13433 1001 1359
1001 1359 13433
1359 1001 13433
12724 10997 14892
14892 10997 12724
10997 12724 14892
853 2599 13027
2599 853 13027
13027 853 2599
14274 7645 8792
8792 7645 14274
7645 8792 14274
12129 9869 10550
10550 9869 12129
9869 10550 12129
613 5520 12093
5520 613 12093
12093 613 5520
2073 3565 8380
8380 2073 3565
3565 2073 8380
10225 11438 12083
11438 10225 12083
12083 10225 11438
14517 1158 5042
5042 1158 14517
1158 5042 14517
900 8585 13399
8585 900 13399
13399 900 8585
7482 4425 6931
6931 4425 7482
4425 6931 7482
14231 2921 9980
9980 2921 14231
2921 9980 14231
5044 6545 10174
6545 5044 10174
10174 5044 6545
6599 6521 10370
6521 6599 10370
10370 6521 6599
5962 3704 8916
8916 3704 5962
3704 5962 8916
4469 2056 5196
5196 2056 4469
2056 4469 5196
14658 487 10317
10317 487 14658
487 10317 14658
6651 10461 10667
10461 6651 10667
10667 6651 10461
8435 2088 9429
2088 8435 9429
9429 2088 8435
14011 1526 7995
1526 7995 14011
7995 1526 14011
3137 11724 12866
12866 3137 11724
11724 3137 12866
6185 3606 11382
11382 3606 6185
3606 6185 11382
9644 5275 11867
11867 5275 9644
5275 9644 11867
5964 3360 7538
7538 3360 5964
3360 5964 7538
5115 3753 5435
3753 5115 5435
5435 3753 5115
8223 3359 5054
3359 5054 8223
5054 3359 8223
11730 8329 11128
8329 11128 11730
11128 8329 11730
7609 1368 9307
9307 1368 7609
1368 7609 9307
7343 183 10434
183 7343 10434
10434 183 7343
7144 49 7431
7431 49 7144
49 7144 7431
116 2000 2798
2798 116 2000
2000 116 2798
14569 12701 13712
13712 12701 14569
12701 13712 14569
13998 5425 12965
12965 5425 13998
5425 12965 13998
4563 4230 4963
4230 4563 4963
4963 4230 4563
11355 10536 12653
10536 11355 12653
12653 10536 11355
4787 5374 10599
10599 4787 5374
5374 4787 10599
1556 10090 11398
10090 1556 11398
11398 1556 10090
3169 544 2032
2032 544 3169
544 2032 3169
2882 2879 14030
2879 2882 14030
14030 2879 2882
1834 1877 12285
12285 1834 1877
1877 1834 12285
11522 1050 12133
1050 11522 12133
12133 1050 11522
14573 1762 8623
8623 1762 14573
1762 8623 14573
12270 8957 13968
13968 8957 12270
8957 12270 13968
7779 1688 13893
13893 1688 7779
1688 7779 13893
7111 446 12731
12731 446 7111
446 7111 12731
10213 332 14694
332 10213 14694
14694 332 10213
10272 13499 13654
13654 10272 13499
13499 10272 13654
3293 8668 10343
10343 3293 8668
8668 3293 10343
3065 1889 14340
1889 3065 14340
14340 1889 3065
4795 9972 13722
9972 4795 13722
13722 4795 9972
1595 8785 11061
8785 1595 11061
11061 1595 8785
3662 8994 12335
8994 3662 12335
12335 3662 8994
11162 3054 5219
3054 5219 11162
5219 3054 11162
3571 4580 8156
4580 3571 8156
8156 3571 4580
549 5971 7656
7656 549 5971
5971 549 7656
13689 569 9898
569 9898 13689
9898 569 13689
13955 9484 12589
12589 9484 13955
9484 12589 13955
7740 1680 4256
1680 4256 7740
4256 1680 7740
2315 4153 13623
4153 2315 13623
13623 2315 4153
4366 3133 14535
3133 4366 14535
14535 3133 4366
10193 5970 12770
5970 10193 12770
12770 5970 10193
7575 7583 12689
12689 7575 7583
7583 7575 12689
4104 4802 12377
12377 4104 4802
4802 4104 12377
8511 5921 11980
5921 8511 11980
11980 5921 8511
14398 2493 10203
2493 10203 14398
10203 2493 14398
13850 14349 14728
14349 13850 14728
14728 13850 14349
3011 2139 10937
2139 3011 10937
10937 2139 3011
6732 1140 5224
5224 1140 6732
1140 5224 6732
1015 3774 4113
4113 1015 3774
3774 1015 4113
11191 6974 10653
6974 10653 11191
10653 6974 11191
5795 5750 9862
9862 5750 5795
5750 5795 9862
6488 6251 13701
6251 6488 13701
13701 6251 6488
12047 8084 9763
8084 9763 12047
9763 8084 12047
3995 9618 13498
13498 3995 9618
9618 3995 13498
9430 8473 14112
8473 9430 14112
14112 8473 9430
10879 3671 12704
12704 3671 10879
3671 10879 12704
10441 1973 11474
1973 10441 11474
11474 1973 10441
6089 3539 5510
5510 3539 6089
3539 5510 6089
451 4071 14255
4071 451 14255
14255 451 4071
13588 2520 9658
9658 2520 13588
2520 9658 13588
14425 1070 1485
1070 1485 14425
1485 1070 14425
13272 11033 11678
11033 11678 13272
11678 11033 13272
751 1645 14062
1645 751 14062
14062 751 1645
821 3607 5842
5842 821 3607
3607 821 5842
954 2731 8902
2731 954 8902
8902 954 2731
3556 782 1011
1011 782 3556
782 1011 3556
7459 10245 11843
11843 7459 10245
10245 7459 11843
7713 5933 7461
5933 7461 7713
7461 5933 7713
14971 148 8132
148 8132 14971
8132 148 14971
12079 3703 10596
3703 10596 12079
10596 3703 12079
1445 861 13050
861 1445 13050
13050 861 1445
8466 5679 6380
6380 5679 8466
5679 6380 8466
8927 8478 9353
8478 8927 9353
9353 8478 8927
5472 2231 7989
2231 5472 7989
7989 2231 5472
7605 10718 13671
13671 7605 10718
10718 7605 13671
10218 339 9332
339 9332 10218
9332 339 10218
45 5656 11315
11315 45 5656
5656 45 11315
13296 4850 12115
12115 4850 13296
4850 12115 13296
8804 9143 13311
13311 8804 9143
9143 8804 13311
12208 3868 6753
6753 3868 12208
3868 6753 12208
354 9948 11387
9948 354 11387
11387 354 9948
6984 11951 13298
13298 6984 11951
11951 6984 13298
3400 2894 10122
2894 3400 10122
10122 2894 3400
3551 6911 13228
13228 3551 6911
6911 3551 13228
2172 12591 13781
12591 2172 13781
13781 2172 12591
11054 6173 9498
9498 6173 11054
6173 9498 11054
11533 2093 10982
2093 10982 11533
10982 2093 11533
13012 6833 11247
11247 6833 13012
6833 11247 13012
766 4434 13053
4434 766 13053
13053 766 4434
7852 76 5214
76 5214 7852
5214 76 7852
1703 2779 4527
4527 1703 2779
2779 1703 4527
6317 1389 14023
14023 1389 6317
1389 6317 14023
5056 2184 10344
10344 2184 5056
2184 5056 10344
4633 2430 8592
2430 4633 8592
8592 2430 4633
6757 4298 13700
4298 6757 13700
13700 4298 6757
7310 5017 7315
7315 5017 7310
5017 7310 7315
5256 5849 6000
5849 5256 6000
6000 5256 5849
8499 2792 7964
7964 2792 8499
2792 7964 8499
13891 114 2263
114 2263 13891
2263 114 13891
120 757 14237
14237 120 757
757 120 14237
6948 5926 8307
5926 6948 8307
8307 5926 6948
2033 9314 12457
12457 2033 9314
9314 2033 12457
6378 755 11956
11956 755 6378
755 6378 11956
9452 1694 4985
1694 4985 9452
4985 1694 9452
9850 3259 5618
5618 3259 9850
3259 5618 9850
7710 1469 7055
1469 7055 7710
7055 1469 7710
4984 1610 4241
4241 1610 4984
1610 4241 4984
43 3417 3517
3417 43 3517
3517 43 3417
13948 4181 14514
4181 13948 14514
14514 4181 13948
10622 10423 12097
10423 10622 12097
12097 10423 10622
7502 9685 14026
9685 7502 14026
14026 7502 9685
2415 3515 13088
3515 2415 13088
13088 2415 3515
4650 4904 12823
12823 4650 4904
4904 4650 12823
13468 3172 7929
7929 3172 13468
3172 7929 13468
14433 7927 12857
12857 7927 14433
7927 12857 14433
13052 85 3899
3899 85 13052
85 3899 13052
1722 1383 13887
13887 1383 1722
1383 1722 13887
668 798 11230
11230 668 798
798 668 11230
3831 16 11785
16 3831 11785
11785 16 3831
8247 133 11725
11725 133 8247
133 8247 11725
144 8381 14561
14561 144 8381
8381 144 14561
3862 8977 13732
8977 3862 13732
13732 3862 8977
7958 844 2700
844 2700 7958
2700 844 7958
10238 9967 10036
9967 10036 10238
10036 9967 10238
5209 11079 11699
11699 5209 11079
11079 5209 11699
13447 4182 14359
4182 13447 14359
14359 4182 13447
6824 6341 9444
9444 6341 6824
6341 6824 9444
4350 2129 5289
2129 4350 5289
5289 2129 4350
7158 3936 9610
3936 7158 9610
9610 3936 7158
11024 6671 14242
6671 11024 14242
14242 6671 11024
8345 6826 13896
6826 8345 13896
13896 6826 8345
1066 6553 12362
12362 1066 6553
6553 1066 12362
3599 11118 11147
11147 3599 11118
11118 3599 11147
9275 12847 14367
14367 9275 12847
12847 9275 14367
6743 7931 12266
12266 6743 7931
7931 6743 12266
5846 6172 8776
8776 5846 6172
6172 5846 8776
13489 11523 14978
14978 11523 13489
11523 13489 14978
539 790 10915
10915 539 790
790 539 10915
3600 264 10782
10782 264 3600
264 3600 10782
8519 6442 6719
6719 6442 8519
6442 6719 8519
68 8423 10798
8423 68 10798
10798 68 8423
3333 2526 7347
7347 2526 3333
2526 3333 7347
856 711 6955
6955 711 856
711 856 6955
7994 3135 10224
10224 3135 7994
3135 7994 10224
8524 6592 11774
11774 6592 8524
6592 8524 11774
1866 1364 3180
3180 1364 1866
1364 1866 3180
7535 5203 12645
12645 5203 7535
5203 7535 12645
8664 1574 14766
14766 1574 8664
1574 8664 14766
8175 70 1344
70 1344 8175
1344 70 8175
7434 4798 6927
6927 4798 7434
4798 6927 7434
14078 3362 7606
3362 7606 14078
7606 3362 14078
9006 14315 14619
14619 9006 14315
14315 9006 14619
448 2864 14590
2864 448 14590
14590 448 2864
869 3464 13124
13124 869 3464
3464 869 13124
6184 4308 7209
7209 4308 6184
4308 6184 7209
5104 5797 9258
9258 5104 5797
5797 5104 9258
1162 483 10758
10758 483 1162
483 1162 10758
13456 546 4742
546 4742 13456
4742 546 13456
6423 1320 3471
1320 3471 6423
3471 1320 6423
9804 1608 10093
1608 9804 10093
10093 1608 9804
11731 13244 13625
13244 11731 13625
13625 11731 13244
5416 5937 7126
7126 5416 5937
5937 5416 7126
5668 4917 8216
8216 4917 5668
4917 5668 8216
1644 8773 14677
8773 1644 14677
14677 1644 8773
11144 3258 14180
14180 3258 11144
3258 11144 14180
13831 899 9268
9268 899 13831
899 9268 13831
10303 1808 9360
9360 1808 10303
1808 9360 10303
14993 3006 11045
3006 11045 14993
11045 3006 14993
14615 3820 5830
3820 5830 14615
5830 3820 14615
9112 9265 10420
9265 9112 10420
10420 9112 9265
13081 723 759
759 723 13081
723 759 13081
4593 1838 12756
1838 4593 12756
12756 1838 4593
10514 7345 9563
9563 7345 10514
7345 9563 10514
1594 6107 7537
6107 1594 7537
7537 1594 6107
10242 12149 14126
12149 10242 14126
14126 10242 12149
3686 5859 8613
5859 3686 8613
8613 3686 5859
8516 8355 12286
12286 8355 8516
8355 8516 12286
9075 3448 6995
6995 3448 9075
