135529 46146 122411
122411 46146 135529
46146 122411 135529
68642 23764 30640
30640 23764 68642
23764 30640 68642
122387 42063 113609
42063 113609 122387
113609 42063 122387
59275 24366 140530
140530 24366 59275
24366 59275 140530
1330 62852 66203
66203 1330 62852
62852 1330 66203
108234 42989 46261
42989 46261 108234
46261 42989 108234
43752 92587 124552
92587 43752 124552
124552 43752 92587
24640 44519 149719
149719 24640 44519
44519 24640 149719
27137 7132 55514
55514 7132 27137
7132 27137 55514
119783 55999 97307
55999 97307 119783
97307 55999 119783
33156 61436 106075
61436 33156 106075
106075 33156 61436
98811 91621 118828
118828 91621 98811
91621 98811 118828
77530 53576 145422
53576 77530 145422
145422 53576 77530
46324 71295 92924
92924 46324 71295
71295 46324 92924
145817 59524 87686
59524 87686 145817
87686 59524 145817
85102 102198 110247
110247 85102 102198
102198 85102 110247
21271 102306 136461
136461 21271 102306
102306 21271 136461
29741 31032 33004
33004 29741 31032
31032 29741 33004
78291 53497 73632
73632 53497 78291
53497 73632 78291
114927 60143 94068
60143 94068 114927
94068 60143 114927
13440 113478 147824
113478 13440 147824
147824 13440 113478
18283 11851 34693
11851 18283 34693
34693 11851 18283
56629 1481 45191
45191 1481 56629
1481 45191 56629
93883 32283 144064
32283 93883 144064
144064 32283 93883
13236 74288 106471
106471 13236 74288
74288 13236 106471
88180 3800 103640
3800 88180 103640
103640 3800 88180
130977 90743 102999
102999 90743 130977
90743 102999 130977
69578 22780 35501
35501 22780 69578
22780 35501 69578
53745 36442 119039
36442 53745 119039
119039 36442 53745
42689 26394 81582
81582 26394 42689
26394 42689 81582
135751 77542 77642
77542 77642 135751
77642 77542 135751
953 77266 115847
77266 953 115847
115847 953 77266
126519 98495 103869
103869 98495 126519
98495 103869 126519
102023 26089 56822
26089 56822 102023
56822 26089 102023
126078 28841 83623
28841 83623 126078
83623 28841 126078
6743 58865 138852
58865 6743 138852
138852 6743 58865
127615 53090 90518
90518 53090 127615
53090 90518 127615
28193 45139 127887
127887 28193 45139
45139 28193 127887
70856 37104 42307
37104 42307 70856
42307 37104 70856
77133 48705 74521
48705 74521 77133
74521 48705 77133
115221 8906 83451
83451 8906 115221
8906 83451 115221
145519 10569 48628
48628 10569 145519
10569 48628 145519
129633 2984 125320
2984 125320 129633
125320 2984 129633
27515 73496 75109
75109 27515 73496
73496 27515 75109
31604 45715 67278
45715 31604 67278
67278 31604 45715
65663 49149 124039
124039 49149 65663
49149 65663 124039
110427 8813 121958
121958 8813 110427
8813 110427 121958
113276 16202 61271
16202 61271 113276
61271 16202 113276
80238 3372 29718
3372 29718 80238
29718 3372 80238
58531 120899 135543
135543 58531 120899
120899 58531 135543
50172 63997 85975
63997 50172 85975
85975 50172 63997
140521 64468 142153
64468 140521 142153
142153 64468 140521
148221 83569 86622
86622 83569 148221
83569 86622 148221
73680 46944 126736
126736 46944 73680
46944 73680 126736
119193 21106 59900
21106 59900 119193
59900 21106 119193
130808 58032 60979
60979 58032 130808
58032 60979 130808
38940 22431 126608
126608 22431 38940
22431 38940 126608
32721 29784 129148
129148 29784 32721
29784 32721 129148
2991 60385 100770
60385 2991 100770
100770 2991 60385
107782 63776 78436
78436 63776 107782
63776 78436 107782
68065 8488 28167
8488 28167 68065
28167 8488 68065
57351 73950 82834
73950 57351 82834
82834 57351 73950
121461 56779 92691
92691 56779 121461
56779 92691 121461
133810 4945 98988
98988 4945 133810
4945 98988 133810
131168 55511 67140
55511 67140 131168
67140 55511 131168
24384 26149 139147
26149 24384 139147
139147 24384 26149
78247 27935 99529
27935 78247 99529
99529 27935 78247
44945 24213 61447
61447 24213 44945
24213 44945 61447
31536 57852 123448
57852 31536 123448
123448 31536 57852
81611 52357 75850
75850 52357 81611
52357 75850 81611
94029 23753 78025
78025 23753 94029
23753 78025 94029
125240 64418 137831
137831 64418 125240
64418 125240 137831
75862 91527 128839
128839 75862 91527
91527 75862 128839
129345 28737 83533
83533 28737 129345
28737 83533 129345
122117 66952 71833
71833 66952 122117
66952 71833 122117
74675 113449 122070
113449 74675 122070
122070 74675 113449
43195 13338 55042
55042 13338 43195
13338 43195 55042
15480 95104 111275
111275 15480 95104
95104 15480 111275
67731 86701 117689
117689 67731 86701
86701 67731 117689
96421 1424 115716
115716 1424 96421
1424 96421 115716
79823 19444 81794
81794 19444 79823
19444 79823 81794
124033 120512 138453
120512 124033 138453
138453 120512 124033
16372 75260 126957
126957 16372 75260
75260 16372 126957
131694 20540 128739
20540 128739 131694
128739 20540 131694
20599 62145 69800
62145 20599 69800
69800 20599 62145
127367 86 624
86 624 127367
624 86 127367
50994 34173 58211
58211 34173 50994
34173 50994 58211
11744 24019 113349
113349 11744 24019
24019 11744 113349
79666 41410 79141
41410 79141 79666
79141 41410 79666
17624 71878 108269
71878 17624 108269
108269 17624 71878
102234 76751 91401
91401 76751 102234
76751 91401 102234
123713 5318 107343
5318 107343 123713
107343 5318 123713
18964 53320 118256
53320 18964 118256
118256 18964 53320
134536 23594 58255
23594 58255 134536
58255 23594 134536
71036 113742 130809
113742 71036 130809
130809 71036 113742
21127 5502 126562
5502 21127 126562
126562 5502 21127
84871 39282 140095
140095 39282 84871
39282 84871 140095
56277 10936 87525
87525 10936 56277
10936 56277 87525
137252 93261 120986
93261 120986 137252
120986 93261 137252
33656 77869 99570
77869 33656 99570
99570 33656 77869
116049 86762 123363
123363 86762 116049
86762 116049 123363
143133 86724 134054
86724 134054 143133
134054 86724 143133
48681 95415 96668
95415 48681 96668
96668 48681 95415
134296 22851 32305
32305 22851 134296
22851 32305 134296
53119 40233 40362
40233 40362 53119
40362 40233 53119
48250 105984 140916
140916 48250 105984
105984 48250 140916
93048 94013 142631
94013 93048 142631
142631 93048 94013
41319 79581 123411
123411 41319 79581
79581 41319 123411
147675 6476 99798
99798 6476 147675
6476 99798 147675
55684 30790 101238
101238 30790 55684
30790 55684 101238
95264 86618 123431
86618 95264 123431
123431 86618 95264
111287 32605 59359
32605 59359 111287
59359 32605 111287
50841 8724 100507
8724 50841 100507
100507 8724 50841
104068 91053 98715
91053 98715 104068
98715 91053 104068
29012 94587 148372
94587 29012 148372
148372 29012 94587
39894 12477 126963
126963 12477 39894
12477 39894 126963
38578 130569 135507
135507 38578 130569
130569 38578 135507
4652 60436 137612
60436 4652 137612
137612 4652 60436
98443 101809 103219
101809 98443 103219
103219 98443 101809
65001 68197 96799
96799 65001 68197
68197 65001 96799
69823 74321 126206
74321 69823 126206
126206 69823 74321
59157 48830 68523
68523 48830 59157
48830 59157 68523
66524 74209 133017
133017 66524 74209
74209 66524 133017
121996 18999 68395
68395 18999 121996
18999 68395 121996
93646 12529 77189
77189 12529 93646
12529 77189 93646
90209 59789 119992
119992 59789 90209
59789 90209 119992
100299 8382 92821
92821 8382 100299
8382 92821 100299
136410 49359 68850
49359 68850 136410
68850 49359 136410
130626 102672 146023
146023 102672 130626
102672 130626 146023
148496 29224 94489
94489 29224 148496
29224 94489 148496
58738 68939 146243
146243 58738 68939
68939 58738 146243
92951 20360 131356
131356 20360 92951
20360 92951 131356
100663 39254 134812
134812 39254 100663
39254 100663 134812
67143 98215 109384
98215 67143 109384
109384 67143 98215
84841 78824 100489
78824 84841 100489
100489 78824 84841
44379 14012 50338
50338 14012 44379
14012 44379 50338
4061 64521 143406
143406 4061 64521
64521 4061 143406
40889 86903 106399
106399 40889 86903
86903 40889 106399
123692 23182 43349
43349 23182 123692
23182 43349 123692
44046 73916 90831
73916 44046 90831
90831 44046 73916
64148 13432 39874
13432 39874 64148
39874 13432 64148
13611 9365 134647
134647 9365 13611
9365 13611 134647
119621 40631 56656
56656 40631 119621
40631 56656 119621
88394 46050 129141
129141 46050 88394
46050 88394 129141
11188 44973 126184
126184 11188 44973
44973 11188 126184
75036 128211 147779
128211 75036 147779
147779 75036 128211
59797 137067 149579
149579 59797 137067
137067 59797 149579
1948 31190 59036
59036 1948 31190
31190 1948 59036
141210 55899 76334
55899 76334 141210
76334 55899 141210
138273 1044 55394
55394 1044 138273
1044 55394 138273
17862 84907 103833
103833 17862 84907
84907 17862 103833
104971 101867 111080
101867 104971 111080
111080 101867 104971
23431 56311 70231
56311 23431 70231
70231 23431 56311
57929 118924 137809
137809 57929 118924
118924 57929 137809
8178 87788 102844
102844 8178 87788
87788 8178 102844
73568 15243 142938
142938 15243 73568
15243 73568 142938
107442 52731 84633
84633 52731 107442
52731 84633 107442
106653 44776 47214
47214 44776 106653
44776 47214 106653
26038 8526 127956
127956 8526 26038
8526 26038 127956
29942 6758 8862
6758 8862 29942
8862 6758 29942
137141 51967 124623
124623 51967 137141
51967 124623 137141
19331 81280 118064
81280 19331 118064
118064 19331 81280
126012 44214 101400
44214 101400 126012
101400 44214 126012
1741 7376 86208
7376 1741 86208
86208 1741 7376
37770 55 71498
55 37770 71498
71498 55 37770
57976 33983 63051
63051 33983 57976
33983 57976 63051
9779 3949 34220
3949 9779 34220
34220 3949 9779
100647 70745 72352
70745 72352 100647
72352 70745 100647
50641 71062 116600
71062 50641 116600
116600 50641 71062
128569 16280 103083
16280 103083 128569
103083 16280 128569
33052 42703 86927
86927 33052 42703
42703 33052 86927
64935 38639 72806
72806 38639 64935
38639 64935 72806
64558 21883 27448
27448 21883 64558
21883 27448 64558
117233 89421 118644
89421 117233 118644
118644 89421 117233
69476 16651 75765
16651 69476 75765
75765 16651 69476
137664 29573 95491
95491 29573 137664
29573 95491 137664
16471 61081 99508
99508 16471 61081
61081 16471 99508
32863 632 120499
120499 632 32863
632 32863 120499
34473 64858 134311
64858 34473 134311
134311 34473 64858
52623 28027 124710
124710 28027 52623
28027 52623 124710
92442 43973 133350
133350 43973 92442
43973 92442 133350
73389 52180 113952
52180 73389 113952
113952 52180 73389
69528 35594 62445
35594 62445 69528
62445 35594 69528
101285 109068 123702
123702 101285 109068
109068 101285 123702
48641 14393 136359
136359 14393 48641
14393 48641 136359
106192 55127 65569
55127 65569 106192
65569 55127 106192
121870 81760 99468
99468 81760 121870
81760 99468 121870
80229 8930 20531
8930 20531 80229
20531 8930 80229
117051 23533 146142
146142 23533 117051
23533 117051 146142
107431 50138 51062
51062 50138 107431
50138 51062 107431
85146 108034 142504
142504 85146 108034
108034 85146 142504
113149 66715 147533
66715 113149 147533
147533 66715 113149
19739 25173 28784
28784 19739 25173
25173 19739 28784
147894 119856 147098
119856 147098 147894
147098 119856 147894
42317 73755 118448
73755 42317 118448
118448 42317 73755
52119 108681 135847
108681 52119 135847
135847 52119 108681
23425 82625 105171
82625 23425 105171
105171 23425 82625
65048 96638 137868
96638 65048 137868
137868 65048 96638
100517 72689 73881
73881 72689 100517
72689 73881 100517
107046 73113 140332
140332 73113 107046
73113 107046 140332
9631 134045 147719
147719 9631 134045
134045 9631 147719
78187 10024 78643
78643 10024 78187
10024 78187 78643
79718 40945 104440
40945 79718 104440
104440 40945 79718
25889 42478 127751
42478 25889 127751
127751 25889 42478
149121 37683 61902
37683 61902 149121
61902 37683 149121
76776 95233 130050
95233 76776 130050
130050 76776 95233
54574 14299 57620
14299 54574 57620
57620 14299 54574
41878 85378 95256
85378 41878 95256
95256 41878 85378
44588 13024 40103
40103 13024 44588
13024 40103 44588
131960 9567 145382
9567 131960 145382
145382 9567 131960
113530 6849 101074
101074 6849 113530
6849 101074 113530
92194 66996 103877
103877 66996 92194
66996 92194 103877
5604 22099 54509
22099 5604 54509
54509 5604 22099
32677 20507 108495
108495 20507 32677
20507 32677 108495
143705 27962 131299
131299 27962 143705
27962 131299 143705
102193 41572 70900
70900 41572 102193
41572 70900 102193
10263 92766 133190
92766 10263 133190
133190 10263 92766
4159 20987 26727
20987 4159 26727
26727 4159 20987
95819 25651 130673
25651 95819 130673
130673 25651 95819
117837 12110 120105
120105 12110 117837
12110 117837 120105
130468 106095 119968
106095 119968 130468
119968 106095 130468
89881 60695 84150
84150 60695 89881
60695 84150 89881
54391 23747 51277
23747 51277 54391
51277 23747 54391
111548 37119 91881
91881 37119 111548
37119 91881 111548
78602 42049 63973
63973 42049 78602
42049 63973 78602
147777 84706 123277
84706 123277 147777
123277 84706 147777
116179 7271 100212
100212 7271 116179
7271 100212 116179
29557 35337 45484
35337 29557 45484
45484 29557 35337
100831 20228 53860
20228 53860 100831
53860 20228 100831
58388 26853 68813
26853 58388 68813
68813 26853 58388
19040 118462 140721
140721 19040 118462
118462 19040 140721
135305 66233 142752
66233 135305 142752
142752 66233 135305
97314 49686 118903
118903 49686 97314
49686 97314 118903
44839 93182 119980
93182 44839 119980
119980 44839 93182
53377 123288 140110
140110 53377 123288
123288 53377 140110
13759 11099 69977
69977 11099 13759
11099 13759 69977
78149 60181 80417
80417 60181 78149
60181 78149 80417
55161 49353 49386
49353 49386 55161
49386 49353 55161
138474 18704 95195
18704 95195 138474
95195 18704 138474
55929 57798 124903
57798 55929 124903
124903 55929 57798
101977 13457 125356
125356 13457 101977
13457 101977 125356
73182 111091 148155
111091 73182 148155
148155 73182 111091
76720 92768 135855
92768 76720 135855
135855 76720 92768
117644 57186 71074
71074 57186 117644
57186 71074 117644
5472 111686 134144
134144 5472 111686
111686 5472 134144
19548 81277 117811
81277 19548 117811
117811 19548 81277
22385 40697 58973
40697 22385 58973
58973 22385 40697
75937 8819 110062
110062 8819 75937
8819 75937 110062
37432 32902 136458
32902 37432 136458
136458 32902 37432
19356 65787 77516
65787 19356 77516
77516 19356 65787
108721 60216 144720
144720 60216 108721
60216 108721 144720
89239 83872 128138
128138 83872 89239
83872 89239 128138
19707 3512 12897
12897 3512 19707
3512 12897 19707
36066 92296 95851
95851 36066 92296
92296 36066 95851
122012 92594 124768
92594 122012 124768
124768 92594 122012
3984 120753 124045
120753 3984 124045
124045 3984 120753
31029 9137 34061
34061 9137 31029
9137 31029 34061
84543 88065 109693
88065 84543 109693
109693 84543 88065
88692 8956 105014
8956 88692 105014
105014 8956 88692
103661 51260 96803
51260 96803 103661
96803 51260 103661
12144 131607 145009
131607 12144 145009
145009 12144 131607
133421 3050 116823
116823 3050 133421
3050 116823 133421
76886 43086 53721
43086 53721 76886
53721 43086 76886
59094 89409 124029
89409 59094 124029
124029 59094 89409
57975 36554 134832
36554 57975 134832
134832 36554 57975
95176 57722 96553
57722 95176 96553
96553 57722 95176
68726 31050 104313
31050 68726 104313
104313 31050 68726
25388 93990 106640
106640 25388 93990
93990 25388 106640
11602 109313 141287
109313 11602 141287
141287 11602 109313
21404 22749 95378
95378 21404 22749
22749 21404 95378
82574 2426 91549
2426 82574 91549
91549 2426 82574
55538 67393 102100
102100 55538 67393
67393 55538 102100
83559 17328 97286
97286 17328 83559
17328 83559 97286
139334 66152 119738
119738 66152 139334
66152 119738 139334
143484 77684 138481
138481 77684 143484
77684 138481 143484
135400 39197 108535
108535 39197 135400
39197 108535 135400
25845 60057 147838
60057 25845 147838
147838 25845 60057
118727 59361 84014
84014 59361 118727
59361 84014 118727
21585 62365 133748
62365 21585 133748
133748 21585 62365
66210 109636 119417
119417 66210 109636
109636 66210 119417
27982 69576 128062
128062 27982 69576
69576 27982 128062
21474 117112 129729
117112 21474 129729
129729 21474 117112
30321 25871 50283
25871 30321 50283
50283 25871 30321
43353 41987 118612
118612 41987 43353
41987 43353 118612
25597 10020 102251
102251 10020 25597
10020 25597 102251
72402 90580 128629
90580 72402 128629
128629 72402 90580
81395 103393 139038
139038 81395 103393
103393 81395 139038
82852 2228 35153
2228 35153 82852
35153 2228 82852
50719 10088 68082
68082 10088 50719
10088 50719 68082
44340 46598 83713
46598 44340 83713
83713 44340 46598
32559 101219 104880
101219 32559 104880
104880 32559 101219
124345 41776 144729
144729 41776 124345
41776 124345 144729
6221 60719 92111
92111 6221 60719
60719 6221 92111
148388 55097 69997
55097 69997 148388
69997 55097 148388
76597 67013 71538
67013 71538 76597
71538 67013 76597
4502 27915 148525
148525 4502 27915
27915 4502 148525
134566 69686 132585
69686 132585 134566
132585 69686 134566
51882 25872 144757
25872 51882 144757
144757 25872 51882
45528 72881 96272
72881 45528 96272
96272 45528 72881
137498 18496 31170
31170 18496 137498
18496 31170 137498
49323 136223 143049
143049 49323 136223
136223 49323 143049
147604 73140 73499
73140 73499 147604
73499 73140 147604
58763 126294 146733
126294 58763 146733
146733 58763 126294
8251 83790 93878
83790 8251 93878
93878 8251 83790
137898 46283 101630
46283 101630 137898
101630 46283 137898
7840 105512 131757
131757 7840 105512
105512 7840 131757
14641 10032 83220
10032 14641 83220
83220 10032 14641
15172 48403 57404
48403 15172 57404
57404 15172 48403
134325 27867 113271
27867 113271 134325
113271 27867 134325
13851 47220 99326
47220 13851 99326
99326 13851 47220
103328 6514 53303
53303 6514 103328
6514 53303 103328
35051 94952 128977
128977 35051 94952
94952 35051 128977
87923 28622 68561
68561 28622 87923
28622 68561 87923
23376 55572 83707
55572 23376 83707
83707 23376 55572
95943 66951 132953
66951 95943 132953
132953 66951 95943
23675 24896 53157
53157 23675 24896
24896 23675 53157
95493 24588 145249
145249 24588 95493
24588 95493 145249
87924 61401 140070
140070 61401 87924
61401 87924 140070
79568 60050 125779
125779 60050 79568
60050 79568 125779
93955 110393 120543
120543 93955 110393
110393 93955 120543
47517 2977 116860
116860 2977 47517
2977 47517 116860
94654 146507 149413
149413 94654 146507
146507 94654 149413
119885 44334 114104
44334 114104 119885
114104 44334 119885
122589 22775 105027
105027 22775 122589
22775 105027 122589
106159 43938 124780
124780 43938 106159
43938 106159 124780
95286 26152 124872
26152 95286 124872
124872 26152 95286
87353 51785 67096
67096 51785 87353
51785 67096 87353
68019 69700 142991
69700 68019 142991
142991 68019 69700
76586 93642 149484
93642 76586 149484
149484 76586 93642
123672 67131 92236
67131 92236 123672
92236 67131 123672
145842 75182 98077
75182 98077 145842
98077 75182 145842
89357 7860 111936
7860 89357 111936
111936 7860 89357
144385 57034 130624
57034 130624 144385
130624 57034 144385
5462 13273 120537
120537 5462 13273
13273 5462 120537
31790 16897 20296
16897 20296 31790
20296 16897 31790
15751 38553 98364
98364 15751 38553
38553 15751 98364
87452 13380 85130
85130 13380 87452
13380 85130 87452
98867 46257 117442
46257 98867 117442
117442 46257 98867
47314 13305 122295
122295 13305 47314
13305 47314 122295
88528 122211 125927
125927 88528 122211
122211 88528 125927
108414 14589 26158
14589 26158 108414
26158 14589 108414
28931 43836 136478
43836 28931 136478
136478 28931 43836
96027 41111 117026
117026 41111 96027
41111 96027 117026
116214 97581 101379
101379 97581 116214
97581 101379 116214
17146 18560 109090
109090 17146 18560
18560 17146 109090
135209 110207 111944
111944 110207 135209
110207 111944 135209
53617 70528 109725
109725 53617 70528
70528 53617 109725
109646 66971 111002
66971 109646 111002
111002 66971 109646
145377 100441 133608
100441 133608 145377
133608 100441 145377
13376 87628 114249
87628 13376 114249
114249 13376 87628
30082 22539 141629
22539 30082 141629
141629 22539 30082
117632 79114 96637
96637 79114 117632
79114 96637 117632
83467 41896 122541
122541 41896 83467
41896 83467 122541
43602 39677 123562
123562 39677 43602
39677 43602 123562
138227 20170 34975
20170 34975 138227
34975 20170 138227
90537 91158 93018
93018 90537 91158
91158 90537 93018
85331 5100 115123
5100 85331 115123
115123 5100 85331
134468 38805 83603
38805 83603 134468
83603 38805 134468
102723 41712 95755
41712 95755 102723
95755 41712 102723
58841 3801 133887
133887 3801 58841
3801 58841 133887
55386 40869 146284
40869 55386 146284
146284 40869 55386
74180 41769 53158
41769 53158 74180
53158 41769 74180
127659 42836 93871
93871 42836 127659
42836 93871 127659
27720 56318 78915
56318 27720 78915
78915 27720 56318
49510 3556 63294
63294 3556 49510
3556 49510 63294
10753 24024 135890
24024 10753 135890
135890 10753 24024
72969 45498 84701
45498 72969 84701
84701 45498 72969
54055 11925 32410
32410 11925 54055
11925 32410 54055
55438 27657 51026
51026 27657 55438
27657 51026 55438
27522 95757 126002
95757 27522 126002
126002 27522 95757
76858 11305 79708
79708 11305 76858
11305 76858 79708
36937 98873 142495
142495 36937 98873
98873 36937 142495
102666 80979 144972
80979 102666 144972
144972 80979 102666
8521 16905 108732
16905 8521 108732
108732 8521 16905
47162 30834 94638
94638 30834 47162
30834 47162 94638
3482 43276 107339
43276 3482 107339
107339 3482 43276
133513 35167 75908
35167 75908 133513
75908 35167 133513
96344 16122 114084
16122 96344 114084
114084 16122 96344
19053 62099 108161
62099 19053 108161
108161 19053 62099
77809 38749 51595
38749 51595 77809
51595 38749 77809
129895 4323 101940
101940 4323 129895
4323 101940 129895
86365 8876 64652
8876 64652 86365
64652 8876 86365
145760 24723 45523
45523 24723 145760
24723 45523 145760
113394 10920 99476
99476 10920 113394
10920 99476 113394
124473 4126 95940
95940 4126 124473
4126 95940 124473
9091 107485 133677
107485 9091 133677
133677 9091 107485
5793 2504 45603
2504 5793 45603
45603 2504 5793
68972 18537 125402
18537 68972 125402
125402 18537 68972
139110 13589 98062
98062 13589 139110
13589 98062 139110
98675 93644 119358
93644 98675 119358
119358 93644 98675
123751 35258 135828
135828 35258 123751
35258 123751 135828
57400 56476 109570
109570 56476 57400
56476 57400 109570
20571 42515 50572
42515 20571 50572
50572 20571 42515
71502 51902 125275
125275 51902 71502
51902 71502 125275
108634 22622 34640
22622 34640 108634
34640 22622 108634
99854 8932 105654
8932 99854 105654
105654 8932 99854
113018 21764 140808
21764 113018 140808
140808 21764 113018
65241 56192 103375
56192 65241 103375
103375 56192 65241
99859 76560 145240
145240 76560 99859
76560 99859 145240
57422 573 92166
573 57422 92166
92166 573 57422
108491 3033 72671
72671 3033 108491
3033 72671 108491
74757 30298 99146
99146 30298 74757
30298 74757 99146
90741 12360 144779
12360 90741 144779
144779 12360 90741
45839 30326 89163
89163 30326 45839
30326 45839 89163
18912 20382 81006
81006 18912 20382
20382 18912 81006
49648 52283 91598
91598 49648 52283
52283 49648 91598
130692 3514 136204
136204 3514 130692
3514 130692 136204
133010 120424 135987
120424 133010 135987
135987 120424 133010
143079 94139 132322
132322 94139 143079
94139 132322 143079
60629 110947 148946
110947 60629 148946
148946 60629 110947
107774 11124 146323
11124 107774 146323
146323 11124 107774
105196 3469 146598
146598 3469 105196
3469 105196 146598
101991 54983 81526
81526 54983 101991
54983 81526 101991
61168 23516 46067
46067 23516 61168
23516 46067 61168
131750 91258 91731
91258 91731 131750
91731 91258 131750
29084 91493 109786
109786 29084 91493
91493 29084 109786
50310 59694 137547
137547 50310 59694
59694 50310 137547
3844 32233 95160
95160 3844 32233
32233 3844 95160
31750 44083 78086
78086 31750 44083
44083 31750 78086
134258 41966 100227
41966 100227 134258
100227 41966 134258
145930 37909 140771
140771 37909 145930
37909 140771 145930
39400 89078 120687
89078 39400 120687
120687 39400 89078
42325 10047 14682
10047 14682 42325
14682 10047 42325
80536 13218 64910
13218 64910 80536
64910 13218 80536
71870 9801 109485
109485 9801 71870
9801 71870 109485
46478 7549 96801
96801 7549 46478
7549 46478 96801
77525 14187 51634
51634 14187 77525
14187 51634 77525
101904 99471 143956
143956 99471 101904
99471 101904 143956
105125 6402 38439
38439 6402 105125
6402 38439 105125
16398 1184 54148
1184 16398 54148
54148 1184 16398
113874 1767 118609
1767 113874 118609
118609 1767 113874
41009 31055 147100
147100 31055 41009
31055 41009 147100
136381 40485 94007
40485 94007 136381
94007 40485 136381
106957 50289 142119
50289 106957 142119
142119 50289 106957
56376 13882 22976
22976 13882 56376
13882 22976 56376
8054 102843 117799
102843 8054 117799
117799 8054 102843
55650 16000 81726
16000 55650 81726
81726 16000 55650
66606 12322 129998
129998 12322 66606
12322 66606 129998
52621 52508 133347
133347 52508 52621
52508 52621 133347
99499 61132 148391
61132 99499 148391
148391 61132 99499
83990 130433 136624
136624 83990 130433
130433 83990 136624
105033 131522 149936
131522 105033 149936
149936 105033 131522
37086 31675 125186
125186 31675 37086
31675 37086 125186
97266 17666 93184
17666 93184 97266
93184 17666 97266
140631 78821 133836
133836 78821 140631
78821 133836 140631
69614 87037 104106
104106 69614 87037
87037 69614 104106
131610 5872 17754
17754 5872 131610
5872 17754 131610
62868 26885 106129
106129 26885 62868
26885 62868 106129
33053 96973 144743
96973 33053 144743
144743 33053 96973
73037 13016 67874
13016 67874 73037
67874 13016 73037
27512 91252 99757
99757 27512 91252
91252 27512 99757
126798 84322 140037
140037 84322 126798
84322 126798 140037
40721 33468 46959
46959 33468 40721
33468 40721 46959
148707 47584 109218
109218 47584 148707
47584 109218 148707
64158 95500 99585
99585 64158 95500
95500 64158 99585
85688 46036 121616
121616 46036 85688
46036 85688 121616
129418 967 102904
967 102904 129418
102904 967 129418
5172 84 82300
82300 84 5172
84 5172 82300
128177 11422 109299
109299 11422 128177
11422 109299 128177
90758 15494 81436
15494 81436 90758
81436 15494 90758
7688 11360 148960
11360 7688 148960
148960 7688 11360
47814 86816 141548
141548 47814 86816
86816 47814 141548
116977 48771 54716
54716 48771 116977
48771 54716 116977
55397 19880 114792
114792 19880 55397
19880 55397 114792
69276 79697 88581
79697 69276 88581
88581 69276 79697
12184 16771 59169
59169 12184 16771
16771 12184 59169
149777 96864 97466
96864 97466 149777
97466 96864 149777
22786 75048 77694
75048 22786 77694
77694 22786 75048
112400 131105 149703
149703 112400 131105
131105 112400 149703
120787 41205 81818
41205 81818 120787
81818 41205 120787
57631 21691 76214
76214 21691 57631
21691 57631 76214
42642 110252 116379
110252 42642 116379
116379 42642 110252
50015 6446 133283
133283 6446 50015
6446 50015 133283
125460 30033 37357
37357 30033 125460
30033 37357 125460
63830 22968 149068
22968 63830 149068
149068 22968 63830
121146 5282 11657
5282 11657 121146
11657 5282 121146
47406 118259 122631
122631 47406 118259
118259 47406 122631
62625 42585 64778
42585 62625 64778
64778 42585 62625
139858 121340 140885
121340 139858 140885
140885 121340 139858
18463 90531 146321
146321 18463 90531
90531 18463 146321
61444 57619 69934
57619 61444 69934
69934 57619 61444
118199 22247 143791
143791 22247 118199
22247 118199 143791
133137 101398 143410
143410 101398 133137
101398 133137 143410
11656 68205 112760
68205 11656 112760
112760 11656 68205
118413 6562 24902
24902 6562 118413
6562 24902 118413
143927 50143 135238
135238 50143 143927
50143 135238 143927
78294 15778 40354
15778 40354 78294
40354 15778 78294
63599 75282 108851
75282 63599 108851
108851 63599 75282
76344 22982 122865
22982 76344 122865
122865 22982 76344
30580 1893 16359
16359 1893 30580
1893 16359 30580
103129 3806 147160
147160 3806 103129
3806 103129 147160
78390 107894 130866
107894 78390 130866
130866 78390 107894
51491 121338 138121
138121 51491 121338
121338 51491 138121
64412 66556 102781
66556 64412 102781
102781 64412 66556
6055 12619 59091
12619 6055 59091
59091 6055 12619
26986 1955 127319
127319 1955 26986
1955 26986 127319
50635 31171 43669
43669 31171 50635
31171 43669 50635
149294 95501 146233
146233 95501 149294
95501 146233 149294
127320 15926 84032
15926 84032 127320
84032 15926 127320
3246 31477 79793
79793 3246 31477
31477 3246 79793
85267 48243 147230
147230 48243 85267
48243 85267 147230
37680 83230 136943
136943 37680 83230
83230 37680 136943
18505 57710 68174
57710 18505 68174
68174 18505 57710
147526 98716 128675
98716 128675 147526
128675 98716 147526
26901 5127 134781
134781 5127 26901
5127 26901 134781
111154 23158 142519
142519 23158 111154
23158 111154 142519
41206 44615 111549
111549 41206 44615
44615 41206 111549
127973 69846 122630
69846 122630 127973
122630 69846 127973
70512 89288 115574
115574 70512 89288
89288 70512 115574
60981 19698 76373
19698 60981 76373
76373 19698 60981
75096 40 4973
4973 40 75096
40 4973 75096
124148 82328 110424
82328 110424 124148
110424 82328 124148
6355 6698 13964
13964 6355 6698
6698 6355 13964
43428 58946 79639
79639 43428 58946
58946 43428 79639
6762 17242 99254
99254 6762 17242
17242 6762 99254
5013 36703 88235
36703 5013 88235
88235 5013 36703
5138 115146 144977
144977 5138 115146
115146 5138 144977
18545 68573 114904
114904 18545 68573
68573 18545 114904
145282 12100 52090
12100 52090 145282
52090 12100 145282
55401 25339 93692
93692 25339 55401
25339 55401 93692
14321 25455 117550
117550 14321 25455
25455 14321 117550
96019 10851 129405
129405 10851 96019
10851 96019 129405
119297 2542 71602
71602 2542 119297
2542 71602 119297
56661 42551 49941
42551 49941 56661
49941 42551 56661
100907 53466 137492
53466 100907 137492
137492 53466 100907
43633 65160 93179
93179 43633 65160
65160 43633 93179
88181 106262 119979
106262 88181 119979
119979 88181 106262
35790 50042 140292
140292 35790 50042
50042 35790 140292
17981 125174 137023
125174 17981 137023
137023 17981 125174
129278 19383 67058
67058 19383 129278
19383 67058 129278
114103 81121 148625
148625 81121 114103
81121 114103 148625
5111 4727 90930
4727 5111 90930
90930 4727 5111
143077 83316 104041
104041 83316 143077
83316 104041 143077
76171 45446 145426
45446 76171 145426
145426 45446 76171
122844 118502 145323
118502 122844 145323
145323 118502 122844
65970 50544 93991
93991 50544 65970
50544 65970 93991
90025 26707 44666
44666 26707 90025
26707 44666 90025
106821 89076 102285
89076 102285 106821
102285 89076 106821
142841 60055 130269
130269 60055 142841
60055 130269 142841
120665 32593 85088
32593 85088 120665
85088 32593 120665
136931 88615 136670
88615 136670 136931
136670 88615 136931
52405 29883 37526
29883 37526 52405
37526 29883 52405
57739 45627 77583
77583 45627 57739
45627 57739 77583
116133 20699 72320
20699 72320 116133
72320 20699 116133
33598 45234 76423
45234 33598 76423
76423 33598 45234
10630 5121 84913
5121 10630 84913
84913 5121 10630
72755 962 55649
962 55649 72755
55649 962 72755
36042 54281 140724
140724 36042 54281
54281 36042 140724
44777 39788 70222
70222 39788 44777
39788 44777 70222
104537 95004 130381
95004 104537 130381
130381 95004 104537
89707 9497 122911
122911 9497 89707
9497 89707 122911
136102 14332 113913
14332 113913 136102
113913 14332 136102
49238 25155 76606
76606 25155 49238
25155 49238 76606
58607 87020 105017
87020 58607 105017
105017 58607 87020
66298 12025 63177
12025 63177 66298
63177 12025 66298
49365 118668 148125
118668 49365 148125
148125 49365 118668
23706 125255 126821
126821 23706 125255
125255 23706 126821
19983 94947 119794
119794 19983 94947
94947 19983 119794
30540 43302 128662
43302 30540 128662
128662 30540 43302
5637 37983 70873
37983 5637 70873
70873 5637 37983
64080 65107 87266
65107 64080 87266
87266 64080 65107
124409 71815 131132
131132 71815 124409
71815 124409 131132
58212 60690 126028
60690 58212 126028
126028 58212 60690
117817 66797 118603
66797 117817 118603
118603 66797 117817
88376 108709 129145
108709 88376 129145
129145 88376 108709
63742 2464 148694
2464 63742 148694
148694 2464 63742
111188 66399 133817
133817 66399 111188
66399 111188 133817
105274 12093 132439
12093 105274 132439
132439 12093 105274
140774 49485 105947
105947 49485 140774
49485 105947 140774
3992 49962 131905
131905 3992 49962
49962 3992 131905
102841 55232 119996
55232 102841 119996
119996 55232 102841
16307 30216 74929
30216 16307 74929
74929 16307 30216
64189 34670 127564
34670 64189 127564
127564 34670 64189
101455 46143 115102
46143 101455 115102
115102 46143 101455
115655 136889 146580
136889 115655 146580
146580 115655 136889
101458 43639 112114
43639 101458 112114
112114 43639 101458
4934 55240 135279
55240 4934 135279
135279 4934 55240
119934 72030 110876
72030 110876 119934
110876 72030 119934
68565 59968 77489
77489 59968 68565
59968 68565 77489
118190 29374 79550
79550 29374 118190
29374 79550 118190
26913 26589 61782
61782 26589 26913
26589 26913 61782
25552 23465 146196
23465 25552 146196
146196 23465 25552
125032 80925 117024
117024 80925 125032
80925 117024 125032
21892 22335 120418
22335 21892 120418
120418 21892 22335
116170 45892 60376
60376 45892 116170
45892 60376 116170
4946 32654 82344
82344 4946 32654
32654 4946 82344
9419 19396 54520
54520 9419 19396
19396 9419 54520
8675 10597 89888
89888 8675 10597
10597 8675 89888
77376 39621 96407
96407 39621 77376
39621 77376 96407
114930 23556 60582
23556 60582 114930
60582 23556 114930
109135 130271 131143
131143 109135 130271
130271 109135 131143
60029 25400 137557
25400 60029 137557
137557 25400 60029
38525 99775 129439
129439 38525 99775
99775 38525 129439
27374 63526 81608
81608 27374 63526
63526 27374 81608
33707 22575 132442
22575 33707 132442
132442 22575 33707
135338 41374 99948
99948 41374 135338
41374 99948 135338
119345 103929 132939
132939 103929 119345
103929 119345 132939
25809 8587 67380
8587 25809 67380
67380 8587 25809
60165 49112 67006
49112 60165 67006
67006 49112 60165
64138 7610 46594
7610 46594 64138
46594 7610 64138
48664 57220 107146
107146 48664 57220
57220 48664 107146
29159 1210 19987
1210 19987 29159
19987 1210 29159
109469 36792 53567
53567 36792 109469
36792 53567 109469
76902 15604 80618
80618 15604 76902
15604 76902 80618
3894 13207 131347
13207 3894 131347
131347 3894 13207
23780 139257 143778
139257 23780 143778
143778 23780 139257
94530 55248 65511
55248 65511 94530
65511 55248 94530
17597 30314 54270
30314 17597 54270
54270 17597 30314
67745 10835 55085
55085 10835 67745
10835 55085 67745
147947 19168 83578
19168 83578 147947
83578 19168 147947
122212 16973 31094
31094 16973 122212
16973 31094 122212
84204 13937 76775
13937 76775 84204
76775 13937 84204
119282 133998 138045
138045 119282 133998
133998 119282 138045
100531 86729 94331
86729 94331 100531
94331 86729 100531
50852 20644 78854
20644 50852 78854
78854 20644 50852
105462 80568 111703
111703 80568 105462
80568 105462 111703
64001 108262 144409
144409 64001 108262
108262 64001 144409
117150 85023 117215
85023 117150 117215
117215 85023 117150
139863 21315 55777
21315 55777 139863
55777 21315 139863
83630 8435 122895
122895 8435 83630
8435 83630 122895
65028 65966 101054
65966 65028 101054
101054 65028 65966
658 64268 106517
106517 658 64268
64268 658 106517
111870 24751 74300
74300 24751 111870
24751 74300 111870
128231 15819 116784
116784 15819 128231
15819 116784 128231
71590 113968 142261
142261 71590 113968
113968 71590 142261
35458 87861 96745
87861 35458 96745
96745 35458 87861
54315 81162 147668
147668 54315 81162
81162 54315 147668
500 99438 110320
110320 500 99438
99438 500 110320
40988 70055 73262
73262 40988 70055
70055 40988 73262
148265 67021 107796
107796 67021 148265
67021 107796 148265
80353 51534 113215
51534 80353 113215
113215 51534 80353
74500 38965 55485
55485 38965 74500
38965 55485 74500
31882 26673 107984
26673 31882 107984
107984 26673 31882
63404 53997 137291
137291 53997 63404
53997 63404 137291
42147 91106 98984
98984 42147 91106
91106 42147 98984
145166 49322 58827
58827 49322 145166
49322 58827 145166
120783 63889 126641
63889 120783 126641
126641 63889 120783
97404 21241 148784
21241 97404 148784
148784 21241 97404
90984 96648 128873
96648 90984 128873
128873 90984 96648
81880 95433 107850
107850 81880 95433
95433 81880 107850
68332 71884 92767
71884 68332 92767
92767 68332 71884
83616 74421 107948
107948 74421 83616
74421 83616 107948
74921 57290 131809
131809 57290 74921
57290 74921 131809
37618 97230 139168
139168 37618 97230
97230 37618 139168
39765 109633 116162
109633 39765 116162
116162 39765 109633
93628 56918 122061
122061 56918 93628
56918 93628 122061
48912 65528 112870
65528 48912 112870
112870 48912 65528
25745 63725 68860
68860 25745 63725
63725 25745 68860
46854 74926 117612
74926 46854 117612
117612 46854 74926
47617 92303 99853
92303 47617 99853
99853 47617 92303
7071 23266 92389
23266 7071 92389
92389 7071 23266
140113 74583 127136
127136 74583 140113
74583 127136 140113
146355 108588 123679
123679 108588 146355
108588 123679 146355
120230 89226 108966
108966 89226 120230
89226 108966 120230
1071 125471 131952
131952 1071 125471
125471 1071 131952
64886 85517 115878
85517 64886 115878
115878 64886 85517
22810 121410 135006
135006 22810 121410
121410 22810 135006
22367 37144 129631
129631 22367 37144
37144 22367 129631
131868 36553 79213
36553 79213 131868
79213 36553 131868
147179 81816 96783
96783 81816 147179
81816 96783 147179
21684 45300 134796
45300 21684 134796
134796 21684 45300
69471 39006 126875
126875 39006 69471
39006 69471 126875
26513 44989 97408
44989 26513 97408
97408 26513 44989
130504 8389 45774
8389 45774 130504
45774 8389 130504
72942 67603 73023
73023 67603 72942
67603 72942 73023
71808 53447 141663
53447 71808 141663
141663 53447 71808
101103 116280 149620
116280 101103 149620
149620 101103 116280
21500 12016 149261
12016 21500 149261
149261 12016 21500
113052 23079 50712
50712 23079 113052
23079 50712 113052
33014 80556 108817
80556 33014 108817
108817 33014 80556
4766 78551 93896
78551 4766 93896
93896 4766 78551
43785 144196 144733
144733 43785 144196
144196 43785 144733
7943 19647 22021
22021 7943 19647
19647 7943 22021
135630 5590 74096
5590 74096 135630
74096 5590 135630
58693 13544 19701
13544 19701 58693
19701 13544 58693
55271 33239 43091
43091 33239 55271
33239 43091 55271
22645 80025 141646
141646 22645 80025
80025 22645 141646
137515 53380 124197
124197 53380 137515
53380 124197 137515
10176 33670 88893
33670 10176 88893
88893 10176 33670
48986 33931 135524
135524 33931 48986
33931 48986 135524
21322 125513 125731
125513 21322 125731
125731 21322 125513
104005 69136 89077
69136 89077 104005
89077 69136 104005
12974 24950 50894
24950 12974 50894
50894 12974 24950
56557 103022 134772
103022 56557 134772
134772 56557 103022
12894 40720 79968
40720 12894 79968
79968 12894 40720
104236 94897 114872
94897 104236 114872
114872 94897 104236
142392 26831 85907
26831 85907 142392
85907 26831 142392
72753 37892 39801
39801 37892 72753
37892 39801 72753
93431 108643 132144
108643 93431 132144
132144 93431 108643
30830 11310 98824
98824 11310 30830
11310 30830 98824
41595 59822 142771
142771 41595 59822
59822 41595 142771
1881 93395 135644
93395 1881 135644
135644 1881 93395
10517 76297 119037
76297 10517 119037
119037 10517 76297
105776 7812 31511
7812 31511 105776
31511 7812 105776
86946 31361 133476
31361 86946 133476
133476 31361 86946
49367 68990 75870
68990 49367 75870
75870 49367 68990
125017 82626 128591
128591 82626 125017
82626 125017 128591
7124 46444 48265
46444 7124 48265
48265 7124 46444
91853 94668 112893
112893 91853 94668
94668 91853 112893
70789 27524 128299
128299 27524 70789
27524 70789 128299
101616 25705 101814
101814 25705 101616
25705 101616 101814
5062 39137 52365
39137 5062 52365
52365 5062 39137
69536 40390 85022
40390 69536 85022
85022 40390 69536
137453 63872 88074
63872 88074 137453
88074 63872 137453
122272 48366 135896
135896 48366 122272
48366 122272 135896
21108 73229 140471
140471 21108 73229
73229 21108 140471
81678 45413 111252
45413 81678 111252
111252 45413 81678
62589 44497 87955
87955 44497 62589
44497 62589 87955
120210 60231 70862
70862 60231 120210
60231 70862 120210
15663 55940 117323
55940 15663 117323
117323 15663 55940
