37000 38296 73419
38296 37000 73419
73419 37000 38296
44271 36806 72375
36806 44271 72375
72375 36806 44271
111737 87653 99235
87653 99235 111737
99235 87653 111737
11288 29247 143630
143630 11288 29247
29247 11288 143630
57851 39342 102311
102311 39342 57851
39342 57851 102311
13197 4541 27787
27787 4541 13197
4541 13197 27787
94392 30708 149545
30708 94392 149545
149545 30708 94392
33769 12077 75280
12077 33769 75280
75280 12077 33769
20028 46250 76987
76987 20028 46250
46250 20028 76987
46554 4024 60379
60379 4024 46554
4024 46554 60379
88958 108913 112666
112666 88958 108913
108913 88958 112666
55916 102971 133535
102971 55916 133535
133535 55916 102971
97417 34982 41466
34982 41466 97417
41466 34982 97417
1238 32814 113957
113957 1238 32814
32814 1238 113957
136694 3348 44600
44600 3348 136694
3348 44600 136694
36196 36139 144527
144527 36139 36196
36139 36196 144527
112592 117107 140787
117107 112592 140787
140787 112592 117107
137662 30616 131040
131040 30616 137662
30616 131040 137662
24548 86459 130791
130791 24548 86459
86459 24548 130791
114437 41558 69552
69552 41558 114437
41558 69552 114437
32153 78568 147976
147976 32153 78568
78568 32153 147976
93756 21827 99418
99418 21827 93756
21827 93756 99418
65299 1011 57226
57226 1011 65299
1011 57226 65299
22997 15167 103005
15167 22997 103005
103005 15167 22997
7491 5084 140192
5084 7491 140192
140192 5084 7491
103149 13114 143572
143572 13114 103149
13114 103149 143572
59761 46967 130408
130408 46967 59761
46967 59761 130408
79829 100181 100341
100181 79829 100341
100341 79829 100181
23772 77172 114637
77172 23772 114637
114637 23772 77172
117147 83348 122020
122020 83348 117147
83348 117147 122020
40179 10378 30820
30820 10378 40179
10378 30820 40179
25015 3579 95367
3579 25015 95367
95367 3579 25015
144124 57747 104061
104061 57747 144124
57747 104061 144124
45415 54174 147544
54174 45415 147544
147544 45415 54174
30234 72473 102452
72473 30234 102452
102452 30234 72473
101572 39974 82746
82746 39974 101572
39974 82746 101572
84494 80647 102188
102188 80647 84494
80647 84494 102188
87435 37233 73364
73364 37233 87435
37233 73364 87435
26825 51162 148768
51162 26825 148768
148768 26825 51162
118830 6085 10300
10300 6085 118830
6085 10300 118830
140165 22898 47966
47966 22898 140165
22898 47966 140165
33498 137403 146140
146140 33498 137403
137403 33498 146140
19049 71185 107345
107345 19049 71185
71185 19049 107345
140286 21082 58067
58067 21082 140286
21082 58067 140286
147632 47361 107704
47361 107704 147632
107704 47361 147632
115464 22620 43343
43343 22620 115464
22620 43343 115464
147372 64963 68456
64963 68456 147372
68456 64963 147372
32312 33790 126904
126904 32312 33790
33790 32312 126904
11057 67105 91794
91794 11057 67105
67105 11057 91794
147232 109953 129008
109953 129008 147232
129008 109953 147232
97682 53929 140059
53929 97682 140059
140059 53929 97682
15254 38646 76749
38646 15254 76749
76749 15254 38646
35767 43475 138502
43475 35767 138502
138502 35767 43475
70689 45232 51896
45232 51896 70689
51896 45232 70689
73347 15382 118214
118214 15382 73347
15382 73347 118214
68464 32148 37530
32148 37530 68464
37530 32148 68464
107232 26199 145942
26199 107232 145942
145942 26199 107232
26909 37176 138845
37176 26909 138845
138845 26909 37176
122764 25112 54692
25112 54692 122764
54692 25112 122764
71568 39060 50368
50368 39060 71568
39060 50368 71568
10549 2186 5404
5404 2186 10549
2186 5404 10549
133391 37052 119821
37052 119821 133391
119821 37052 133391
34671 39895 131495
39895 34671 131495
131495 34671 39895
125305 2840 99868
99868 2840 125305
2840 99868 125305
126908 68880 103732
68880 103732 126908
103732 68880 126908
54968 7736 133189
133189 7736 54968
7736 54968 133189
93955 144613 148089
148089 93955 144613
144613 93955 148089
75484 10779 129473
10779 75484 129473
129473 10779 75484
36464 107490 149812
107490 36464 149812
149812 36464 107490
46616 95509 100221
95509 46616 100221
100221 46616 95509
95432 35332 62751
35332 62751 95432
62751 35332 95432
112570 114492 138836
138836 112570 114492
114492 112570 138836
7985 15218 128270
15218 7985 128270
128270 7985 15218
20910 37205 58051
58051 20910 37205
37205 20910 58051
53033 67856 148236
67856 53033 148236
148236 53033 67856
14756 115381 146810
115381 14756 146810
146810 14756 115381
26477 57614 84604
84604 26477 57614
57614 26477 84604
61663 31479 85497
31479 61663 85497
85497 31479 61663
54843 41079 118418
118418 41079 54843
41079 54843 118418
126492 23027 98845
98845 23027 126492
23027 98845 126492
69717 22853 110173
22853 69717 110173
110173 22853 69717
74540 101728 141274
101728 74540 141274
141274 74540 101728
93593 60550 147503
60550 93593 147503
147503 60550 93593
52909 44020 54398
54398 44020 52909
44020 52909 54398
5022 24992 123872
24992 5022 123872
123872 5022 24992
2497 82455 102953
102953 2497 82455
82455 2497 102953
140690 92071 105540
92071 105540 140690
105540 92071 140690
70750 60226 137269
60226 70750 137269
137269 60226 70750
104309 2716 14686
14686 2716 104309
2716 14686 104309
93450 22689 78848
22689 78848 93450
78848 22689 93450
131216 85431 142018
142018 85431 131216
85431 131216 142018
122756 133901 149648
133901 122756 149648
149648 122756 133901
131392 11026 90638
90638 11026 131392
11026 90638 131392
58057 18542 108669
108669 18542 58057
18542 58057 108669
115076 39055 98253
39055 98253 115076
98253 39055 115076
51726 75454 146074
146074 51726 75454
75454 51726 146074
48184 1628 108639
108639 1628 48184
1628 48184 108639
104634 111602 114561
111602 104634 114561
114561 104634 111602
42448 111609 113965
111609 42448 113965
113965 42448 111609
20822 45899 103689
45899 20822 103689
103689 20822 45899
82089 86280 112266
112266 82089 86280
86280 82089 112266
54881 49372 79013
49372 54881 79013
79013 49372 54881
147204 60 140087
60 140087 147204
140087 60 147204
4351 16205 21305
21305 4351 16205
16205 4351 21305
15120 68633 119570
68633 15120 119570
119570 15120 68633
68156 9113 30527
9113 30527 68156
30527 9113 68156
10349 19601 42816
42816 10349 19601
19601 10349 42816
134815 63719 77755
77755 63719 134815
63719 77755 134815
76912 1340 74098
1340 74098 76912
74098 1340 76912
135828 83349 94758
83349 94758 135828
94758 83349 135828
90214 66724 109423
109423 66724 90214
66724 90214 109423
64886 10114 105522
105522 10114 64886
10114 64886 105522
122310 42800 113260
113260 42800 122310
42800 113260 122310
137691 160 27938
27938 160 137691
160 27938 137691
116887 42880 47552
42880 47552 116887
47552 42880 116887
92000 111710 120479
111710 92000 120479
120479 92000 111710
79736 1254 26479
1254 26479 79736
26479 1254 79736
90792 27945 74720
74720 27945 90792
27945 74720 90792
76278 17678 73246
73246 17678 76278
17678 73246 76278
103461 66272 124490
124490 66272 103461
66272 103461 124490
85247 87071 122604
122604 85247 87071
87071 85247 122604
65592 124916 134193
134193 65592 124916
124916 65592 134193
124624 28559 42217
28559 42217 124624
42217 28559 124624
68920 6514 122264
122264 6514 68920
6514 68920 122264
41166 10890 92272
10890 41166 92272
92272 10890 41166
120171 126237 143536
126237 120171 143536
143536 120171 126237
72297 3851 34047
3851 34047 72297
34047 3851 72297
104067 28737 72001
28737 72001 104067
72001 28737 104067
95142 43922 114160
114160 43922 95142
43922 95142 114160
145258 51159 63063
51159 63063 145258
63063 51159 145258
30656 2600 63462
2600 30656 63462
63462 2600 30656
58086 24746 31883
24746 31883 58086
31883 24746 58086
108996 69413 91012
91012 69413 108996
69413 91012 108996
132126 132767 134583
134583 132126 132767
132767 132126 134583
131008 37208 130458
130458 37208 131008
37208 130458 131008
72503 79975 110086
110086 72503 79975
79975 72503 110086
123847 54416 115688
54416 115688 123847
115688 54416 123847
76438 41886 133517
133517 41886 76438
41886 76438 133517
77932 77745 103444
103444 77745 77932
77745 77932 103444
111443 64314 108015
64314 108015 111443
108015 64314 111443
99758 31959 120854
120854 31959 99758
31959 99758 120854
137309 58798 96369
96369 58798 137309
58798 96369 137309
8162 64148 100332
64148 8162 100332
100332 8162 64148
124866 19289 120664
19289 120664 124866
120664 19289 124866
6630 88266 132457
132457 6630 88266
88266 6630 132457
43986 39497 72200
72200 39497 43986
39497 43986 72200
56653 83625 124695
124695 56653 83625
83625 56653 124695
140051 87176 119221
119221 87176 140051
87176 119221 140051
134287 2988 122532
122532 2988 134287
2988 122532 134287
11879 23300 104537
23300 11879 104537
104537 11879 23300
109956 11130 126633
126633 11130 109956
11130 109956 126633
48294 20193 131897
20193 48294 131897
131897 20193 48294
72064 38085 81666
81666 38085 72064
38085 72064 81666
132333 47655 109679
109679 47655 132333
47655 109679 132333
45354 13374 140088
13374 45354 140088
140088 13374 45354
111732 53 17599
17599 53 111732
53 17599 111732
113451 94987 135699
135699 94987 113451
94987 113451 135699
113800 19213 38491
38491 19213 113800
19213 38491 113800
50550 58100 117753
58100 50550 117753
117753 50550 58100
33998 29537 51368
29537 33998 51368
51368 29537 33998
29662 77892 130553
77892 29662 130553
130553 29662 77892
112057 5304 30483
30483 5304 112057
5304 30483 112057
45178 43991 53669
53669 43991 45178
43991 45178 53669
49766 90055 133698
90055 49766 133698
133698 49766 90055
26526 54192 124966
124966 26526 54192
54192 26526 124966
20544 36110 42639
42639 20544 36110
36110 20544 42639
141333 55317 127013
127013 55317 141333
55317 127013 141333
21576 104756 123393
123393 21576 104756
104756 21576 123393
25710 32823 106196
32823 25710 106196
106196 25710 32823
70269 110664 149980
149980 70269 110664
110664 70269 149980
61409 52837 56952
52837 56952 61409
56952 52837 61409
7855 1980 7515
7515 1980 7855
1980 7515 7855
16808 8255 76805
76805 8255 16808
8255 16808 76805
26459 110884 133800
110884 26459 133800
133800 26459 110884
147546 16450 59931
59931 16450 147546
16450 59931 147546
122476 28470 114440
114440 28470 122476
28470 114440 122476
85656 100856 102521
100856 85656 102521
102521 85656 100856
43921 36877 120162
36877 43921 120162
120162 36877 43921
38862 54698 136431
136431 38862 54698
54698 38862 136431
11758 56307 140052
56307 11758 140052
140052 11758 56307
131355 29119 30292
30292 29119 131355
29119 30292 131355
90664 108816 134480
108816 90664 134480
134480 90664 108816
121786 23604 45768
23604 45768 121786
45768 23604 121786
76703 31444 125741
125741 31444 76703
31444 76703 125741
55723 39450 61427
61427 39450 55723
39450 55723 61427
10161 90364 121094
121094 10161 90364
90364 10161 121094
12882 43079 107114
107114 12882 43079
43079 12882 107114
116371 95207 99809
95207 99809 116371
99809 95207 116371
25103 54757 66793
66793 25103 54757
54757 25103 66793
8287 68199 105988
68199 8287 105988
105988 8287 68199
82114 75607 77155
75607 77155 82114
77155 75607 82114
45807 70662 82636
70662 45807 82636
82636 45807 70662
20589 19754 64938
64938 19754 20589
19754 20589 64938
78444 63275 118393
63275 78444 118393
118393 63275 78444
52833 10415 141419
141419 10415 52833
10415 52833 141419
82299 11953 20216
20216 11953 82299
11953 20216 82299
138959 40149 78438
78438 40149 138959
40149 78438 138959
59220 41417 54463
41417 54463 59220
54463 41417 59220
140574 15985 33817
33817 15985 140574
15985 33817 140574
100628 74421 120952
120952 74421 100628
74421 100628 120952
77458 21373 76253
21373 76253 77458
76253 21373 77458
96025 94140 129391
94140 96025 129391
129391 94140 96025
75823 90973 147972
90973 75823 147972
147972 75823 90973
41762 23552 43263
23552 41762 43263
43263 23552 41762
64318 20140 109884
109884 20140 64318
20140 64318 109884
16481 86959 98036
86959 16481 98036
98036 16481 86959
137320 86990 119850
119850 86990 137320
86990 119850 137320
120176 58807 62623
58807 62623 120176
62623 58807 120176
63302 53365 102212
53365 63302 102212
102212 53365 63302
23441 47716 49494
49494 23441 47716
47716 23441 49494
137281 71375 105720
71375 105720 137281
105720 71375 137281
102517 5212 14704
5212 14704 102517
14704 5212 102517
49556 88078 135018
88078 49556 135018
135018 49556 88078
91993 20347 37990
20347 37990 91993
37990 20347 91993
56289 83740 139205
83740 56289 139205
139205 56289 83740
33473 89542 95898
95898 33473 89542
89542 33473 95898
147426 27515 136842
27515 136842 147426
136842 27515 147426
95548 29725 125621
125621 29725 95548
29725 95548 125621
143476 17347 38858
17347 38858 143476
38858 17347 143476
42535 42184 93539
42184 42535 93539
93539 42184 42535
145525 6551 64466
64466 6551 145525
6551 64466 145525
64522 6527 71187
6527 64522 71187
71187 6527 64522
12261 16634 81696
81696 12261 16634
16634 12261 81696
30561 119668 123428
123428 30561 119668
119668 30561 123428
47779 46835 73987
46835 47779 73987
73987 46835 47779
121417 138532 144800
138532 121417 144800
144800 121417 138532
67896 86221 141618
141618 67896 86221
86221 67896 141618
19480 93726 143363
93726 19480 143363
143363 19480 93726
31166 33504 74325
74325 31166 33504
33504 31166 74325
107324 39006 64048
39006 64048 107324
64048 39006 107324
68174 71629 96769
96769 68174 71629
71629 68174 96769
135545 63790 83356
63790 83356 135545
83356 63790 135545
6532 8176 82421
82421 6532 8176
8176 6532 82421
89632 114594 135453
114594 89632 135453
135453 89632 114594
48355 87383 123758
87383 48355 123758
123758 48355 87383
51697 90307 124109
124109 51697 90307
90307 51697 124109
145223 104450 135604
135604 104450 145223
104450 135604 145223
141934 50934 97118
50934 97118 141934
97118 50934 141934
142051 10822 108367
10822 108367 142051
108367 10822 142051
7485 100670 122412
100670 7485 122412
122412 7485 100670
148658 39530 54682
39530 54682 148658
54682 39530 148658
59003 30496 33238
33238 30496 59003
30496 33238 59003
2978 31869 128856
31869 2978 128856
128856 2978 31869
37722 123918 126347
126347 37722 123918
123918 37722 126347
40452 31687 130702
130702 31687 40452
31687 40452 130702
41739 45940 94134
94134 41739 45940
45940 41739 94134
27785 52648 129367
52648 27785 129367
129367 27785 52648
41732 65146 124319
65146 41732 124319
124319 41732 65146
2389 60011 85700
85700 2389 60011
60011 2389 85700
98498 28110 144597
28110 98498 144597
144597 28110 98498
48414 35850 52070
35850 48414 52070
52070 35850 48414
19591 56020 110976
56020 19591 110976
110976 19591 56020
95912 69239 100220
100220 69239 95912
69239 95912 100220
89651 110339 127747
127747 89651 110339
110339 89651 127747
18438 135427 149790
149790 18438 135427
135427 18438 149790
99842 21785 41537
41537 21785 99842
21785 41537 99842
14513 99881 134209
134209 14513 99881
99881 14513 134209
126913 1306 47984
47984 1306 126913
1306 47984 126913
54228 12429 134180
12429 54228 134180
134180 12429 54228
61830 32210 122276
32210 61830 122276
122276 32210 61830
73388 6536 111970
111970 6536 73388
6536 73388 111970
111739 116774 138266
138266 111739 116774
116774 111739 138266
57296 108109 110698
108109 57296 110698
110698 57296 108109
128420 41008 109001
41008 109001 128420
109001 41008 128420
109666 85059 104445
104445 85059 109666
85059 104445 109666
33810 14247 19214
19214 14247 33810
14247 19214 33810
134111 22352 73481
73481 22352 134111
22352 73481 134111
66373 65590 84241
65590 66373 84241
84241 65590 66373
30966 26291 60050
60050 26291 30966
26291 30966 60050
5483 67087 92097
67087 5483 92097
92097 5483 67087
31328 43100 71190
71190 31328 43100
43100 31328 71190
87060 41189 127373
41189 87060 127373
127373 41189 87060
22338 5982 107211
5982 22338 107211
107211 5982 22338
108006 40485 49156
49156 40485 108006
40485 49156 108006
67756 123971 126401
123971 67756 126401
126401 67756 123971
128291 1858 113631
113631 1858 128291
1858 113631 128291
45086 591 148247
148247 591 45086
591 45086 148247
64614 61175 101002
61175 64614 101002
101002 61175 64614
115025 45355 58623
58623 45355 115025
45355 58623 115025
21958 30840 69628
30840 21958 69628
69628 21958 30840
78382 73576 86787
86787 73576 78382
73576 78382 86787
6026 24131 147317
147317 6026 24131
24131 6026 147317
77384 7013 34725
7013 34725 77384
34725 7013 77384
134009 83682 96056
96056 83682 134009
83682 96056 134009
6691 712 41074
41074 712 6691
712 6691 41074
64198 13631 99020
13631 64198 99020
99020 13631 64198
139967 77701 121404
121404 77701 139967
77701 121404 139967
21056 3590 112257
3590 21056 112257
112257 3590 21056
26487 76923 122439
122439 26487 76923
76923 26487 122439
93646 14868 17796
17796 14868 93646
14868 17796 93646
146777 99092 106757
99092 106757 146777
106757 99092 146777
35543 109596 123512
109596 35543 123512
123512 35543 109596
43807 79569 101413
79569 43807 101413
101413 43807 79569
106499 58705 102932
58705 102932 106499
102932 58705 106499
116718 73596 116669
116669 73596 116718
73596 116669 116718
95330 24372 47526
24372 47526 95330
47526 24372 95330
7101 13634 63503
13634 7101 63503
63503 7101 13634
104097 4267 19134
4267 19134 104097
19134 4267 104097
54564 54295 75972
54295 54564 75972
75972 54295 54564
140942 48277 50244
48277 50244 140942
50244 48277 140942
62050 71113 130193
71113 62050 130193
130193 62050 71113
92108 46765 95704
46765 92108 95704
95704 46765 92108
138048 5343 100837
5343 100837 138048
100837 5343 138048
131673 86144 146991
146991 86144 131673
86144 131673 146991
32500 43874 129522
43874 32500 129522
129522 32500 43874
132055 28619 42558
42558 28619 132055
28619 42558 132055
21436 709 81940
709 21436 81940
81940 709 21436
39230 21603 88313
88313 21603 39230
21603 39230 88313
86080 37154 71738
37154 71738 86080
71738 37154 86080
36192 37828 100834
37828 36192 100834
100834 36192 37828
109989 32602 38833
32602 38833 109989
38833 32602 109989
92915 56474 98060
56474 92915 98060
98060 56474 92915
143358 73775 80150
73775 80150 143358
80150 73775 143358
68228 40807 80724
40807 68228 80724
80724 40807 68228
109557 13832 55240
13832 55240 109557
55240 13832 109557
124370 8208 127857
8208 124370 127857
127857 8208 124370
3167 29115 143945
29115 3167 143945
143945 3167 29115
144363 12834 90858
90858 12834 144363
12834 90858 144363
133663 10839 59881
59881 10839 133663
10839 59881 133663
36525 58077 69863
58077 36525 69863
69863 36525 58077
102658 73332 93395
93395 73332 102658
73332 93395 102658
72264 58485 61668
58485 61668 72264
61668 58485 72264
147923 20576 43796
43796 20576 147923
20576 43796 147923
138696 54915 76085
76085 54915 138696
54915 76085 138696
34935 118921 120373
120373 34935 118921
118921 34935 120373
147614 20859 99708
99708 20859 147614
20859 99708 147614
25727 70590 123612
70590 25727 123612
123612 25727 70590
78127 3958 56590
3958 56590 78127
56590 3958 78127
147542 52060 123380
52060 123380 147542
123380 52060 147542
93515 25389 102374
102374 25389 93515
25389 93515 102374
127748 5811 88293
88293 5811 127748
5811 88293 127748
9518 61391 125688
125688 9518 61391
61391 9518 125688
48600 4585 17448
4585 17448 48600
17448 4585 48600
110946 33140 72129
72129 33140 110946
33140 72129 110946
85440 10425 73807
10425 73807 85440
73807 10425 85440
140112 105418 106478
106478 105418 140112
105418 106478 140112
143597 6469 115042
6469 115042 143597
115042 6469 143597
145907 17501 69135
17501 69135 145907
69135 17501 145907
82580 59834 65131
59834 65131 82580
65131 59834 82580
45814 8221 139409
8221 45814 139409
139409 8221 45814
79020 69840 105574
105574 69840 79020
69840 79020 105574
145447 2607 16037
2607 16037 145447
16037 2607 145447
60174 71246 97548
71246 60174 97548
97548 60174 71246
83926 63531 76643
63531 76643 83926
76643 63531 83926
76061 3314 80361
3314 76061 80361
80361 3314 76061
26754 55712 119232
55712 26754 119232
119232 26754 55712
62015 128753 147634
147634 62015 128753
128753 62015 147634
133425 20305 111555
111555 20305 133425
20305 111555 133425
7881 77544 137322
77544 7881 137322
137322 7881 77544
818 4689 75215
75215 818 4689
4689 818 75215
36191 102554 149034
102554 36191 149034
149034 36191 102554
24610 88464 124639
124639 24610 88464
88464 24610 124639
81498 99579 108171
99579 81498 108171
108171 81498 99579
112141 93762 115898
115898 93762 112141
93762 112141 115898
149952 131824 147130
131824 147130 149952
147130 131824 149952
78511 6060 30802
30802 6060 78511
6060 30802 78511
97049 112794 120977
120977 97049 112794
112794 97049 120977
74866 76235 129043
76235 74866 129043
129043 74866 76235
122135 63742 114999
63742 114999 122135
114999 63742 122135
29480 54122 138098
138098 29480 54122
54122 29480 138098
75276 60496 145249
60496 75276 145249
145249 60496 75276
8284 116002 116269
116269 8284 116002
116002 8284 116269
46791 25782 125737
125737 25782 46791
25782 46791 125737
89946 60199 133891
133891 60199 89946
60199 89946 133891
12486 50549 141481
50549 12486 141481
141481 12486 50549
144889 25151 46450
25151 46450 144889
46450 25151 144889
90789 104643 140092
104643 90789 140092
140092 90789 104643
11321 65294 105858
105858 11321 65294
65294 11321 105858
87852 13876 138660
138660 13876 87852
13876 87852 138660
93266 34412 60202
34412 60202 93266
60202 34412 93266
28779 90428 108370
108370 28779 90428
90428 28779 108370
53947 118536 126675
118536 53947 126675
126675 53947 118536
133670 12202 64175
12202 64175 133670
64175 12202 133670
137136 66038 67855
66038 67855 137136
67855 66038 137136
68697 13881 125217
125217 13881 68697
13881 68697 125217
95059 69590 149229
69590 95059 149229
149229 69590 95059
102949 63574 71770
71770 63574 102949
63574 71770 102949
50843 148391 149689
149689 50843 148391
148391 50843 149689
141757 17775 104753
104753 17775 141757
17775 104753 141757
120825 85138 101767
101767 85138 120825
85138 101767 120825
56809 80343 137278
80343 56809 137278
137278 56809 80343
147461 16886 119244
16886 119244 147461
119244 16886 147461
19401 89130 104253
89130 19401 104253
104253 19401 89130
93392 130585 142778
142778 93392 130585
130585 93392 142778
52274 6029 124495
6029 52274 124495
124495 6029 52274
132131 70170 148042
70170 132131 148042
148042 70170 132131
72992 35420 105412
35420 72992 105412
105412 35420 72992
45070 67025 91830
67025 45070 91830
91830 45070 67025
117804 244 101528
244 101528 117804
101528 244 117804
31122 6181 84534
84534 6181 31122
6181 31122 84534
30153 6315 75709
6315 30153 75709
75709 6315 30153
86170 59495 108215
108215 59495 86170
59495 86170 108215
12935 3243 118022
3243 12935 118022
118022 3243 12935
146186 48344 48541
48344 48541 146186
48541 48344 146186
147747 3142 45210
45210 3142 147747
3142 45210 147747
20419 73004 123967
73004 20419 123967
123967 20419 73004
102009 49361 125816
49361 102009 125816
125816 49361 102009
62447 46320 54376
46320 54376 62447
54376 46320 62447
72593 89964 127979
127979 72593 89964
89964 72593 127979
82473 12427 59677
12427 59677 82473
59677 12427 82473
37509 41830 44366
44366 37509 41830
41830 37509 44366
28806 51254 114220
51254 28806 114220
114220 28806 51254
95648 116024 121376
116024 95648 121376
121376 95648 116024
82868 41979 42932
41979 42932 82868
42932 41979 82868
45393 26980 89455
26980 45393 89455
89455 26980 45393
94394 17431 21759
17431 21759 94394
21759 17431 94394
47733 43630 61287
43630 47733 61287
61287 43630 47733
13982 47314 137466
137466 13982 47314
47314 13982 137466
78645 34649 147275
34649 78645 147275
147275 34649 78645
117966 88809 140041
140041 88809 117966
88809 117966 140041
74169 11587 141661
141661 11587 74169
11587 74169 141661
31557 66602 138178
66602 31557 138178
138178 31557 66602
62703 2992 85706
85706 2992 62703
2992 62703 85706
104312 22397 73070
73070 22397 104312
22397 73070 104312
144481 45693 72999
72999 45693 144481
45693 72999 144481
147354 9051 70411
9051 70411 147354
70411 9051 147354
57469 36634 109965
109965 36634 57469
36634 57469 109965
52653 31937 80678
31937 52653 80678
80678 31937 52653
100137 10582 44448
44448 10582 100137
10582 44448 100137
69598 10912 25671
10912 25671 69598
25671 10912 69598
70660 103148 136875
136875 70660 103148
103148 70660 136875
74351 47647 95191
95191 47647 74351
47647 74351 95191
16769 7505 67857
7505 16769 67857
67857 7505 16769
101145 3159 10847
10847 3159 101145
3159 10847 101145
57622 41780 138730
41780 57622 138730
138730 41780 57622
60794 15967 134408
15967 60794 134408
134408 15967 60794
6240 18199 70647
18199 6240 70647
70647 6240 18199
11688 43348 60895
60895 11688 43348
43348 11688 60895
53660 24911 142866
142866 24911 53660
24911 53660 142866
27867 84153 95765
95765 27867 84153
84153 27867 95765
65536 55090 68682
68682 55090 65536
55090 65536 68682
148743 44559 76847
76847 44559 148743
44559 76847 148743
89764 104677 128099
104677 89764 128099
128099 89764 104677
144784 27243 117377
27243 117377 144784
117377 27243 144784
125604 28527 51390
28527 51390 125604
51390 28527 125604
95333 10771 141095
10771 95333 141095
141095 10771 95333
56966 62593 80367
80367 56966 62593
62593 56966 80367
2821 11232 133148
133148 2821 11232
11232 2821 133148
12316 56678 71142
71142 12316 56678
56678 12316 71142
13542 3092 61241
3092 13542 61241
61241 3092 13542
11218 60974 61603
61603 11218 60974
60974 11218 61603
82344 67989 146995
146995 67989 82344
67989 82344 146995
58942 6231 53981
53981 6231 58942
6231 53981 58942
46650 101861 113519
101861 46650 113519
113519 46650 101861
20236 32914 132973
132973 20236 32914
32914 20236 132973
91311 52510 65684
65684 52510 91311
52510 65684 91311
28772 8643 138077
8643 28772 138077
138077 8643 28772
100408 51612 109579
51612 100408 109579
109579 51612 100408
101295 3119 62513
3119 62513 101295
62513 3119 101295
49952 54054 107283
54054 49952 107283
107283 49952 54054
9738 21085 91896
21085 9738 91896
91896 9738 21085
30353 18924 87948
87948 18924 30353
18924 30353 87948
19026 9192 134855
134855 9192 19026
9192 19026 134855
18800 61198 65697
61198 18800 65697
65697 18800 61198
139152 45501 87723
45501 87723 139152
87723 45501 139152
5419 21947 119661
119661 5419 21947
21947 5419 119661
9038 18603 93644
93644 9038 18603
18603 9038 93644
110988 67587 148192
67587 110988 148192
148192 67587 110988
127133 4782 57714
57714 4782 127133
4782 57714 127133
28691 129319 129489
129489 28691 129319
129319 28691 129489
123233 31316 38271
38271 31316 123233
31316 38271 123233
42511 171 26624
26624 171 42511
171 26624 42511
93268 66796 96015
66796 93268 96015
96015 66796 93268
98612 27389 97694
27389 97694 98612
97694 27389 98612
59374 56296 69002
69002 56296 59374
56296 59374 69002
21439 81950 99330
99330 21439 81950
81950 21439 99330
518 11512 143419
143419 518 11512
11512 518 143419
30214 19911 134323
19911 30214 134323
134323 19911 30214
19035 44712 60560
44712 19035 60560
60560 19035 44712
75948 83476 120929
120929 75948 83476
83476 75948 120929
110458 93227 121006
93227 110458 121006
121006 93227 110458
137167 1409 139858
139858 1409 137167
1409 137167 139858
102527 76664 93780
93780 76664 102527
76664 93780 102527
58689 19744 23595
23595 19744 58689
19744 23595 58689
147086 6128 28899
6128 28899 147086
28899 6128 147086
49951 27900 66011
27900 49951 66011
66011 27900 49951
7996 959 66317
66317 959 7996
959 7996 66317
66305 69970 113388
113388 66305 69970
69970 66305 113388
45993 76379 131574
76379 45993 131574
131574 45993 76379
146685 45088 105434
45088 105434 146685
105434 45088 146685
24456 46279 50197
46279 24456 50197
50197 24456 46279
1525 8381 122962
122962 1525 8381
8381 1525 122962
20845 47707 82169
47707 20845 82169
82169 20845 47707
32924 77657 119861
77657 32924 119861
119861 32924 77657
84283 27355 132537
132537 27355 84283
27355 84283 132537
74777 10432 65048
65048 10432 74777
10432 65048 74777
110563 30070 131884
131884 30070 110563
30070 110563 131884
31139 12977 34579
34579 12977 31139
12977 31139 34579
20807 55781 130467
130467 20807 55781
55781 20807 130467
58878 76980 142995
142995 58878 76980
76980 58878 142995
108038 66136 76256
76256 66136 108038
66136 76256 108038
75965 5337 135115
5337 75965 135115
135115 5337 75965
146279 55524 92868
92868 55524 146279
55524 92868 146279
148020 35318 76772
76772 35318 148020
35318 76772 148020
73232 59145 120435
120435 59145 73232
59145 73232 120435
81859 113795 121280
113795 81859 121280
121280 81859 113795
88097 51809 95025
95025 51809 88097
51809 88097 95025
77057 10030 102026
10030 77057 102026
102026 10030 77057
69626 2010 7342
7342 2010 69626
2010 7342 69626
133428 7448 61736
61736 7448 133428
7448 61736 133428
95487 61009 83620
83620 61009 95487
61009 83620 95487
73784 90153 124884
124884 73784 90153
90153 73784 124884
62839 28389 30257
28389 30257 62839
30257 28389 62839
9801 46598 83791
83791 9801 46598
46598 9801 83791
34848 92084 103119
92084 34848 103119
103119 34848 92084
140371 53334 115201
115201 53334 140371
53334 115201 140371
70448 42617 74736
42617 70448 74736
74736 42617 70448
19321 28847 37659
28847 19321 37659
37659 19321 28847
121539 117042 128906
128906 117042 121539
117042 121539 128906
139246 74997 148423
74997 139246 148423
148423 74997 139246
5860 34266 107729
107729 5860 34266
34266 5860 107729
34032 39574 59573
59573 34032 39574
39574 34032 59573
119671 21382 99212
99212 21382 119671
21382 99212 119671
2259 35326 45490
35326 2259 45490
45490 2259 35326
76537 57544 134831
57544 76537 134831
134831 57544 76537
147346 27656 93443
27656 93443 147346
93443 27656 147346
106501 25860 33059
33059 25860 106501
25860 33059 106501
69587 46696 111551
46696 69587 111551
111551 46696 69587
139042 13179 109694
109694 13179 139042
13179 109694 139042
114394 12149 104258
12149 104258 114394
104258 12149 114394
93159 87265 112099
112099 87265 93159
87265 93159 112099
64438 11229 13868
13868 11229 64438
11229 13868 64438
64131 111992 117645
117645 64131 111992
111992 64131 117645
40810 31712 56771
56771 31712 40810
31712 40810 56771
132865 29190 108570
108570 29190 132865
29190 108570 132865
61660 61497 73781
61497 61660 73781
73781 61497 61660
116090 44015 44983
44983 44015 116090
44015 44983 116090
116991 64376 95290
64376 95290 116991
95290 64376 116991
95702 33124 120878
33124 95702 120878
120878 33124 95702
121883 23608 40901
40901 23608 121883
23608 40901 121883
22223 37071 61324
37071 22223 61324
61324 22223 37071
63957 15387 143060
15387 63957 143060
143060 15387 63957
50124 9128 133484
133484 9128 50124
9128 50124 133484
143268 71654 97836
97836 71654 143268
71654 97836 143268
99200 39420 77621
39420 77621 99200
77621 39420 99200
35783 28726 61699
61699 28726 35783
28726 35783 61699
92566 1038 27393
27393 1038 92566
1038 27393 92566
53963 81573 110890
81573 53963 110890
110890 53963 81573
126205 65927 127683
65927 126205 127683
127683 65927 126205
121766 33138 114550
114550 33138 121766
33138 114550 121766
28701 693 147486
693 28701 147486
147486 693 28701
87361 44309 108833
44309 87361 108833
108833 44309 87361
56865 60025 105553
60025 56865 105553
105553 56865 60025
82167 15734 134785
134785 15734 82167
15734 82167 134785
29256 10500 35982
35982 10500 29256
10500 29256 35982
115373 72372 92536
72372 92536 115373
92536 72372 115373
9543 73473 97879
97879 9543 73473
73473 9543 97879
27492 91254 127413
91254 27492 127413
127413 27492 91254
95413 47498 78944
78944 47498 95413
47498 78944 95413
56111 44377 128927
44377 56111 128927
128927 44377 56111
22820 63964 126351
63964 22820 126351
126351 22820 63964
84011 32760 54310
54310 32760 84011
32760 54310 84011
86383 42938 144132
42938 86383 144132
144132 42938 86383
99161 15491 132022
15491 99161 132022
132022 15491 99161
139893 63667 110544
110544 63667 139893
63667 110544 139893
104165 77814 132540
77814 104165 132540
132540 77814 104165
18290 33312 37216
37216 18290 33312
33312 18290 37216
143771 98387 99028
99028 98387 143771
98387 99028 143771
101522 39413 91036
91036 39413 101522
39413 91036 101522
30887 43163 89928
43163 30887 89928
89928 30887 43163
45540 81684 124659
124659 45540 81684
81684 45540 124659
136027 12992 79539
12992 79539 136027
79539 12992 136027
63497 92969 121038
92969 63497 121038
121038 63497 92969
149396 89710 90932
90932 89710 149396
89710 90932 149396
22113 62475 89028
89028 22113 62475
62475 22113 89028
114922 62560 122955
62560 114922 122955
122955 62560 114922
72324 74916 110746
74916 72324 110746
110746 72324 74916
101363 30433 79991
79991 30433 101363
30433 79991 101363
66034 74676 134219
74676 66034 134219
134219 66034 74676
139531 48169 118187
48169 118187 139531
118187 48169 139531
43028 83099 98903
98903 43028 83099
83099 43028 98903
28606 101007 103257
101007 28606 103257
103257 28606 101007
110286 117311 130558
130558 110286 117311
117311 110286 130558
24699 39066 103446
103446 24699 39066
39066 24699 103446
123724 51626 128755
51626 123724 128755
128755 51626 123724
7991 56250 115712
115712 7991 56250
56250 7991 115712
81286 34377 58838
58838 34377 81286
34377 58838 81286
90943 45761 95389
45761 90943 95389
95389 45761 90943
101569 11454 85602
11454 85602 101569
85602 11454 101569
122919 67392 114766
114766 67392 122919
67392 114766 122919
97993 77605 145884
77605 97993 145884
145884 77605 97993
4182 64730 114960
114960 4182 64730
64730 4182 114960
113798 62608 104904
62608 104904 113798
104904 62608 113798
1891 74494 149144
149144 1891 74494
74494 1891 149144
27199 60637 108534
108534 27199 60637
60637 27199 108534
63344 19262 90277
19262 63344 90277
90277 19262 63344
101134 57648 63894
57648 63894 101134
63894 57648 101134
23821 26595 32586
26595 23821 32586
32586 23821 26595
87475 73703 100576
73703 87475 100576
100576 73703 87475
50401 39561 90424
90424 39561 50401
39561 50401 90424
129143 13283 57315
57315 13283 129143
13283 57315 129143
6940 34926 117291
117291 6940 34926
34926 6940 117291
53864 67626 110041
110041 53864 67626
67626 53864 110041
48082 84505 119050
84505 48082 119050
119050 48082 84505
87097 95627 96844
96844 87097 95627
95627 87097 96844
101300 11820 107674
107674 11820 101300
11820 101300 107674
146368 47846 109589
109589 47846 146368
47846 109589 146368
132095 6665 8603
6665 8603 132095
8603 6665 132095
81172 29526 83822
29526 81172 83822
83822 29526 81172
13431 8229 59614
8229 13431 59614
59614 8229 13431
56167 115202 130007
130007 56167 115202
115202 56167 130007
128176 4116 61897
61897 4116 128176
4116 61897 128176
127015 54689 111860
54689 111860 127015
111860 54689 127015
90874 127837 129824
127837 90874 129824
129824 90874 127837
66914 30019 114319
114319 30019 66914
30019 66914 114319
119155 17213 121921
121921 17213 119155
17213 119155 121921
131148 24751 85904
85904 24751 131148
24751 85904 131148
35632 51483 107500
107500 35632 51483
51483 35632 107500
42110 39343 52473
52473 39343 42110
39343 42110 52473
39096 76781 89677
89677 39096 76781
76781 39096 89677
113707 36866 43093
43093 36866 113707
36866 43093 113707
112196 87648 136642
136642 87648 112196
87648 112196 136642
148304 40389 52536
52536 40389 148304
40389 52536 148304
107406 70872 120117
70872 107406 120117
120117 70872 107406
67853 72017 87601
87601 67853 72017
72017 67853 87601
106121 49149 119528
49149 106121 119528
119528 49149 106121
103778 36901 144227
144227 36901 103778
36901 103778 144227
124396 62781 141461
141461 62781 124396
62781 124396 141461
74687 53933 98904
98904 53933 74687
53933 74687 98904
76182 1738 15155
1738 15155 76182
15155 1738 76182
15892 39903 65812
39903 15892 65812
65812 15892 39903
88651 833 149117
149117 833 88651
833 88651 149117
10441 61864 133000
61864 10441 133000
133000 10441 61864
83200 74261 82204
74261 82204 83200
82204 74261 83200
65898 11661 102667
102667 11661 65898
11661 65898 102667
111201 82290 121662
82290 111201 121662
121662 82290 111201
108216 78853 136640
78853 108216 136640
136640 78853 108216
25715 34542 61159
61159 25715 34542
34542 25715 61159
58024 60518 132829
60518 58024 132829
132829 58024 60518
120018 89630 131439
131439 89630 120018
89630 120018 131439
147780 26166 141165
141165 26166 147780
26166 141165 147780
16288 57423 58294
57423 16288 58294
58294 16288 57423
88669 6674 134440
134440 6674 88669
6674 88669 134440
40499 60014 64211
64211 40499 60014
60014 40499 64211
67510 8619 40090
40090 8619 67510
8619 40090 67510
63438 31040 132848
132848 31040 63438
31040 63438 132848
99361 27409 76341
76341 27409 99361
27409 76341 99361
70135 83508 109674
83508 70135 109674
109674 70135 83508
10230 6235 28909
6235 10230 28909
28909 6235 10230
93405 101966 144862
144862 93405 101966
101966 93405 144862
60652 28919 60070
60070 28919 60652
28919 60070 60652
114745 48339 87638
87638 48339 114745
48339 87638 114745
5385 40585 71892
40585 5385 71892
71892 5385 40585
27261 63883 129212
129212 27261 63883
63883 27261 129212
29201 36950 146475
146475 29201 36950
36950 29201 146475
75856 63581 142803
142803 63581 75856
63581 75856 142803
95982 3099 105145
105145 3099 95982
3099 95982 105145
14346 53458 99110
99110 14346 53458
53458 14346 99110
78057 43045 110311
43045 78057 110311
110311 43045 78057
41019 1947 4455
4455 1947 41019
1947 4455 41019
94464 38542 99963
99963 38542 94464
38542 94464 99963
91941 72546 121654
121654 72546 91941
72546 91941 121654
139649 74850 128526
128526 74850 139649
74850 128526 139649
88668 13764 126589
13764 88668 126589
126589 13764 88668
20400 112011 139337
139337 20400 112011
112011 20400 139337
109445 35744 122303
122303 35744 109445
35744 109445 122303
141313 70970 88988
88988 70970 141313
70970 88988 141313
55191 20237 131772
20237 55191 131772
131772 20237 55191
28501 8726 37784
37784 8726 28501
8726 28501 37784
72126 6671 42192
42192 6671 72126
6671 42192 72126
79163 55100 93987
55100 79163 93987
93987 55100 79163
54073 39440 119426
39440 54073 119426
119426 39440 54073
85632 50609 88310
50609 85632 88310
88310 50609 85632
122849 17643 140158
17643 122849 140158
140158 17643 122849
107046 18743 93110
93110 18743 107046
18743 93110 107046
43073 83851 111938
83851 43073 111938
111938 43073 83851
76511 73661 115702
73661 76511 115702
115702 73661 76511
91491 92006 104541
92006 91491 104541
104541 91491 92006
76136 4144 112642
4144 76136 112642
112642 4144 76136
148906 46562 118033
46562 118033 148906
118033 46562 148906
10481 99580 131603
99580 10481 131603
131603 10481 99580
34642 29095 93569
93569 29095 34642
29095 34642 93569
10341 44818 89489
89489 10341 44818
44818 10341 89489
24052 67293 128637
67293 24052 128637
128637 24052 67293
42662 14266 85180
85180 14266 42662
14266 42662 85180
93191 78638 117170
78638 93191 117170
117170 78638 93191
61732 20600 115723
115723 20600 61732
20600 61732 115723
34343 1090 102427
1090 34343 102427
102427 1090 34343
63177 107079 127744
127744 63177 107079
107079 63177 127744
108927 102118 140800
140800 102118 108927
102118 108927 140800
40917 78981 127679
78981 40917 127679
127679 40917 78981
64389 35049 98672
35049 64389 98672
98672 35049 64389
43436 56301 96337
56301 43436 96337
96337 43436 56301
53851 37308 102552
37308 53851 102552
102552 37308 53851
68708 21433 65908
21433 65908 68708
65908 21433 68708
66252 81138 95807
81138 66252 95807
95807 66252 81138
39448 105465 114233
114233 39448 105465
105465 39448 114233
8749 28947 69812
69812 8749 28947
28947 8749 69812
70670 14893 101316
101316 14893 70670
14893 70670 101316
55756 31640 95888
95888 31640 55756
31640 55756 95888
81052 87918 141990
87918 81052 141990
141990 81052 87918
82419 52299 94444
52299 82419 94444
94444 52299 82419
51807 42467 61126
61126 42467 51807
42467 51807 61126
24941 16991 103678
16991 24941 103678
103678 16991 24941
23933 84216 88225
84216 23933 88225
88225 23933 84216
26360 24293 66460
24293 26360 66460
66460 24293 26360
122734 86029 114536
86029 114536 122734
114536 86029 122734
48608 49748 80294
80294 48608 49748
49748 48608 80294
16031 71781 103749
71781 16031 103749
103749 16031 71781
47457 22609 30686
30686 22609 47457
22609 30686 47457
22003 65605 149638
65605 22003 149638
149638 22003 65605
35231 97793 110418
97793 35231 110418
110418 35231 97793
16832 26100 72508
26100 16832 72508
72508 16832 26100
9920 63308 91350
91350 9920 63308
63308 9920 91350
22477 29533 43288
29533 22477 43288
43288 22477 29533
24469 9417 95297
95297 9417 24469
9417 24469 95297
97427 65752 104837
104837 65752 97427
65752 97427 104837
75969 41415 68707
41415 68707 75969
68707 41415 75969
90510 16707 148834
148834 16707 90510
16707 90510 148834
83440 70414 109840
109840 70414 83440
70414 83440 109840
32342 4448 113353
113353 4448 32342
4448 32342 113353
7412 15670 38701
38701 7412 15670
15670 7412 38701
5925 41194 64895
64895 5925 41194
