12979 9058 13522
13522 9058 12979
9058 12979 13522
7247 873 4708
873 4708 7247
4708 873 7247
3827 7424 14560
14560 3827 7424
7424 3827 14560
9338 6898 8889
6898 8889 9338
8889 6898 9338
13913 4594 11196
4594 11196 13913
11196 4594 13913
1061 2800 11862
2800 1061 11862
11862 1061 2800
2283 4997 8423
4997 2283 8423
8423 2283 4997
385 3006 4073
3006 385 4073
4073 385 3006
1292 11143 14533
14533 1292 11143
11143 1292 14533
10541 7684 12932
12932 7684 10541
7684 10541 12932
13805 1812 3028
1812 3028 13805
3028 1812 13805
9664 1086 12311
12311 1086 9664
1086 9664 12311
10634 3975 14986
14986 3975 10634
3975 10634 14986
2341 9235 12396
9235 2341 12396
12396 2341 9235
6437 4415 11848
11848 4415 6437
4415 6437 11848
8431 6557 8257
8257 6557 8431
6557 8257 8431
996 8266 14622
8266 996 14622
14622 996 8266
8610 4695 10297
4695 8610 10297
10297 4695 8610
9724 3031 10492
10492 3031 9724
3031 9724 10492
8913 7921 13567
7921 8913 13567
13567 7921 8913
4910 8611 14018
8611 4910 14018
14018 4910 8611
13764 7737 7787
7737 7787 13764
7787 7737 13764
28 7720 13228
7720 28 13228
13228 28 7720
7988 7639 13054
13054 7639 7988
7639 7988 13054
14577 3662 13872
3662 13872 14577
13872 3662 14577
12712 1483 6251
1483 6251 12712
6251 1483 12712
5673 6427 6897
6427 5673 6897
6897 5673 6427
13865 12971 13602
13602 12971 13865
12971 13602 13865
7894 710 2682
2682 710 7894
710 2682 7894
4379 5772 9038
9038 4379 5772
5772 4379 9038
10432 6335 6671
6671 6335 10432
6335 6671 10432
9983 4211 12876
12876 4211 9983
4211 9983 12876
13696 9433 13870
9433 13696 13870
13870 9433 13696
5554 368 6282
6282 368 5554
368 5554 6282
7241 9696 14009
14009 7241 9696
9696 7241 14009
13237 3538 11672
11672 3538 13237
3538 11672 13237
12555 2451 4562
2451 4562 12555
4562 2451 12555
2029 341 3732
341 2029 3732
3732 341 2029
14254 1459 6890
1459 6890 14254
6890 1459 14254
14122 10068 10241
10068 10241 14122
10241 10068 14122
13919 11600 14157
14157 11600 13919
11600 13919 14157
8590 1132 4595
1132 4595 8590
4595 1132 8590
8010 8718 14600
8718 8010 14600
14600 8010 8718
5189 3061 7997
7997 3061 5189
3061 5189 7997
8559 7489 13631
13631 7489 8559
7489 8559 13631
5280 8445 14484
8445 5280 14484
14484 5280 8445
5245 333 9717
9717 333 5245
333 5245 9717
6681 1903 4353
1903 4353 6681
4353 1903 6681
10384 7562 11045
11045 7562 10384
7562 10384 11045
7518 12056 13245
12056 7518 13245
13245 7518 12056
829 627 7502
7502 627 829
627 829 7502
5078 2673 11276
2673 5078 11276
11276 2673 5078
4158 11783 14752
11783 4158 14752
14752 4158 11783
6103 7648 10557
10557 6103 7648
7648 6103 10557
11748 635 12478
12478 635 11748
635 11748 12478
14497 2354 11490
11490 2354 14497
2354 11490 14497
10445 48 3953
48 3953 10445
3953 48 10445
14974 5257 6902
6902 5257 14974
5257 6902 14974
10444 5243 10246
5243 10246 10444
10246 5243 10444
2313 7618 12041
7618 2313 12041
12041 2313 7618
8898 4782 5173
5173 4782 8898
4782 5173 8898
3935 4747 7417
7417 3935 4747
4747 3935 7417
4917 2346 10945
10945 2346 4917
2346 4917 10945
11908 3930 4105
3930 4105 11908
4105 3930 11908
5004 10555 14438
10555 5004 14438
14438 5004 10555
12882 7310 8255
8255 7310 12882
7310 8255 12882
11544 1134 8726
1134 8726 11544
8726 1134 11544
5824 1319 3118
3118 1319 5824
1319 3118 5824
2726 1407 12157
12157 1407 2726
1407 2726 12157
12007 408 13845
13845 408 12007
408 12007 13845
12293 1644 3370
3370 1644 12293
1644 3370 12293
3364 1084 5158
5158 1084 3364
1084 3364 5158
14282 12395 13732
12395 13732 14282
13732 12395 14282
6284 4603 6792
4603 6284 6792
6792 4603 6284
4784 6948 9738
6948 4784 9738
9738 4784 6948
13715 7947 11955
11955 7947 13715
7947 11955 13715
3505 4256 9174
9174 3505 4256
4256 3505 9174
626 6392 8544
6392 626 8544
8544 626 6392
7426 6729 10832
6729 7426 10832
10832 6729 7426
6887 9305 14103
14103 6887 9305
9305 6887 14103
14470 3222 6217
6217 3222 14470
3222 6217 14470
79 8730 13130
13130 79 8730
8730 79 13130
10105 6714 12433
6714 10105 12433
12433 6714 10105
12823 11104 13260
11104 12823 13260
13260 11104 12823
1770 1599 8706
1599 1770 8706
8706 1599 1770
10479 523 5315
523 5315 10479
5315 523 10479
6816 1064 10382
10382 1064 6816
1064 6816 10382
14113 6057 8957
8957 6057 14113
6057 8957 14113
1711 743 13780
13780 743 1711
743 1711 13780
11883 12748 12773
12773 11883 12748
12748 11883 12773
7129 346 10899
10899 346 7129
346 7129 10899
2756 1052 9862
9862 1052 2756
1052 2756 9862
4928 6847 13985
13985 4928 6847
6847 4928 13985
2714 1991 12491
1991 2714 12491
12491 1991 2714
14629 12856 13439
12856 13439 14629
13439 12856 14629
4941 8715 13136
8715 4941 13136
13136 4941 8715
1595 5411 6979
5411 1595 6979
6979 1595 5411
10377 1344 9787
1344 9787 10377
9787 1344 10377
4116 1958 14940
14940 1958 4116
1958 4116 14940
5038 6889 7669
6889 5038 7669
7669 5038 6889
12761 4050 11346
11346 4050 12761
4050 11346 12761
1493 8048 13825
13825 1493 8048
8048 1493 13825
159 1979 8678
1979 159 8678
8678 159 1979
3889 7437 10852
7437 3889 10852
10852 3889 7437
3251 7495 9087
7495 3251 9087
9087 3251 7495
13603 5219 13681
13681 5219 13603
5219 13603 13681
12153 1694 8874
1694 8874 12153
8874 1694 12153
7741 12088 13733
13733 7741 12088
12088 7741 13733
7381 3 9530
3 7381 9530
9530 3 7381
11220 4365 11670
11670 4365 11220
4365 11220 11670
3001 4542 12072
12072 3001 4542
4542 3001 12072
10891 4121 11714
11714 4121 10891
4121 10891 11714
8438 963 7842
963 7842 8438
7842 963 8438
10509 5101 7130
5101 7130 10509
7130 5101 10509
7862 12161 13600
12161 7862 13600
13600 7862 12161
6415 5042 13515
13515 5042 6415
5042 6415 13515
6861 10600 12782
12782 6861 10600
10600 6861 12782
81 3562 12364
3562 81 12364
12364 81 3562
14338 3518 11979
3518 11979 14338
11979 3518 14338
11576 4834 11911
4834 11576 11911
11911 4834 11576
4413 8709 9214
9214 4413 8709
8709 4413 9214
2848 4951 8525
4951 2848 8525
8525 2848 4951
10390 482 13535
13535 482 10390
482 10390 13535
12350 3040 10840
10840 3040 12350
3040 10840 12350
6356 88 13851
13851 88 6356
88 6356 13851
9414 3032 3396
3396 3032 9414
3032 3396 9414
9271 4155 13127
4155 9271 13127
13127 4155 9271
133 7546 14024
7546 133 14024
14024 133 7546
14033 4948 13767
13767 4948 14033
4948 13767 14033
11526 3701 13967
3701 11526 13967
13967 3701 11526
2359 10988 13663
13663 2359 10988
10988 2359 13663
6351 1305 12145
1305 6351 12145
12145 1305 6351
4027 3173 3479
3173 3479 4027
3479 3173 4027
3070 2867 12618
12618 2867 3070
2867 3070 12618
12434 11590 13500
11590 12434 13500
13500 11590 12434
11581 3989 13776
3989 11581 13776
13776 3989 11581
6907 5401 6311
5401 6311 6907
6311 5401 6907
3688 2625 7670
7670 2625 3688
2625 3688 7670
209 7428 9722
9722 209 7428
7428 209 9722
8218 868 7105
7105 868 8218
868 7105 8218
5594 370 12974
12974 370 5594
370 5594 12974
6206 10700 10970
10970 6206 10700
10700 6206 10970
7068 6908 10132
10132 6908 7068
6908 7068 10132
7628 7379 14883
7379 7628 14883
14883 7379 7628
12778 1323 4409
4409 1323 12778
1323 4409 12778
8803 2534 9103
9103 2534 8803
2534 8803 9103
14740 2053 7933
7933 2053 14740
2053 7933 14740
7362 5886 10892
10892 5886 7362
5886 7362 10892
5774 6317 10391
10391 5774 6317
6317 5774 10391
7131 5383 14434
5383 7131 14434
14434 5383 7131
6508 6393 7392
7392 6393 6508
6393 6508 7392
14279 7335 10400
10400 7335 14279
7335 10400 14279
8120 11435 11529
11435 8120 11529
11529 8120 11435
5168 4336 14174
4336 5168 14174
14174 4336 5168
7058 8075 12236
12236 7058 8075
8075 7058 12236
3199 10311 11959
10311 3199 11959
11959 3199 10311
11036 4366 7992
4366 7992 11036
7992 4366 11036
8179 4228 8340
8340 4228 8179
4228 8179 8340
637 5849 10735
5849 637 10735
10735 637 5849
4114 2697 7702
7702 2697 4114
2697 4114 7702
13815 5198 8903
5198 8903 13815
8903 5198 13815
2526 3707 5702
3707 2526 5702
5702 2526 3707
14817 2057 5926
5926 2057 14817
2057 5926 14817
10299 4546 11889
11889 4546 10299
4546 10299 11889
3462 4104 14919
14919 3462 4104
4104 3462 14919
9021 7045 10540
10540 7045 9021
7045 9021 10540
14820 6155 12857
6155 12857 14820
12857 6155 14820
4659 12401 14508
12401 4659 14508
14508 4659 12401
2408 581 10517
10517 581 2408
581 2408 10517
8552 1828 8963
8963 1828 8552
1828 8552 8963
2409 6718 11079
11079 2409 6718
6718 2409 11079
13744 6124 10385
10385 6124 13744
6124 10385 13744
6293 309 9797
9797 309 6293
309 6293 9797
2533 3602 7519
7519 2533 3602
3602 2533 7519
5691 746 8403
8403 746 5691
746 5691 8403
2381 7781 10727
10727 2381 7781
7781 2381 10727
7076 7100 7494
7100 7076 7494
7494 7076 7100
7964 5852 7493
7493 5852 7964
5852 7493 7964
9292 9464 10171
9464 9292 10171
10171 9292 9464
11857 6043 9384
9384 6043 11857
6043 9384 11857
3896 4029 4234
4234 3896 4029
4029 3896 4234
11524 3577 8316
8316 3577 11524
3577 8316 11524
8270 3682 11504
11504 3682 8270
3682 8270 11504
6128 2840 13467
2840 6128 13467
13467 2840 6128
13446 7236 10225
7236 10225 13446
10225 7236 13446
2329 2017 7207
7207 2017 2329
2017 2329 7207
10859 4434 6435
6435 4434 10859
4434 6435 10859
1663 13459 14930
14930 1663 13459
13459 1663 14930
4516 4697 7109
7109 4516 4697
4697 4516 7109
643 2120 2922
2922 643 2120
2120 643 2922
7208 6967 11005
11005 6967 7208
6967 7208 11005
8993 7276 10298
10298 7276 8993
7276 8993 10298
12079 12017 13911
12017 12079 13911
13911 12017 12079
601 3795 7136
3795 601 7136
7136 601 3795
4187 1490 10866
10866 1490 4187
1490 4187 10866
5430 9106 10104
9106 5430 10104
10104 5430 9106
4364 12367 14724
12367 4364 14724
14724 4364 12367
2711 1631 2134
1631 2134 2711
2134 1631 2711
6156 2975 7605
2975 6156 7605
7605 2975 6156
6318 61 5632
5632 61 6318
61 5632 6318
2444 9362 9904
9904 2444 9362
9362 2444 9904
5920 2132 10022
10022 2132 5920
2132 5920 10022
8189 9964 11881
11881 8189 9964
9964 8189 11881
14374 9989 14304
14304 9989 14374
9989 14304 14374
8746 6296 8204
8204 6296 8746
6296 8204 8746
1509 6904 12382
6904 1509 12382
12382 1509 6904
6700 2391 12309
12309 2391 6700
2391 6700 12309
8277 3260 5428
3260 5428 8277
5428 3260 8277
5436 10836 11213
11213 5436 10836
10836 5436 11213
1261 5903 6868
6868 1261 5903
5903 1261 6868
8742 13297 13802
13297 8742 13802
13802 8742 13297
5527 7311 9768
7311 5527 9768
9768 5527 7311
6389 2230 7637
2230 6389 7637
7637 2230 6389
12795 5288 13686
5288 12795 13686
13686 5288 12795
6876 513 5296
513 5296 6876
5296 513 6876
3100 1027 2248
1027 2248 3100
2248 1027 3100
6805 565 2059
565 2059 6805
2059 565 6805
6256 252 10775
10775 252 6256
252 6256 10775
6640 7125 7341
7125 6640 7341
7341 6640 7125
726 8095 14670
8095 726 14670
14670 726 8095
1016 11625 11991
11625 1016 11991
11991 1016 11625
8540 9372 13181
13181 8540 9372
9372 8540 13181
4053 10441 10501
10501 4053 10441
10441 4053 10501
11386 7759 9131
7759 9131 11386
9131 7759 11386
5500 3237 8572
3237 5500 8572
8572 3237 5500
12957 5035 7665
7665 5035 12957
5035 7665 12957
11260 5020 8464
5020 8464 11260
8464 5020 11260
8200 2537 10888
10888 2537 8200
2537 8200 10888
1356 406 2257
406 1356 2257
2257 406 1356
2135 2538 7721
2538 2135 7721
7721 2135 2538
6236 7596 11224
7596 6236 11224
11224 6236 7596
12142 11207 13874
11207 12142 13874
13874 11207 12142
4308 2763 6747
2763 4308 6747
6747 2763 4308
9847 4378 7280
7280 4378 9847
4378 7280 9847
10360 4489 7443
4489 7443 10360
7443 4489 10360
1945 1098 6226
6226 1098 1945
1098 1945 6226
6672 2772 9380
9380 2772 6672
2772 6672 9380
13573 9470 14358
9470 13573 14358
14358 9470 13573
13637 3316 14459
14459 3316 13637
3316 13637 14459
4007 2414 4286
2414 4007 4286
4286 2414 4007
14532 8422 8779
8779 8422 14532
8422 8779 14532
10411 364 11283
364 10411 11283
11283 364 10411
1010 625 2077
2077 625 1010
625 1010 2077
2168 5887 11265
5887 2168 11265
11265 2168 5887
12530 725 9916
725 9916 12530
9916 725 12530
7252 14263 14653
14653 7252 14263
14263 7252 14653
10472 1379 1424
1424 1379 10472
1379 1424 10472
9833 6114 14194
6114 9833 14194
14194 6114 9833
14335 4900 13105
13105 4900 14335
4900 13105 14335
4497 8545 12062
8545 4497 12062
12062 4497 8545
14032 3563 8871
8871 3563 14032
3563 8871 14032
2495 11822 12208
11822 2495 12208
12208 2495 11822
2940 13584 14423
13584 2940 14423
14423 2940 13584
182 884 11567
884 182 11567
11567 182 884
13249 1635 13953
13953 1635 13249
1635 13249 13953
1373 3723 13566
3723 1373 13566
13566 1373 3723
14929 3985 10606
10606 3985 14929
3985 10606 14929
5106 7863 11637
11637 5106 7863
7863 5106 11637
7975 1615 3460
1615 3460 7975
3460 1615 7975
11479 4375 9228
9228 4375 11479
4375 9228 11479
4633 10723 13501
10723 4633 13501
13501 4633 10723
12220 5236 6735
6735 5236 12220
5236 6735 12220
5924 11210 14429
11210 5924 14429
14429 5924 11210
12959 4324 11507
4324 11507 12959
11507 4324 12959
1603 3934 11530
11530 1603 3934
3934 1603 11530
10647 2541 11890
11890 2541 10647
2541 10647 11890
8101 184 256
256 184 8101
184 256 8101
5737 3677 6146
3677 5737 6146
6146 3677 5737
5130 143 10480
143 5130 10480
10480 143 5130
8899 985 8136
8136 985 8899
985 8136 8899
3026 6762 10412
6762 3026 10412
10412 3026 6762
3756 4544 7543
7543 3756 4544
4544 3756 7543
2916 1556 1567
1567 1556 2916
1556 1567 2916
12266 3346 14130
14130 3346 12266
3346 12266 14130
6962 5570 14545
14545 5570 6962
5570 6962 14545
3722 2394 13644
13644 2394 3722
2394 3722 13644
14490 3366 11623
3366 11623 14490
11623 3366 14490
9075 5977 9392
5977 9075 9392
9392 5977 9075
3328 1455 14306
14306 1455 3328
1455 3328 14306
9544 2091 5175
5175 2091 9544
2091 5175 9544
11506 393 8728
8728 393 11506
393 8728 11506
12141 879 7177
7177 879 12141
879 7177 12141
8799 11763 14889
11763 8799 14889
14889 8799 11763
12552 4721 5823
5823 4721 12552
4721 5823 12552
8959 9221 11094
9221 8959 11094
11094 8959 9221
736 149 2578
2578 149 736
149 736 2578
6738 3837 11895
3837 6738 11895
11895 3837 6738
6623 3691 6837
6837 3691 6623
3691 6623 6837
11724 2966 9485
9485 2966 11724
2966 9485 11724
194 5564 10454
5564 194 10454
10454 194 5564
13811 791 9987
791 9987 13811
9987 791 13811
9970 27 348
348 27 9970
27 348 9970
359 8182 11519
8182 359 11519
11519 359 8182
13389 5075 8840
8840 5075 13389
5075 8840 13389
7568 4795 8951
8951 4795 7568
4795 7568 8951
11251 3208 7250
7250 3208 11251
3208 7250 11251
1986 6340 7319
7319 1986 6340
6340 1986 7319
4862 2241 6830
6830 2241 4862
2241 4862 6830
10264 6947 8083
8083 6947 10264
6947 8083 10264
9733 1996 14894
1996 9733 14894
14894 1996 9733
13533 7354 14280
7354 13533 14280
14280 7354 13533
14176 5602 5622
5602 5622 14176
5622 5602 14176
584 10206 11643
11643 584 10206
10206 584 11643
466 12027 12695
12695 466 12027
12027 466 12695
169 251 1334
1334 169 251
251 169 1334
6404 8851 10260
8851 6404 10260
10260 6404 8851
2708 3141 14983
3141 2708 14983
14983 2708 3141
7126 4394 4517
4394 4517 7126
4517 4394 7126
8917 1837 2515
2515 1837 8917
1837 2515 8917
1194 6569 11485
11485 1194 6569
6569 1194 11485
3572 6989 13728
13728 3572 6989
6989 3572 13728
10975 3905 4664
3905 4664 10975
4664 3905 10975
1525 7654 9463
7654 1525 9463
9463 1525 7654
8084 11272 11645
11272 8084 11645
11645 8084 11272
343 5749 11051
11051 343 5749
5749 343 11051
10295 7043 10433
10433 7043 10295
7043 10295 10433
12437 5685 12615
12615 5685 12437
5685 12437 12615
3696 5684 14771
5684 3696 14771
14771 3696 5684
344 1121 4927
1121 344 4927
4927 344 1121
3962 460 13408
460 3962 13408
13408 460 3962
4789 5064 5262
5262 4789 5064
5064 4789 5262
3699 7985 14017
14017 3699 7985
7985 3699 14017
339 13313 14211
14211 339 13313
13313 339 14211
5935 2573 3267
2573 3267 5935
3267 2573 5935
10887 5655 9405
5655 9405 10887
9405 5655 10887
8692 7198 12073
7198 8692 12073
12073 7198 8692
5152 2048 7542
2048 5152 7542
7542 2048 5152
1294 3420 7262
3420 1294 7262
7262 1294 3420
3238 615 6120
6120 615 3238
615 3238 6120
366 8886 12487
8886 366 12487
12487 366 8886
1014 374 9646
9646 374 1014
374 1014 9646
11286 12581 13664
13664 11286 12581
12581 11286 13664
9974 9727 11976
11976 9727 9974
9727 9974 11976
1391 815 7976
7976 815 1391
815 1391 7976
12233 11315 14959
11315 12233 14959
14959 11315 12233
4335 7175 13530
7175 4335 13530
13530 4335 7175
13577 8961 11649
8961 11649 13577
11649 8961 13577
7101 5434 14325
14325 5434 7101
5434 7101 14325
3931 9748 13713
9748 3931 13713
13713 3931 9748
4554 9550 12084
12084 4554 9550
9550 4554 12084
5139 894 11995
894 5139 11995
11995 894 5139
12564 8491 12351
8491 12351 12564
12351 8491 12564
2873 3076 6850
3076 2873 6850
6850 2873 3076
3754 4509 6996
4509 3754 6996
6996 3754 4509
3063 9016 10134
9016 3063 10134
10134 3063 9016
660 9672 10071
9672 660 10071
10071 660 9672
9775 2109 4478
4478 2109 9775
2109 4478 9775
13547 6822 11421
11421 6822 13547
6822 11421 13547
3244 1829 4079
4079 1829 3244
1829 3244 4079
6691 1135 8528
1135 6691 8528
8528 1135 6691
3351 5053 8855
8855 3351 5053
5053 3351 8855
6370 129 11574
11574 129 6370
129 6370 11574
9811 1444 1533
1533 1444 9811
1444 1533 9811
9965 3735 11288
3735 9965 11288
11288 3735 9965
8555 13897 14027
13897 8555 14027
14027 8555 13897
2149 2124 10896
2124 2149 10896
10896 2124 2149
10002 4538 7253
4538 7253 10002
7253 4538 10002
12842 1174 4143
4143 1174 12842
1174 4143 12842
7026 925 4381
4381 925 7026
925 4381 7026
9871 1752 14660
14660 1752 9871
1752 9871 14660
2548 4738 12656
12656 2548 4738
4738 2548 12656
10818 755 1232
755 1232 10818
1232 755 10818
8998 652 5151
652 5151 8998
5151 652 8998
13966 4518 7438
7438 4518 13966
4518 7438 13966
593 7744 11719
7744 593 11719
11719 593 7744
13189 6829 7566
7566 6829 13189
6829 7566 13189
4893 11285 13350
13350 4893 11285
11285 4893 13350
10710 9458 12705
12705 9458 10710
9458 10710 12705
5948 7981 12719
12719 5948 7981
7981 5948 12719
6044 4750 14317
14317 4750 6044
4750 6044 14317
880 3296 9263
9263 880 3296
3296 880 9263
9774 3729 5429
3729 5429 9774
5429 3729 9774
7038 1953 6512
6512 1953 7038
1953 6512 7038
7719 11826 12891
12891 7719 11826
11826 7719 12891
4726 4886 6843
4886 4726 6843
6843 4726 4886
210 8666 14312
14312 210 8666
8666 210 14312
8128 3442 6563
6563 3442 8128
3442 6563 8128
7944 446 844
844 446 7944
446 844 7944
14678 5971 14038
14038 5971 14678
5971 14038 14678
701 7158 7783
7158 701 7783
7783 701 7158
9511 9735 10769
9735 9511 10769
10769 9511 9735
1647 8499 9413
8499 1647 9413
9413 1647 8499
228 6642 10003
6642 228 10003
10003 228 6642
11218 887 4715
887 4715 11218
4715 887 11218
3391 1836 11128
11128 1836 3391
1836 3391 11128
6196 13328 13948
13948 6196 13328
13328 6196 13948
1416 7541 9856
7541 1416 9856
9856 1416 7541
14796 10393 14330
10393 14330 14796
14330 10393 14796
4180 2190 10402
10402 2190 4180
2190 4180 10402
7427 10082 12579
12579 7427 10082
10082 7427 12579
13148 1650 10518
1650 10518 13148
10518 1650 13148
14401 2923 9396
9396 2923 14401
2923 9396 14401
13079 1522 3234
1522 3234 13079
3234 1522 13079
14595 8021 12785
12785 8021 14595
8021 12785 14595
11088 3671 14489
3671 11088 14489
14489 3671 11088
1888 12211 13622
13622 1888 12211
12211 1888 13622
11845 9091 13685
9091 11845 13685
13685 9091 11845
4689 6153 13658
6153 4689 13658
13658 4689 6153
13965 7167 14496
14496 7167 13965
7167 13965 14496
14937 7569 8857
7569 8857 14937
8857 7569 14937
4945 2601 3262
2601 3262 4945
3262 2601 4945
5860 6917 13873
13873 5860 6917
6917 5860 13873
2507 5562 8526
5562 2507 8526
8526 2507 5562
10823 5719 12410
12410 5719 10823
5719 10823 12410
13142 9561 12090
12090 9561 13142
9561 12090 13142
13545 777 10036
10036 777 13545
777 10036 13545
7878 970 2799
970 2799 7878
2799 970 7878
6223 4990 8248
8248 4990 6223
4990 6223 8248
4828 4831 13735
13735 4828 4831
4831 4828 13735
8705 1202 2066
2066 1202 8705
1202 2066 8705
10665 1730 9793
9793 1730 10665
1730 9793 10665
11747 3155 8330
3155 8330 11747
8330 3155 11747
5686 5950 14084
5950 5686 14084
14084 5686 5950
13655 758 5743
5743 758 13655
758 5743 13655
6543 384 11135
11135 384 6543
384 6543 11135
667 6396 13494
6396 667 13494
13494 667 6396
8027 8685 9160
8685 8027 9160
9160 8027 8685
12783 6529 7629
7629 6529 12783
6529 7629 12783
5083 4360 5619
5619 4360 5083
4360 5083 5619
11425 2787 7461
2787 7461 11425
7461 2787 11425
14269 2083 10763
10763 2083 14269
2083 10763 14269
12493 1186 1882
1186 1882 12493
1882 1186 12493
7739 7367 10632
7367 7739 10632
10632 7367 7739
7695 889 5922
5922 889 7695
889 5922 7695
12055 2666 12093
12093 2666 12055
2666 12055 12093
874 4714 6521
6521 874 4714
4714 874 6521
530 12310 14760
14760 530 12310
12310 530 14760
13280 11964 13674
11964 13280 13674
13674 11964 13280
6182 1783 1936
1783 1936 6182
1936 1783 6182
13149 7032 13974
7032 13149 13974
13974 7032 13149
4805 1073 14419
14419 1073 4805
1073 4805 14419
2236 9568 14276
9568 2236 14276
14276 2236 9568
995 2721 8269
8269 995 2721
2721 995 8269
4758 2676 11836
11836 2676 4758
2676 4758 11836
12595 4299 8294
4299 8294 12595
8294 4299 12595
11563 9117 10929
10929 9117 11563
9117 10929 11563
4392 1671 6350
6350 1671 4392
1671 4392 6350
14057 9140 12453
9140 12453 14057
12453 9140 14057
2632 4274 14714
4274 2632 14714
14714 2632 4274
5624 1834 2129
2129 1834 5624
1834 2129 5624
7097 5801 6926
6926 5801 7097
5801 6926 7097
2402 4492 8976
8976 2402 4492
4492 2402 8976
14285 583 12911
12911 583 14285
583 12911 14285
782 659 4770
4770 659 782
659 782 4770
10955 6632 14246
6632 10955 14246
14246 6632 10955
13987 7821 14417
7821 13987 14417
14417 7821 13987
7334 12431 13094
13094 7334 12431
12431 7334 13094
3656 554 2138
2138 554 3656
554 2138 3656
7155 315 7115
315 7115 7155
7115 315 7155
11933 2654 4746
4746 2654 11933
2654 4746 11933
5382 4232 13293
13293 4232 5382
4232 5382 13293
8744 3526 7850
7850 3526 8744
3526 7850 8744
8302 4185 13023
4185 8302 13023
13023 4185 8302
5566 974 3675
974 3675 5566
3675 974 5566
14613 7841 9535
7841 9535 14613
9535 7841 14613
2717 5248 11762
5248 2717 11762
11762 2717 5248
8950 1811 4768
1811 4768 8950
4768 1811 8950
389 485 557
557 389 485
485 389 557
4548 5467 12944
12944 4548 5467
5467 4548 12944
7752 6484 14948
14948 6484 7752
6484 7752 14948
12791 11988 14151
11988 12791 14151
14151 11988 12791
12766 10351 14761
14761 10351 12766
10351 12766 14761
6046 2268 4940
2268 4940 6046
4940 2268 6046
4810 8753 9409
9409 4810 8753
8753 4810 9409
654 7731 12101
12101 654 7731
7731 654 12101
1133 3666 12973
3666 1133 12973
12973 1133 3666
14584 9287 11473
11473 9287 14584
9287 11473 14584
13492 1798 5543
5543 1798 13492
1798 5543 13492
1025 3491 7342
7342 1025 3491
3491 1025 7342
1395 814 3881
814 1395 3881
3881 814 1395
3616 5754 12902
12902 3616 5754
5754 3616 12902
7244 3799 7593
7593 3799 7244
3799 7244 7593
3603 2156 5829
2156 3603 5829
5829 2156 3603
2100 890 13416
13416 890 2100
890 2100 13416
6863 6853 9848
6853 6863 9848
9848 6853 6863
7405 1914 5855
1914 5855 7405
5855 1914 7405
4952 12188 14415
12188 4952 14415
14415 4952 12188
1782 4830 13917
4830 1782 13917
13917 1782 4830
4347 11686 14995
14995 4347 11686
11686 4347 14995
6566 9658 10942
9658 6566 10942
10942 6566 9658
13645 1912 11975
1912 11975 13645
11975 1912 13645
4817 2054 2616
2616 2054 4817
2054 2616 4817
12921 9715 12865
12865 9715 12921
9715 12865 12921
11968 582 14080
582 11968 14080
14080 582 11968
12379 4772 7349
7349 4772 12379
4772 7349 12379
10155 671 13687
671 10155 13687
13687 671 10155
2159 2811 5526
5526 2159 2811
2811 2159 5526
8539 4041 6991
6991 4041 8539
4041 6991 8539
6523 869 4841
869 4841 6523
4841 869 6523
14720 357 10203
357 10203 14720
10203 357 14720
3158 6781 11828
11828 3158 6781
6781 3158 11828
6879 1604 8034
1604 6879 8034
8034 1604 6879
8676 5018 9697
5018 8676 9697
9697 5018 8676
10848 1434 11653
1434 10848 11653
11653 1434 10848
5048 7555 8292
7555 5048 8292
8292 5048 7555
7940 4973 8508
4973 7940 8508
8508 4973 7940
4619 6030 11381
11381 4619 6030
6030 4619 11381
8721 3457 4309
3457 4309 8721
4309 3457 8721
2706 1288 5090
5090 1288 2706
1288 2706 5090
1835 4051 11737
11737 1835 4051
4051 1835 11737
2895 6170 14880
14880 2895 6170
6170 2895 14880
7827 607 6361
607 6361 7827
6361 607 7827
14576 378 11148
378 11148 14576
11148 378 14576
1775 4564 12479
4564 1775 12479
12479 1775 4564
351 1223 4661
4661 351 1223
1223 351 4661
10413 2653 6135
2653 6135 10413
6135 2653 10413
4288 13989 14979
13989 4288 14979
14979 4288 13989
504 395 12192
12192 395 504
395 504 12192
6117 2229 12502
12502 2229 6117
2229 6117 12502
8320 12022 13340
13340 8320 12022
12022 8320 13340
10675 4589 5303
4589 5303 10675
5303 4589 10675
3407 3634 5269
5269 3407 3634
3634 3407 5269
1527 6334 11217
6334 1527 11217
11217 1527 6334
3752 1511 10033
1511 3752 10033
10033 1511 3752
12358 10701 13013
13013 10701 12358
10701 12358 13013
3798 10141 13443
10141 3798 13443
13443 3798 10141
7728 1326 3177
1326 3177 7728
3177 1326 7728
4705 10131 12635
12635 4705 10131
10131 4705 12635
12183 6997 10925
6997 10925 12183
10925 6997 12183
11234 10762 12361
10762 11234 12361
12361 10762 11234
13608 6096 9872
6096 9872 13608
9872 6096 13608
5469 2106 14640
14640 2106 5469
2106 5469 14640
5911 5030 13820
5030 5911 13820
13820 5030 5911
294 12289 13200
13200 294 12289
12289 294 13200
2385 951 12231
12231 951 2385
951 2385 12231
5462 7217 13086
7217 5462 13086
13086 5462 7217
11607 13900 14144
14144 11607 13900
13900 11607 14144
10278 5634 14789
5634 10278 14789
14789 5634 10278
2517 11054 13836
11054 2517 13836
13836 2517 11054
8043 11658 14664
11658 8043 14664
14664 8043 11658
7891 3164 12146
12146 3164 7891
3164 7891 12146
597 1725 8719
8719 597 1725
1725 597 8719
10461 10490 11856
10490 10461 11856
11856 10461 10490
9616 2174 5999
5999 2174 9616
2174 5999 9616
4543 658 11681
658 4543 11681
11681 658 4543
4117 335 9689
9689 335 4117
335 4117 9689
11842 2067 12353
12353 2067 11842
2067 11842 12353
470 3356 14931
14931 470 3356
3356 470 14931
1859 9146 11109
9146 1859 11109
11109 1859 9146
11859 5455 10674
5455 10674 11859
10674 5455 11859
2901 2330 6617
6617 2330 2901
2330 2901 6617
5722 5108 12329
12329 5108 5722
5108 5722 12329
1851 2486 6673
6673 1851 2486
2486 1851 6673
12628 7725 11149
7725 11149 12628
11149 7725 12628
14093 10590 10618
10618 10590 14093
10590 10618 14093
2780 6026 11655
11655 2780 6026
6026 2780 11655
9085 8117 10707
8117 9085 10707
10707 8117 9085
4760 4631 13551
13551 4631 4760
4631 4760 13551
13841 3909 13137
13137 3909 13841
3909 13137 13841
2645 718 7128
7128 718 2645
718 2645 7128
12253 7423 10405
7423 10405 12253
10405 7423 12253
8453 6498 6972
6972 6498 8453
6498 6972 8453
3128 14259 14444
14259 3128 14444
14444 3128 14259
9142 10579 14790
14790 9142 10579
10579 9142 14790
2919 8122 10228
8122 2919 10228
10228 2919 8122
6761 3413 4539
4539 3413 6761
3413 4539 6761
14992 3083 13018
13018 3083 14992
3083 13018 14992
7477 5976 12903
12903 5976 7477
5976 7477 12903
14206 9255 11974
9255 11974 14206
11974 9255 14206
3891 304 3745
3745 304 3891
304 3745 3891
5895 648 3196
648 3196 5895
3196 648 5895
14107 8675 13425
8675 13425 14107
13425 8675 14107
7316 2651 5936
5936 2651 7316
2651 5936 7316
8768 566 11307
566 8768 11307
11307 566 8768
10895 1639 10534
10534 1639 10895
1639 10534 10895
6891 3525 14326
14326 3525 6891
3525 6891 14326
4131 2399 3890
2399 3890 4131
3890 2399 4131
381 9767 13019
9767 381 13019
13019 381 9767
940 1080 10936
1080 940 10936
10936 940 1080
10519 1246 10426
1246 10426 10519
10426 1246 10519
66 199 8838
199 66 8838
8838 66 199
53 9778 10112
9778 53 10112
10112 53 9778
57 146 14827
146 57 14827
14827 57 146
11119 3059 11746
11746 3059 11119
3059 11119 11746
6605 9791 14081
9791 6605 14081
14081 6605 9791
13109 5643 8524
8524 5643 13109
5643 8524 13109
6225 1574 4911
1574 4911 6225
4911 1574 6225
7782 1116 8827
1116 7782 8827
8827 1116 7782
13830 2119 13304
13304 2119 13830
2119 13304 13830
12610 11284 13052
13052 11284 12610
11284 12610 13052
1057 8363 12342
12342 1057 8363
8363 1057 12342
9551 415 9306
415 9306 9551
9306 415 9551
10098 838 8561
838 8561 10098
8561 838 10098
2585 1009 7332
7332 1009 2585
1009 2585 7332
11707 2320 3250
3250 2320 11707
2320 3250 11707
14473 10238 13752
13752 10238 14473
10238 13752 14473
9934 1594 2959
1594 2959 9934
2959 1594 9934
9834 12827 13406
12827 9834 13406
13406 9834 12827
8304 656 5923
5923 656 8304
656 5923 8304
6390 11049 12475
12475 6390 11049
11049 6390 12475
4184 4767 6020
6020 4184 4767
4767 4184 6020
1452 1388 14956
1388 1452 14956
14956 1388 1452
9944 7284 14500
7284 9944 14500
14500 7284 9944
11930 223 7181
7181 223 11930
223 7181 11930
14805 538 10199
538 10199 14805
10199 538 14805
11708 1370 6167
6167 1370 11708
1370 6167 11708
6025 4682 8313
4682 6025 8313
8313 4682 6025
1051 6059 12380
6059 1051 12380
12380 1051 6059
11570 7246 14360
14360 7246 11570
7246 11570 14360
8402 730 866
866 730 8402
730 866 8402
13485 2579 9906
9906 2579 13485
2579 9906 13485
8662 5821 13412
13412 5821 8662
5821 8662 13412
11894 2345 2927
2345 2927 11894
2927 2345 11894
1299 1780 6999
1780 1299 6999
6999 1299 1780
4147 8349 11170
8349 4147 11170
11170 4147 8349
11550 603 9656
9656 603 11550
603 9656 11550
486 1111 5610
5610 486 1111
1111 486 5610
8417 3438 11390
3438 8417 11390
11390 3438 8417
13469 11537 13605
11537 13469 13605
13605 11537 13469
489 1624 3044
1624 489 3044
3044 489 1624
2288 7248 12772
7248 2288 12772
12772 2288 7248
9346 3252 3530
3252 3530 9346
3530 3252 9346
7706 1778 13528
13528 1778 7706
1778 7706 13528
8968 4253 4447
4253 4447 8968
4447 4253 8968
1287 349 11941
349 1287 11941
11941 349 1287
7254 4902 14797
14797 4902 7254
4902 7254 14797
12302 12661 13484
12661 12302 13484
13484 12302 12661
2170 8848 12047
8848 2170 12047
12047 2170 8848
12563 8558 13147
8558 12563 13147
13147 8558 12563
5627 7279 11369
7279 5627 11369
11369 5627 7279
9216 1375 13320
13320 1375 9216
1375 9216 13320
6292 5657 8062
5657 6292 8062
8062 5657 6292
11185 11352 14052
11352 11185 14052
14052 11185 11352
5741 302 5730
5730 302 5741
302 5730 5741
5466 6042 9062
9062 5466 6042
6042 5466 9062
4672 2793 9066
9066 2793 4672
2793 4672 9066
8948 4859 10861
4859 8948 10861
10861 4859 8948
4122 492 4961
4961 492 4122
492 4122 4961
14914 7967 10255
10255 7967 14914
7967 10255 14914
11987 427 6394
6394 427 11987
427 6394 11987
5733 6235 10489
6235 5733 10489
10489 5733 6235
12164 2544 4525
2544 4525 12164
4525 2544 12164
7649 9894 12230
9894 7649 12230
12230 7649 9894
6166 8244 13963
8244 6166 13963
13963 6166 8244
5914 261 11599
261 5914 11599
11599 261 5914
14502 2115 3105
3105 2115 14502
2115 3105 14502
9938 124 7978
124 7978 9938
7978 124 9938
11212 1290 12789
1290 11212 12789
12789 1290 11212
1819 719 6952
6952 719 1819
719 1819 6952
4930 6388 14173
6388 4930 14173
14173 4930 6388
11025 2269 11052
11052 2269 11025
2269 11025 11052
8885 10780 11394
11394 8885 10780
10780 8885 11394
3769 589 2201
2201 589 3769
589 2201 3769
5047 5148 12181
12181 5047 5148
5148 5047 12181
13414 12998 13039
12998 13039 13414
13039 12998 13414
11179 4317 8077
4317 8077 11179
8077 4317 11179
2912 138 4677
4677 138 2912
138 2912 4677
2429 6333 6693
6333 2429 6693
6693 2429 6333
4341 3441 12653
3441 4341 12653
12653 3441 4341
1145 2215 8560
8560 1145 2215
2215 1145 8560
10282 7027 13773
13773 7027 10282
7027 10282 13773
13630 6322 6428
6428 6322 13630
6322 6428 13630
5538 2929 10293
2929 5538 10293
10293 2929 5538
932 7767 9200
7767 932 9200
9200 932 7767
10884 4005 10383
10383 4005 10884
4005 10383 10884
1554 6310 11259
6310 1554 11259
11259 1554 6310
488 10140 11034
11034 488 10140
10140 488 11034
13493 3763 4059
4059 3763 13493
3763 4059 13493
1187 5147 10276
5147 1187 10276
10276 1187 5147
4045 8475 12466
8475 4045 12466
12466 4045 8475
8512 3986 5183
5183 3986 8512
3986 5183 8512
2969 805 2854
805 2854 2969
2854 805 2969
4189 8780 11549
11549 4189 8780
8780 4189 11549
13814 314 10142
10142 314 13814
314 10142 13814
130 693 8099
8099 130 693
693 130 8099
11201 3817 9398
9398 3817 11201
3817 9398 11201
11775 4250 4503
4503 4250 11775
4250 4503 11775
2183 3823 14020
3823 2183 14020
14020 2183 3823
13635 5991 12265
12265 5991 13635
5991 12265 13635
9887 6806 9729
9729 6806 9887
6806 9729 9887
3626 3507 6878
6878 3507 3626
3507 3626 6878
13338 3749 5126
3749 5126 13338
5126 3749 13338
1389 804 6737
804 1389 6737
6737 804 1389
3702 8305 11250
8305 3702 11250
11250 3702 8305
13922 9737 11297
9737 11297 13922
11297 9737 13922
9858 862 9569
9569 862 9858
862 9569 9858
10620 1414 10693
1414 10620 10693
10693 1414 10620
13077 5510 12455
5510 12455 13077
12455 5510 13077
11010 69 6110
69 6110 11010
6110 69 11010
12474 1674 5486
5486 1674 12474
1674 5486 12474
3793 845 11725
11725 845 3793
845 3793 11725
3592 1933 12332
12332 1933 3592
1933 3592 12332
14462 9224 11167
9224 11167 14462
11167 9224 14462
2836 1858 2490
2490 1858 2836
1858 2490 2836
9061 2364 13942
13942 2364 9061
2364 9061 13942
1904 11305 14311
14311 1904 11305
11305 1904 14311
11733 532 1502
1502 532 11733
532 1502 11733
297 3473 8511
3473 297 8511
8511 297 3473
6505 4557 6024
4557 6024 6505
6024 4557 6505
5153 8672 13254
8672 5153 13254
13254 5153 8672
2866 3893 13871
13871 2866 3893
3893 2866 13871
4072 1995 10870
10870 1995 4072
1995 4072 10870
3609 4668 5790
5790 3609 4668
4668 3609 5790
6104 4071 10752
10752 4071 6104
4071 6104 10752
6410 724 4038
4038 724 6410
724 4038 6410
7848 10644 13349
13349 7848 10644
10644 7848 13349
5253 1890 9759
9759 1890 5253
1890 5253 9759
3993 6937 7270
6937 3993 7270
7270 3993 6937
103 386 9734
9734 103 386
386 103 9734
7509 4874 14982
14982 4874 7509
4874 7509 14982
10654 1755 8918
1755 8918 10654
8918 1755 10654
7479 1550 6969
1550 6969 7479
6969 1550 7479
11071 5395 9108
9108 5395 11071
5395 9108 11071
11413 4285 7346
4285 7346 11413
7346 4285 11413
642 8123 10256
8123 642 10256
10256 642 8123
4427 3523 4257
4257 3523 4427
3523 4257 4427
7931 10208 11467
11467 7931 10208
10208 7931 11467
14666 1043 6139
6139 1043 14666
1043 6139 14666
1384 1715 14928
1715 1384 14928
14928 1384 1715
5304 7296 11157
7296 5304 11157
11157 5304 7296
12873 2749 11903
2749 11903 12873
11903 2749 12873
1677 8119 8240
8240 1677 8119
8119 1677 8240
3440 2237 9466
2237 3440 9466
9466 2237 3440
11957 13724 13877
13724 11957 13877
13877 11957 13724
5945 826 3192
826 3192 5945
3192 826 5945
7275 2140 12937
12937 2140 7275
2140 7275 12937
12497 8229 12477
8229 12477 12497
12477 8229 12497
1959 7488 13197
7488 1959 13197
13197 1959 7488
10094 9513 11832
11832 9513 10094
9513 10094 11832
9928 4716 10661
10661 4716 9928
4716 9928 10661
14212 2372 6136
6136 2372 14212
2372 6136 14212
7703 4418 13835
13835 4418 7703
4418 7703 13835
6313 4480 4938
4480 4938 6313
4938 4480 6313
11237 9143 14028
14028 9143 11237
9143 11237 14028
4246 865 11904
865 4246 11904
11904 865 4246
5764 9175 13276
9175 5764 13276
13276 5764 9175
2786 3997 8260
8260 2786 3997
3997 2786 8260
949 4667 11556
11556 949 4667
4667 949 11556
1978 1673 12026
12026 1673 1978
1673 1978 12026
10167 6269 9707
9707 6269 10167
6269 9707 10167
12872 12362 12812
12362 12812 12872
12812 12362 12872
2976 2684 6312
2684 2976 6312
6312 2684 2976
3359 10683 13548
13548 3359 10683
10683 3359 13548
6209 10473 11693
11693 6209 10473
10473 6209 11693
3992 2169 4755
4755 2169 3992
2169 3992 4755
1552 8151 14882
14882 1552 8151
8151 1552 14882
11565 13001 14601
13001 11565 14601
14601 11565 13001
2767 4233 10711
4233 2767 10711
10711 2767 4233
4097 1563 10259
10259 1563 4097
1563 4097 10259
275 6799 13937
13937 275 6799
6799 275 13937
7029 272 2874
272 2874 7029
2874 272 7029
7852 14504 14946
14946 7852 14504
14504 7852 14946
6748 2968 3277
3277 2968 6748
2968 3277 6748
1251 6995 10066
10066 1251 6995
6995 1251 10066
5473 6658 8832
8832 5473 6658
6658 5473 8832
5258 7107 9929
7107 5258 9929
9929 5258 7107
13253 8774 11255
11255 8774 13253
8774 11255 13253
6342 1185 3947
3947 1185 6342
1185 3947 6342
10216 5961 12116
12116 5961 10216
5961 10216 12116
2469 5134 11880
11880 2469 5134
5134 2469 11880
6137 2746 7581
7581 2746 6137
2746 6137 7581
6531 706 3853
706 3853 6531
3853 706 6531
7356 6705 11705
6705 7356 11705
11705 6705 7356
650 1653 3744
1653 650 3744
3744 650 1653
809 4249 13157
13157 809 4249
4249 809 13157
2222 10079 14728
10079 2222 14728
14728 2222 10079
11022 2757 10247
2757 10247 11022
10247 2757 11022
14751 232 14348
232 14348 14751
14348 232 14751
10240 628 3220
3220 628 10240
628 3220 10240
13972 311 12774
311 12774 13972
12774 311 13972
8300 6665 10387
10387 6665 8300
6665 8300 10387
12946 6627 14661
6627 12946 14661
14661 6627 12946
5833 13598 13765
13598 5833 13765
13765 5833 13598
6836 7651 7777
7777 6836 7651
7651 6836 7777
8655 1543 10283
10283 1543 8655
1543 8655 10283
7463 5445 9592
9592 5445 7463
5445 7463 9592
7935 2902 14407
14407 2902 7935
2902 7935 14407
9900 983 8758
8758 983 9900
983 8758 9900
2162 2419 5631
5631 2162 2419
2419 2162 5631
14565 1446 7402
1446 7402 14565
7402 1446 14565
12749 7001 12926
12926 7001 12749
7001 12749 12926
3093 7880 10089
10089 3093 7880
7880 3093 10089
522 11760 13240
13240 522 11760
11760 522 13240
1161 435 5322
435 1161 5322
5322 435 1161
7987 1479 6730
6730 1479 7987
1479 6730 7987
9222 6800 7761
6800 7761 9222
7761 6800 9222
5598 2197 8447
8447 2197 5598
2197 5598 8447
11084 4953 5342
5342 4953 11084
4953 5342 11084
5118 172 9674
9674 172 5118
172 5118 9674
8521 137 10029
137 8521 10029
10029 137 8521
5372 7696 9881
7696 5372 9881
9881 5372 7696
10172 1049 13893
13893 1049 10172
1049 10172 13893
13654 483 4506
483 4506 13654
4506 483 13654
5850 5656 9720
5656 5850 9720
9720 5656 5850
8224 3051 7636
7636 3051 8224
3051 7636 8224
3256 7929 13097
13097 3256 7929
7929 3256 13097
537 4012 14425
14425 537 4012
4012 537 14425
3995 6801 7200
7200 3995 6801
6801 3995 7200
8635 2779 9453
9453 2779 8635
2779 8635 9453
11493 6007 11802
11802 6007 11493
6007 11493 11802
6337 5177 14571
5177 6337 14571
14571 5177 6337
9152 991 8531
8531 991 9152
991 8531 9152
13793 3864 4725
4725 3864 13793
3864 4725 13793
14436 12184 13925
12184 13925 14436
13925 12184 14436
4264 7506 10626
7506 4264 10626
10626 4264 7506
3463 7666 8176
7666 3463 8176
8176 3463 7666
13343 803 2582
2582 803 13343
803 2582 13343
10421 1717 14422
1717 10421 14422
14422 1717 10421
1072 7467 7812
7812 1072 7467
7467 1072 7812
11101 11194 13799
11194 11101 13799
13799 11101 11194
12398 3856 5143
5143 3856 12398
3856 5143 12398
10156 12444 14615
12444 10156 14615
14615 10156 12444
14399 6179 13277
13277 6179 14399
6179 13277 14399
6345 918 7145
918 6345 7145
7145 918 6345
5561 3169 12346
12346 3169 5561
3169 5561 12346
6357 1692 10616
1692 6357 10616
10616 1692 6357
9055 4847 7885
4847 7885 9055
7885 4847 9055
10604 8926 14834
14834 8926 10604
8926 10604 14834
8017 307 3840
3840 307 8017
307 3840 8017
2938 6772 11136
11136 2938 6772
6772 2938 11136
14881 4472 10077
4472 10077 14881
10077 4472 14881
9809 8566 11759
8566 9809 11759
11759 8566 9809
11700 8679 14336
14336 8679 11700
8679 11700 14336
3842 2308 10350
10350 2308 3842
2308 3842 10350
2467 9416 13783
13783 2467 9416
9416 2467 13783
1148 8249 14598
8249 1148 14598
14598 1148 8249
3825 12694 13924
13924 3825 12694
12694 3825 13924
12849 4916 8807
4916 8807 12849
8807 4916 12849
453 9556 12799
12799 453 9556
9556 453 12799
6755 3233 3655
3655 3233 6755
3233 3655 6755
10305 5055 9571
5055 9571 10305
9571 5055 10305
11825 2688 8165
2688 8165 11825
8165 2688 11825
9959 11341 14829
14829 9959 11341
11341 9959 14829
2781 13419 13909
13909 2781 13419
13419 2781 13909
12319 1405 10851
10851 1405 12319
1405 10851 12319
3025 11012 12144
12144 3025 11012
11012 3025 12144
4858 636 11910
636 4858 11910
11910 636 4858
10163 2356 13555
13555 2356 10163
2356 10163 13555
12897 2841 8547
8547 2841 12897
2841 8547 12897
8380 2954 3706
3706 2954 8380
2954 3706 8380
2459 6346 6622
6346 2459 6622
6622 2459 6346
3403 954 9849
9849 954 3403
954 3403 9849
1568 7110 9150
9150 1568 7110
7110 1568 9150
4748 4301 4786
4786 4301 4748
4301 4748 4786
7776 8915 12150
8915 7776 12150
12150 7776 8915
1337 2020 7384
7384 1337 2020
2020 1337 7384
9229 7957 11695
11695 7957 9229
7957 9229 11695
8030 6054 6082
6082 6054 8030
6054 6082 8030
9113 10640 12034
10640 9113 12034
12034 9113 10640
12412 225 8359
8359 225 12412
225 8359 12412
4138 923 12718
923 4138 12718
12718 923 4138
6533 5113 7172
5113 6533 7172
7172 5113 6533
1716 5390 5492
5390 1716 5492
5492 1716 5390
11011 1728 11039
11039 1728 11011
1728 11011 11039
9660 11765 14441
14441 9660 11765
11765 9660 14441
7071 555 2212
2212 555 7071
555 2212 7071
8891 3916 7466
7466 3916 8891
3916 7466 8891
