7766 4542 11315
4542 7766 11315
11315 4542 7766
7486 7986 10601
7986 7486 10601
10601 7486 7986
1880 6525 11119
11119 1880 6525
6525 1880 11119
1836 8177 9909
9909 1836 8177
8177 1836 9909
14043 65 8188
8188 65 14043
65 8188 14043
10730 856 12455
856 10730 12455
12455 856 10730
11548 7804 8274
8274 7804 11548
7804 8274 11548
10903 5024 11456
5024 10903 11456
11456 5024 10903
8667 2769 5212
2769 5212 8667
5212 2769 8667
7693 1384 6305
1384 6305 7693
6305 1384 7693
5371 802 9131
9131 802 5371
802 5371 9131
1560 9383 10835
10835 1560 9383
9383 1560 10835
14863 4706 9011
9011 4706 14863
4706 9011 14863
13728 10681 14302
14302 10681 13728
10681 13728 14302
10358 1076 10036
10036 1076 10358
1076 10036 10358
5410 1872 8315
1872 5410 8315
8315 1872 5410
9966 8100 14729
8100 9966 14729
14729 8100 9966
11616 914 12715
914 11616 12715
12715 914 11616
7925 471 10684
471 7925 10684
10684 471 7925
11859 7555 13869
13869 7555 11859
7555 11859 13869
7668 10111 13011
10111 7668 13011
13011 7668 10111
2013 1853 3340
1853 2013 3340
3340 1853 2013
9765 2476 8820
2476 8820 9765
8820 2476 9765
9498 7595 11713
11713 7595 9498
7595 9498 11713
3660 4552 6703
4552 3660 6703
6703 3660 4552
13151 572 10996
10996 572 13151
572 10996 13151
5856 9845 11747
11747 5856 9845
9845 5856 11747
4350 5828 9667
9667 4350 5828
5828 4350 9667
5493 3939 12599
12599 3939 5493
3939 5493 12599
7477 12193 12891
12193 7477 12891
12891 7477 12193
9120 9702 9776
9776 9120 9702
9702 9120 9776
12003 6151 6977
6977 6151 12003
6151 6977 12003
12006 10209 11791
11791 10209 12006
10209 11791 12006
8864 8542 11460
8542 8864 11460
11460 8542 8864
12505 2939 8025
8025 2939 12505
2939 8025 12505
11556 3919 14696
3919 11556 14696
14696 3919 11556
2442 4013 5635
4013 2442 5635
5635 2442 4013
1125 6334 11909
11909 1125 6334
6334 1125 11909
10148 10236 11669
11669 10148 10236
10236 10148 11669
6225 1629 8749
1629 6225 8749
8749 1629 6225
3712 1615 13889
13889 1615 3712
1615 3712 13889
8762 10099 13432
10099 8762 13432
13432 8762 10099
3243 2154 7879
2154 3243 7879
7879 2154 3243
7788 7378 10784
7378 7788 10784
10784 7378 7788
3787 11183 12511
12511 3787 11183
11183 3787 12511
3226 5071 13681
13681 3226 5071
5071 3226 13681
1404 951 13244
13244 951 1404
951 1404 13244
12468 2381 10092
2381 10092 12468
10092 2381 12468
13881 3265 13025
3265 13025 13881
13025 3265 13881
437 3944 5156
5156 437 3944
3944 437 5156
164 8348 13660
13660 164 8348
8348 164 13660
14329 7539 7566
7539 7566 14329
7566 7539 14329
2715 6527 13341
6527 2715 13341
13341 2715 6527
4223 10286 14007
10286 4223 14007
14007 4223 10286
5927 4587 12005
12005 4587 5927
4587 5927 12005
13152 2621 7803
2621 7803 13152
7803 2621 13152
4627 861 3528
861 3528 4627
3528 861 4627
505 705 8236
705 505 8236
8236 505 705
3802 8074 8212
8212 3802 8074
8074 3802 8212
6001 387 7845
7845 387 6001
387 6001 7845
8628 275 13624
13624 275 8628
275 8628 13624
11880 12196 14172
12196 11880 14172
14172 11880 12196
6781 3090 5201
3090 5201 6781
5201 3090 6781
5974 8548 14247
14247 5974 8548
8548 5974 14247
2811 6278 11705
6278 2811 11705
11705 2811 6278
9235 3381 6625
6625 3381 9235
3381 6625 9235
3259 9564 14369
9564 3259 14369
14369 3259 9564
7170 13794 14862
13794 7170 14862
14862 7170 13794
1763 3405 12744
3405 1763 12744
12744 1763 3405
8790 2368 2804
2804 2368 8790
2368 2804 8790
7767 3095 9556
3095 7767 9556
9556 3095 7767
1213 1684 11519
11519 1213 1684
1684 1213 11519
6390 4905 10815
10815 4905 6390
4905 6390 10815
8172 4002 13890
4002 8172 13890
13890 4002 8172
12040 2549 4690
2549 4690 12040
4690 2549 12040
10860 5251 11033
5251 10860 11033
11033 5251 10860
5222 898 8466
8466 898 5222
898 5222 8466
7545 2569 10316
2569 7545 10316
10316 2569 7545
229 1750 4438
1750 229 4438
4438 229 1750
14051 11498 14075
11498 14051 14075
14075 11498 14051
894 2036 2670
2670 894 2036
2036 894 2670
14141 8124 10899
8124 10899 14141
10899 8124 14141
1783 6416 12618
6416 1783 12618
12618 1783 6416
1298 3569 8963
3569 1298 8963
8963 1298 3569
10701 384 4336
384 4336 10701
4336 384 10701
9727 6241 14983
6241 9727 14983
14983 6241 9727
11159 4485 13753
13753 4485 11159
4485 11159 13753
9259 10854 11196
11196 9259 10854
10854 9259 11196
10459 6272 7520
6272 7520 10459
7520 6272 10459
8686 9635 13374
9635 8686 13374
13374 8686 9635
7327 451 4184
451 4184 7327
4184 451 7327
9049 2735 10794
2735 9049 10794
10794 2735 9049
5115 1197 7444
1197 5115 7444
7444 1197 5115
1006 1037 3735
1037 1006 3735
3735 1006 1037
2941 2547 5766
5766 2547 2941
2547 2941 5766
13458 6417 14344
14344 6417 13458
6417 13458 14344
4461 8246 12681
12681 4461 8246
8246 4461 12681
12388 3207 14605
14605 3207 12388
3207 12388 14605
8385 5612 12210
12210 5612 8385
5612 8385 12210
8976 4500 14909
14909 4500 8976
4500 8976 14909
916 9722 11838
9722 916 11838
11838 916 9722
13831 11235 13164
11235 13164 13831
13164 11235 13831
3855 7557 11318
7557 3855 11318
11318 3855 7557
2471 1829 8866
8866 1829 2471
1829 2471 8866
4504 11922 12082
12082 4504 11922
11922 4504 12082
6784 7589 9601
7589 6784 9601
9601 6784 7589
8938 9561 10912
9561 8938 10912
10912 8938 9561
14897 4699 13963
13963 4699 14897
4699 13963 14897
14054 5561 12626
12626 5561 14054
5561 12626 14054
180 731 9537
9537 180 731
731 180 9537
11621 9640 14651
9640 11621 14651
14651 9640 11621
11042 6369 11623
6369 11042 11623
11623 6369 11042
8103 695 11581
695 8103 11581
11581 695 8103
6430 5524 8459
8459 5524 6430
5524 6430 8459
7176 3162 11772
3162 7176 11772
11772 3162 7176
1483 6165 10090
10090 1483 6165
6165 1483 10090
9672 5698 10288
5698 9672 10288
10288 5698 9672
1661 7631 10021
10021 1661 7631
7631 1661 10021
14413 1720 9110
1720 9110 14413
9110 1720 14413
4431 2757 3957
3957 2757 4431
2757 3957 4431
11397 2731 5710
2731 5710 11397
5710 2731 11397
7982 14148 14166
14166 7982 14148
14148 7982 14166
1861 5543 8783
5543 1861 8783
8783 1861 5543
5150 13030 14204
13030 5150 14204
14204 5150 13030
14370 4472 7254
4472 7254 14370
7254 4472 14370
4218 880 4440
880 4218 4440
4440 880 4218
7837 13468 14235
14235 7837 13468
13468 7837 14235
2035 1355 13495
13495 1355 2035
1355 2035 13495
6662 4683 14727
4683 6662 14727
14727 4683 6662
5542 464 13281
464 5542 13281
13281 464 5542
12255 7285 10384
7285 10384 12255
10384 7285 12255
3187 1469 8081
1469 3187 8081
8081 1469 3187
8804 11197 12180
12180 8804 11197
11197 8804 12180
3382 8122 12840
8122 3382 12840
12840 3382 8122
4945 5282 10190
10190 4945 5282
5282 4945 10190
3358 5054 12169
12169 3358 5054
5054 3358 12169
8568 2286 11821
2286 8568 11821
11821 2286 8568
11212 4596 8271
4596 8271 11212
8271 4596 11212
6068 1004 6880
1004 6068 6880
6880 1004 6068
11480 2729 14391
2729 11480 14391
14391 2729 11480
1051 7783 9317
9317 1051 7783
7783 1051 9317
576 5320 13569
13569 576 5320
5320 576 13569
5090 2529 9680
2529 5090 9680
9680 2529 5090
14102 6504 9104
6504 9104 14102
9104 6504 14102
13892 8745 10945
8745 10945 13892
10945 8745 13892
7823 8978 12736
12736 7823 8978
8978 7823 12736
2220 2174 8354
8354 2174 2220
2174 2220 8354
313 1981 11310
1981 313 11310
11310 313 1981
12990 2655 5111
5111 2655 12990
2655 5111 12990
13444 9 10105
9 10105 13444
10105 9 13444
10807 7726 14737
14737 7726 10807
7726 10807 14737
7107 10057 12448
10057 7107 12448
12448 7107 10057
2599 5018 5242
5018 2599 5242
5242 2599 5018
1543 6454 12888
6454 1543 12888
12888 1543 6454
5425 3546 9587
3546 5425 9587
9587 3546 5425
5279 3273 4901
4901 3273 5279
3273 4901 5279
8728 139 1916
139 1916 8728
1916 139 8728
6233 2557 3835
3835 2557 6233
2557 3835 6233
9981 3129 10250
10250 3129 9981
3129 9981 10250
7256 6982 8312
8312 6982 7256
6982 7256 8312
3520 4830 14407
14407 3520 4830
4830 3520 14407
1038 9684 12451
9684 1038 12451
12451 1038 9684
3856 8341 13585
8341 3856 13585
13585 3856 8341
7830 9568 11082
11082 7830 9568
9568 7830 11082
10801 5260 9076
9076 5260 10801
5260 9076 10801
10658 3290 7936
3290 7936 10658
7936 3290 10658
13230 7062 10690
10690 7062 13230
7062 10690 13230
10227 150 12306
150 10227 12306
12306 150 10227
7536 10315 10414
10414 7536 10315
10315 7536 10414
5479 2161 2954
2161 2954 5479
2954 2161 5479
539 6432 14664
6432 539 14664
14664 539 6432
1106 4391 14498
14498 1106 4391
4391 1106 14498
922 1194 13403
1194 922 13403
13403 922 1194
1769 301 3832
3832 301 1769
301 1769 3832
7571 7407 7532
7407 7532 7571
7532 7407 7571
4802 3545 8813
8813 3545 4802
3545 4802 8813
7041 13454 14833
13454 7041 14833
14833 7041 13454
9209 5637 7648
5637 7648 9209
7648 5637 9209
2919 3625 3790
3625 2919 3790
3790 2919 3625
3793 5608 5948
5948 3793 5608
5608 3793 5948
13980 3533 4108
4108 3533 13980
3533 4108 13980
11840 345 9323
345 9323 11840
9323 345 11840
8076 4253 5703
5703 4253 8076
4253 5703 8076
13845 1823 13583
13583 1823 13845
1823 13583 13845
12814 7537 13117
13117 7537 12814
7537 12814 13117
11475 2905 4177
4177 2905 11475
2905 4177 11475
9528 1309 8337
8337 1309 9528
1309 8337 9528
14806 7523 7981
7981 7523 14806
7523 7981 14806
3029 117 5889
5889 117 3029
117 3029 5889
10196 13047 14064
14064 10196 13047
13047 10196 14064
9460 2336 6052
6052 2336 9460
2336 6052 9460
10829 2794 8656
8656 2794 10829
2794 8656 10829
6158 220 534
534 220 6158
220 534 6158
2830 9408 13413
13413 2830 9408
9408 2830 13413
8660 12253 14750
14750 8660 12253
12253 8660 14750
7174 6080 10729
10729 6080 7174
6080 7174 10729
7262 6273 8205
6273 7262 8205
8205 6273 7262
11552 1858 2579
2579 1858 11552
1858 2579 11552
2277 5807 8814
8814 2277 5807
5807 2277 8814
8647 191 6090
191 6090 8647
6090 191 8647
14428 3442 5583
5583 3442 14428
3442 5583 14428
9690 64 2708
2708 64 9690
64 2708 9690
5326 10541 10810
10541 5326 10810
10810 5326 10541
11725 971 12734
12734 971 11725
971 11725 12734
2911 45 8508
45 2911 8508
8508 45 2911
267 1302 14089
1302 267 14089
14089 267 1302
8464 2299 7717
2299 7717 8464
7717 2299 8464
7814 12084 13226
12084 7814 13226
13226 7814 12084
14775 5720 13875
13875 5720 14775
5720 13875 14775
3667 5670 8230
5670 3667 8230
8230 3667 5670
13729 8607 10014
10014 8607 13729
8607 10014 13729
13070 10020 11247
11247 10020 13070
10020 11247 13070
10940 1449 2380
1449 2380 10940
2380 1449 10940
4805 8712 13233
13233 4805 8712
8712 4805 13233
1470 13472 13619
13472 1470 13619
13619 1470 13472
12611 4087 6593
4087 6593 12611
6593 4087 12611
1195 266 9802
266 1195 9802
9802 266 1195
1540 3524 12080
3524 1540 12080
12080 1540 3524
8835 8911 14541
8911 8835 14541
14541 8835 8911
9126 616 12254
616 9126 12254
12254 616 9126
1617 8327 13642
13642 1617 8327
8327 1617 13642
6764 11901 14395
14395 6764 11901
11901 6764 14395
987 4469 6335
6335 987 4469
4469 987 6335
1410 11774 12515
12515 1410 11774
11774 1410 12515
12554 3619 10442
10442 3619 12554
3619 10442 12554
11998 722 11215
11215 722 11998
722 11215 11998
5082 4036 11038
4036 5082 11038
11038 4036 5082
234 9339 10007
10007 234 9339
9339 234 10007
7161 3453 14042
3453 7161 14042
14042 3453 7161
14127 10842 13250
13250 10842 14127
10842 13250 14127
10916 5794 7570
5794 7570 10916
7570 5794 10916
6422 644 1402
644 1402 6422
1402 644 6422
8492 1394 11355
1394 8492 11355
11355 1394 8492
2883 5483 8251
8251 2883 5483
5483 2883 8251
5123 7426 14468
14468 5123 7426
7426 5123 14468
10633 334 3119
3119 334 10633
334 3119 10633
13099 3349 3759
3349 3759 13099
3759 3349 13099
1421 1871 6850
1871 1421 6850
6850 1421 1871
12053 3672 8773
3672 8773 12053
8773 3672 12053
14259 1327 14704
14704 1327 14259
1327 14259 14704
9274 10530 14709
14709 9274 10530
10530 9274 14709
7897 8533 14447
14447 7897 8533
8533 7897 14447
755 3513 12586
3513 755 12586
12586 755 3513
14105 8008 10486
8008 10486 14105
10486 8008 14105
2257 6118 6220
6118 2257 6220
6220 2257 6118
3814 1005 4665
1005 3814 4665
4665 1005 3814
1333 4043 7500
4043 1333 7500
7500 1333 4043
14205 2803 8475
8475 2803 14205
2803 8475 14205
4882 11886 14749
11886 4882 14749
14749 4882 11886
4476 8295 9034
9034 4476 8295
8295 4476 9034
2270 4734 5787
5787 2270 4734
4734 2270 5787
4512 2143 10819
2143 4512 10819
10819 2143 4512
12512 6076 11321
6076 11321 12512
11321 6076 12512
13810 7859 14276
7859 13810 14276
14276 7859 13810
1225 10088 10564
10088 1225 10564
10564 1225 10088
396 7240 11860
11860 396 7240
7240 396 11860
5254 1477 6446
6446 1477 5254
1477 5254 6446
4194 1108 7781
7781 1108 4194
1108 4194 7781
9718 4678 8068
4678 8068 9718
8068 4678 9718
10198 2338 6521
2338 6521 10198
6521 2338 10198
11516 12216 13501
13501 11516 12216
12216 11516 13501
8937 2472 7776
7776 2472 8937
2472 7776 8937
9569 3470 12266
12266 3470 9569
3470 9569 12266
9762 6314 9282
6314 9282 9762
9282 6314 9762
2246 7484 13474
13474 2246 7484
7484 2246 13474
9443 7325 13953
13953 7325 9443
7325 9443 13953
1255 2928 8238
8238 1255 2928
2928 1255 8238
6121 2320 13462
2320 6121 13462
13462 2320 6121
14843 8364 11651
8364 11651 14843
11651 8364 14843
12268 1408 9998
9998 1408 12268
1408 9998 12268
14699 1433 7186
1433 7186 14699
7186 1433 14699
4585 11729 14707
11729 4585 14707
14707 4585 11729
921 6537 12071
12071 921 6537
6537 921 12071
8597 3068 8225
8225 3068 8597
3068 8225 8597
2782 2273 12519
2273 2782 12519
12519 2273 2782
8705 470 10900
470 8705 10900
10900 470 8705
883 2098 14133
2098 883 14133
14133 883 2098
14591 5689 10351
10351 5689 14591
5689 10351 14591
2634 2243 5453
5453 2243 2634
2243 2634 5453
7119 2630 8313
8313 2630 7119
2630 7119 8313
14249 3234 11776
3234 11776 14249
11776 3234 14249
11229 6747 7350
7350 6747 11229
6747 7350 11229
11591 2463 7714
2463 7714 11591
7714 2463 11591
4056 3673 11964
11964 3673 4056
3673 4056 11964
6686 5649 13437
5649 6686 13437
13437 5649 6686
5456 4004 13477
4004 5456 13477
13477 4004 5456
8955 12508 12538
12538 8955 12508
12508 8955 12538
3190 663 1419
663 1419 3190
1419 663 3190
13055 2943 8503
8503 2943 13055
2943 8503 13055
12355 2156 6500
2156 6500 12355
6500 2156 12355
7584 3266 12188
12188 3266 7584
3266 7584 12188
1171 1100 8616
8616 1100 1171
1100 1171 8616
1604 2047 5389
2047 1604 5389
5389 1604 2047
1332 5879 10773
10773 1332 5879
5879 1332 10773
11942 5723 10713
5723 10713 11942
10713 5723 11942
12289 9358 10761
10761 9358 12289
9358 10761 12289
2671 241 5183
241 2671 5183
5183 241 2671
9020 5587 11024
5587 9020 11024
11024 5587 9020
354 7120 11566
7120 354 11566
11566 354 7120
12802 683 7320
683 7320 12802
7320 683 12802
4754 5234 12335
5234 4754 12335
12335 4754 5234
10047 6906 7171
6906 7171 10047
7171 6906 10047
2480 631 7853
7853 631 2480
631 2480 7853
8713 3008 14299
14299 3008 8713
3008 8713 14299
12598 4041 13433
13433 4041 12598
4041 12598 13433
5056 5269 5711
5711 5056 5269
5269 5056 5711
393 6900 7875
7875 393 6900
6900 393 7875
13598 6833 9337
6833 9337 13598
9337 6833 13598
10512 74 9613
74 9613 10512
9613 74 10512
5438 2745 4603
2745 4603 5438
4603 2745 5438
7762 1393 3219
1393 3219 7762
3219 1393 7762
14263 32 10988
32 10988 14263
10988 32 14263
8190 550 4567
4567 550 8190
550 4567 8190
2946 5305 12013
5305 2946 12013
12013 2946 5305
10096 1083 2643
1083 2643 10096
2643 1083 10096
13834 13940 13991
13940 13834 13991
13991 13834 13940
14587 2495 13508
13508 2495 14587
2495 13508 14587
2247 1047 14552
14552 1047 2247
1047 2247 14552
723 4483 10765
4483 723 10765
10765 723 4483
3114 1321 10728
1321 3114 10728
10728 1321 3114
7490 781 9555
781 7490 9555
9555 781 7490
4032 447 7667
7667 447 4032
447 4032 7667
3376 6465 14158
14158 3376 6465
6465 3376 14158
7972 8588 9644
9644 7972 8588
8588 7972 9644
11185 11472 14217
11472 11185 14217
14217 11185 11472
8618 8404 13404
13404 8404 8618
8404 8618 13404
11482 4228 5673
4228 5673 11482
5673 4228 11482
4460 77 3274
3274 77 4460
77 3274 4460
3798 12269 14638
14638 3798 12269
12269 3798 14638
892 564 2776
2776 564 892
564 892 2776
681 7962 14229
7962 681 14229
14229 681 7962
12839 2545 5323
5323 2545 12839
2545 5323 12839
2466 6790 14872
14872 2466 6790
6790 2466 14872
6800 6486 12959
12959 6486 6800
6486 6800 12959
5536 11502 12387
11502 5536 12387
12387 5536 11502
239 6804 12248
6804 239 12248
12248 239 6804
8839 3013 10435
10435 3013 8839
3013 8839 10435
14065 8538 9971
9971 8538 14065
8538 9971 14065
2209 7010 12613
7010 2209 12613
12613 2209 7010
202 9439 14190
14190 202 9439
9439 202 14190
12060 9664 11818
11818 9664 12060
9664 11818 12060
3805 10509 10897
10509 3805 10897
10897 3805 10509
8723 9544 14130
9544 8723 14130
14130 8723 9544
6728 7237 12801
7237 6728 12801
12801 6728 7237
2058 1146 9254
1146 2058 9254
9254 1146 2058
8921 6285 8301
8301 6285 8921
6285 8301 8921
4224 549 13635
549 4224 13635
13635 549 4224
12192 3067 13618
13618 3067 12192
3067 12192 13618
12609 6166 6737
6737 6166 12609
6166 6737 12609
14963 6934 11721
11721 6934 14963
6934 11721 14963
8695 8865 11576
8865 8695 11576
11576 8695 8865
8772 8309 14622
8309 8772 14622
14622 8309 8772
196 10774 13286
10774 196 13286
13286 196 10774
1272 2929 14462
14462 1272 2929
2929 1272 14462
12032 6901 6937
6937 6901 12032
6901 6937 12032
14534 200 12330
200 12330 14534
12330 200 14534
170 3700 13291
13291 170 3700
3700 170 13291
12961 10281 11008
10281 11008 12961
11008 10281 12961
645 9023 14437
14437 645 9023
9023 645 14437
7980 7288 7743
7288 7743 7980
7743 7288 7980
2103 1235 14732
14732 1235 2103
1235 2103 14732
8042 11834 12502
12502 8042 11834
11834 8042 12502
12851 11044 13464
11044 12851 13464
13464 11044 12851
7421 3125 10360
10360 3125 7421
3125 7421 10360
1180 2566 8520
8520 1180 2566
2566 1180 8520
12981 4612 12132
12132 4612 12981
4612 12132 12981
10364 1464 2746
2746 1464 10364
1464 2746 10364
122 6596 8338
8338 122 6596
6596 122 8338
11223 4173 10003
4173 10003 11223
10003 4173 11223
119 2595 5521
5521 119 2595
2595 119 5521
4608 8111 14574
14574 4608 8111
8111 4608 14574
10011 3040 3283
3283 3040 10011
3040 3283 10011
10643 5795 13305
5795 10643 13305
13305 5795 10643
13639 1336 13082
1336 13082 13639
13082 1336 13639
2906 9135 14383
14383 2906 9135
9135 2906 14383
5105 3898 4321
4321 3898 5105
3898 4321 5105
12669 9375 13221
9375 12669 13221
13221 9375 12669
8002 9362 10719
10719 8002 9362
9362 8002 10719
9781 7725 13636
13636 7725 9781
7725 9781 13636
13376 7480 8822
7480 8822 13376
8822 7480 13376
12809 3451 5490
3451 5490 12809
5490 3451 12809
2500 1826 3150
1826 2500 3150
3150 1826 2500
8047 3078 3817
3078 3817 8047
3817 3078 8047
2690 3480 4493
3480 2690 4493
4493 2690 3480
1605 912 4211
912 1605 4211
4211 912 1605
11547 3791 12004
12004 3791 11547
3791 11547 12004
11688 11736 14374
11736 11688 14374
14374 11688 11736
12720 10662 12882
10662 12720 12882
12882 10662 12720
4084 13033 13837
13837 4084 13033
13033 4084 13837
7729 8692 13424
13424 7729 8692
8692 7729 13424
537 12449 12637
12637 537 12449
12449 537 12637
13307 1930 12305
1930 12305 13307
12305 1930 13307
13893 6770 7298
6770 7298 13893
7298 6770 13893
12287 4284 6877
6877 4284 12287
4284 6877 12287
12229 10173 12186
12186 10173 12229
10173 12186 12229
12826 7496 10990
7496 10990 12826
10990 7496 12826
4245 2411 7331
7331 2411 4245
2411 4245 7331
13856 2724 10969
2724 10969 13856
10969 2724 13856
3714 5607 12101
12101 3714 5607
5607 3714 12101
6997 4979 12897
12897 4979 6997
4979 6997 12897
12709 6258 11166
6258 11166 12709
11166 6258 12709
6212 2288 8742
8742 2288 6212
2288 6212 8742
12848 8679 11727
11727 8679 12848
8679 11727 12848
9629 7196 13784
7196 9629 13784
13784 7196 9629
9159 5313 14886
14886 5313 9159
5313 9159 14886
4357 5575 9393
9393 4357 5575
5575 4357 9393
7252 1387 8801
1387 7252 8801
8801 1387 7252
11686 2536 7040
2536 7040 11686
7040 2536 11686
11476 10631 12733
10631 11476 12733
12733 10631 11476
13531 10034 13544
10034 13531 13544
13544 10034 13531
8107 5048 11053
11053 5048 8107
5048 8107 11053
13886 3952 10251
3952 10251 13886
10251 3952 13886
11435 10747 14661
14661 10747 11435
10747 11435 14661
5023 133 9185
133 5023 9185
9185 133 5023
5487 8565 12041
8565 5487 12041
12041 5487 8565
1819 2289 7339
7339 1819 2289
2289 1819 7339
3139 7800 9431
9431 3139 7800
7800 3139 9431
3993 1906 8351
1906 3993 8351
8351 1906 3993
6321 2309 2641
2309 2641 6321
2641 2309 6321
5859 495 11063
11063 495 5859
495 5859 11063
553 1133 10798
1133 553 10798
10798 553 1133
6203 4060 13324
13324 4060 6203
4060 6203 13324
14199 4973 8935
4973 8935 14199
8935 4973 14199
10255 4442 7712
7712 4442 10255
4442 7712 10255
11109 7351 9671
7351 9671 11109
9671 7351 11109
1896 2822 10482
10482 1896 2822
2822 1896 10482
4067 11256 14079
14079 4067 11256
11256 4067 14079
2105 565 10428
10428 565 2105
565 2105 10428
3498 4836 7964
4836 3498 7964
7964 3498 4836
3959 9279 12535
12535 3959 9279
9279 3959 12535
10787 5421 14309
14309 5421 10787
5421 10787 14309
777 538 3388
538 777 3388
3388 538 777
14 96 2060
2060 14 96
96 14 2060
1899 6670 7135
7135 1899 6670
6670 1899 7135
2922 4340 4700
4340 2922 4700
4700 2922 4340
2349 2799 6865
6865 2349 2799
2799 2349 6865
9657 6477 14536
6477 9657 14536
14536 6477 9657
1426 4697 10231
4697 1426 10231
10231 1426 4697
3083 4095 4397
4095 3083 4397
4397 3083 4095
5754 13540 14338
14338 5754 13540
13540 5754 14338
14608 12735 14499
14499 12735 14608
12735 14499 14608
7983 2068 9721
2068 7983 9721
9721 2068 7983
1791 5603 9058
5603 1791 9058
9058 1791 5603
9743 3128 4948
3128 4948 9743
4948 3128 9743
9038 7018 13453
13453 7018 9038
7018 9038 13453
8287 3587 13419
3587 8287 13419
13419 3587 8287
2134 3454 10583
3454 2134 10583
10583 2134 3454
14030 4305 5622
4305 5622 14030
5622 4305 14030
1905 3365 5375
3365 1905 5375
5375 1905 3365
11484 1285 8812
8812 1285 11484
1285 8812 11484
3776 3532 5413
3532 3776 5413
5413 3532 3776
11078 6037 9818
9818 6037 11078
6037 9818 11078
3094 2714 14001
2714 3094 14001
14001 2714 3094
13006 309 1668
309 1668 13006
1668 309 13006
11455 8259 11583
8259 11455 11583
11583 8259 11455
3409 11089 14808
11089 3409 14808
14808 3409 11089
10153 2931 4541
2931 4541 10153
4541 2931 10153
13694 2260 2603
2260 2603 13694
2603 2260 13694
5263 13982 14657
13982 5263 14657
14657 5263 13982
7756 7651 9922
7651 7756 9922
9922 7651 7756
9871 5470 13229
13229 5470 9871
5470 9871 13229
4907 2240 8468
8468 2240 4907
2240 4907 8468
7653 6623 7707
7707 6623 7653
6623 7653 7707
4885 1109 6544
6544 1109 4885
1109 4885 6544
3761 3066 9513
9513 3066 3761
3066 3761 9513
5141 12536 12833
12536 5141 12833
12833 5141 12536
1718 11789 12263
11789 1718 12263
12263 1718 11789
11687 7071 8168
7071 8168 11687
8168 7071 11687
9503 2907 5522
5522 2907 9503
2907 5522 9503
5695 767 8355
8355 767 5695
767 5695 8355
1954 3050 13049
13049 1954 3050
3050 1954 13049
1933 5167 6489
6489 1933 5167
5167 1933 6489
14693 5482 10748
5482 10748 14693
10748 5482 14693
12436 6479 11154
6479 11154 12436
11154 6479 12436
3873 5872 8555
5872 3873 8555
8555 3873 5872
10717 3797 14582
3797 10717 14582
14582 3797 10717
14396 754 12418
754 12418 14396
12418 754 14396
10464 12970 14611
12970 10464 14611
14611 10464 12970
13131 5955 6793
6793 5955 13131
5955 6793 13131
14945 286 6045
286 6045 14945
6045 286 14945
981 2165 10581
10581 981 2165
2165 981 10581
4270 885 5372
5372 885 4270
885 4270 5372
10005 9497 10715
9497 10005 10715
10715 9497 10005
4928 3087 6013
3087 4928 6013
6013 3087 4928
12767 3276 12655
12655 3276 12767
3276 12655 12767
10551 6989 10122
6989 10122 10551
10122 6989 10551
6745 7197 14491
7197 6745 14491
14491 6745 7197
11426 10354 13539
10354 11426 13539
13539 10354 11426
8146 10574 12064
10574 8146 12064
12064 8146 10574
13028 3866 6954
3866 6954 13028
6954 3866 13028
10180 3949 4669
3949 4669 10180
4669 3949 10180
3938 2095 3948
3948 2095 3938
2095 3938 3948
11274 1993 6890
1993 6890 11274
6890 1993 11274
3180 410 4695
410 3180 4695
4695 410 3180
9880 8726 9624
8726 9624 9880
9624 8726 9880
10141 2121 13951
13951 2121 10141
2121 10141 13951
5104 2195 3257
2195 3257 5104
3257 2195 5104
10207 4806 8222
4806 8222 10207
8222 4806 10207
1923 5549 10319
10319 1923 5549
5549 1923 10319
11059 4647 14039
14039 4647 11059
4647 11059 14039
1683 2357 12513
2357 1683 12513
12513 1683 2357
10958 8250 13395
13395 8250 10958
8250 10958 13395
9183 6743 7878
6743 7878 9183
7878 6743 9183
102 12616 14629
14629 102 12616
12616 102 14629
12588 9240 12408
12408 9240 12588
9240 12408 12588
12290 2228 10559
2228 10559 12290
10559 2228 12290
6428 3824 10550
10550 3824 6428
3824 6428 10550
14508 993 5288
993 5288 14508
5288 993 14508
617 5626 11202
5626 617 11202
11202 617 5626
14019 8776 9732
8776 9732 14019
9732 8776 14019
523 9121 12076
12076 523 9121
9121 523 12076
13029 4673 8331
8331 4673 13029
4673 8331 13029
2460 5130 7220
5130 2460 7220
7220 2460 5130
13013 1644 13684
13684 1644 13013
1644 13013 13684
6535 7676 13431
13431 6535 7676
7676 6535 13431
8640 9093 10025
10025 8640 9093
9093 8640 10025
4840 6921 10652
10652 4840 6921
6921 4840 10652
8975 9068 9779
9779 8975 9068
9068 8975 9779
12048 1210 14317
14317 1210 12048
1210 12048 14317
13459 1938 12915
12915 1938 13459
1938 12915 13459
14756 7643 13264
7643 13264 14756
13264 7643 14756
3899 1958 2313
2313 1958 3899
1958 2313 3899
3469 2475 4710
4710 2475 3469
2475 3469 4710
4616 9977 10676
10676 4616 9977
9977 4616 10676
14443 3360 12296
12296 3360 14443
3360 12296 14443
6675 1863 6367
6367 1863 6675
1863 6367 6675
2852 5827 6312
5827 2852 6312
6312 2852 5827
10125 4743 5682
5682 4743 10125
4743 5682 10125
14885 5576 12935
5576 12935 14885
12935 5576 14885
5970 2186 7552
7552 2186 5970
2186 5970 7552
1304 11107 11825
11107 1304 11825
11825 1304 11107
4239 7958 11761
7958 4239 11761
11761 4239 7958
14257 2895 9092
2895 9092 14257
9092 2895 14257
6033 1545 11136
1545 6033 11136
11136 1545 6033
7606 9563 13941
13941 7606 9563
9563 7606 13941
4998 9427 10184
9427 4998 10184
10184 4998 9427
12122 6459 9824
6459 9824 12122
9824 6459 12122
13239 8709 9745
8709 9745 13239
9745 8709 13239
7533 4560 7206
4560 7206 7533
7206 4560 7533
3826 1622 12604
12604 1622 3826
1622 3826 12604
2927 8187 10503
8187 2927 10503
10503 2927 8187
6152 4873 10129
4873 6152 10129
10129 4873 6152
11477 2543 8226
2543 8226 11477
8226 2543 11477
11575 6708 12991
12991 6708 11575
6708 11575 12991
13741 11071 11632
11632 11071 13741
11071 11632 13741
8780 7592 10620
7592 8780 10620
10620 7592 8780
9492 1515 9160
9160 1515 9492
1515 9160 9492
5573 13643 14782
14782 5573 13643
13643 5573 14782
7245 6928 12905
6928 7245 12905
12905 6928 7245
11352 3351 5513
3351 5513 11352
5513 3351 11352
5976 10186 11289
10186 5976 11289
11289 5976 10186
12902 3769 6508
3769 6508 12902
6508 3769 12902
7217 5615 13428
5615 7217 13428
13428 5615 7217
6926 3223 14022
14022 3223 6926
3223 6926 14022
6530 1579 2347
2347 1579 6530
1579 2347 6530
7290 2518 10980
2518 7290 10980
10980 2518 7290
12317 260 11234
260 11234 12317
11234 260 12317
7754 985 5632
5632 985 7754
985 5632 7754
2762 6348 8632
6348 2762 8632
8632 2762 6348
10048 5680 12919
12919 5680 10048
5680 10048 12919
1745 8384 14748
14748 1745 8384
8384 1745 14748
642 2417 12249
2417 642 12249
12249 642 2417
11403 10297 14647
10297 11403 14647
14647 10297 11403
12615 9179 14524
14524 9179 12615
9179 12615 14524
1670 204 13903
204 1670 13903
13903 204 1670
5074 1473 6782
6782 1473 5074
1473 5074 6782
14510 9777 13870
9777 13870 14510
13870 9777 14510
1557 4430 11768
11768 1557 4430
4430 1557 11768
2891 5585 10431
10431 2891 5585
5585 2891 10431
9785 3055 6300
3055 6300 9785
6300 3055 9785
6985 3991 6275
3991 6275 6985
6275 3991 6985
11625 5007 5084
5007 5084 11625
5084 5007 11625
3977 9600 10102
10102 3977 9600
9600 3977 10102
13534 8109 10594
8109 10594 13534
10594 8109 13534
14023 2884 6397
6397 2884 14023
2884 6397 14023
4063 372 9332
372 4063 9332
9332 372 4063
9275 8875 10568
8875 9275 10568
10568 8875 9275
7938 6570 7023
7023 6570 7938
6570 7023 7938
14801 3495 10661
10661 3495 14801
3495 10661 14801
14516 10929 13373
13373 10929 14516
10929 13373 14516
2576 3303 8446
8446 2576 3303
3303 2576 8446
8741 2510 6452
6452 2510 8741
2510 6452 8741
14583 3486 5642
5642 3486 14583
3486 5642 14583
47 6183 12912
12912 47 6183
6183 47 12912
473 1417 6788
6788 473 1417
1417 473 6788
1169 11036 13538
11036 1169 13538
13538 1169 11036
13749 9196 11884
9196 11884 13749
11884 9196 13749
4127 10839 12770
10839 4127 12770
12770 4127 10839
5089 838 7926
7926 838 5089
838 5089 7926
5280 897 4872
897 4872 5280
4872 897 5280
160 5457 10035
5457 160 10035
10035 160 5457
5508 4311 4984
4984 4311 5508
4311 4984 5508
14242 3725 8998
8998 3725 14242
3725 8998 14242
14610 1406 3599
3599 1406 14610
1406 3599 14610
12293 7309 10546
7309 10546 12293
10546 7309 12293
12108 3425 11674
3425 11674 12108
11674 3425 12108
4929 12483 12525
12483 4929 12525
12525 4929 12483
5851 2521 4286
4286 2521 5851
2521 4286 5851
10587 5820 12921
5820 10587 12921
12921 5820 10587
5558 366 7333
7333 366 5558
366 5558 7333
1416 4502 14066
14066 1416 4502
4502 1416 14066
4366 8098 10966
8098 4366 10966
10966 4366 8098
2712 7672 9502
7672 2712 9502
9502 2712 7672
5556 9382 13909
9382 5556 13909
13909 5556 9382
1185 13056 14944
13056 1185 14944
14944 1185 13056
9225 13737 13738
13738 9225 13737
13737 9225 13738
5629 3931 7439
3931 5629 7439
7439 3931 5629
14933 5505 12021
5505 12021 14933
12021 5505 14933
4753 8557 10063
8557 4753 10063
10063 4753 8557
2681 7152 13797
13797 2681 7152
7152 2681 13797
480 3147 14098
14098 480 3147
3147 480 14098
7659 7178 9801
7178 7659 9801
9801 7178 7659
6303 8298 10670
8298 6303 10670
10670 6303 8298
12431 6887 14671
14671 6887 12431
6887 12431 14671
9377 5930 8519
8519 5930 9377
5930 8519 9377
13822 2894 13273
2894 13273 13822
13273 2894 13822
13693 2498 14823
14823 2498 13693
2498 13693 14823
7431 2469 13121
2469 7431 13121
13121 2469 7431
13986 466 12194
466 12194 13986
12194 466 13986
8856 6778 14000
6778 8856 14000
14000 6778 8856
14387 2718 10114
2718 10114 14387
10114 2718 14387
3195 3706 5152
3706 3195 5152
5152 3195 3706
12485 12409 12879
12879 12409 12485
12409 12485 12879
404 2262 6659
2262 404 6659
6659 404 2262
3696 5736 9663
9663 3696 5736
5736 3696 9663
5075 6134 6350
6350 5075 6134
6134 5075 6350
8675 10421 14439
14439 8675 10421
10421 8675 14439
2978 10862 11743
11743 2978 10862
10862 2978 11743
13 5765 14959
14959 13 5765
5765 13 14959
6425 4662 5029
5029 4662 6425
4662 5029 6425
5960 4163 10732
4163 5960 10732
10732 4163 5960
6406 9962 12356
12356 6406 9962
9962 6406 12356
3651 3604 5149
3604 3651 5149
5149 3604 3651
6557 11440 13770
11440 6557 13770
13770 6557 11440
10585 427 11278
427 10585 11278
11278 427 10585
6083 4568 8979
8979 4568 6083
4568 6083 8979
9843 4117 14090
14090 4117 9843
4117 9843 14090
7045 4989 5306
4989 5306 7045
5306 4989 7045
5361 1181 5671
5671 1181 5361
1181 5361 5671
2509 1712 10277
10277 1712 2509
1712 2509 10277
11471 1364 12161
12161 1364 11471
1364 11471 12161
1879 4421 14632
14632 1879 4421
4421 1879 14632
8476 1441 9791
9791 1441 8476
1441 8476 9791
9857 4507 6389
6389 4507 9857
4507 6389 9857
11647 8157 12126
8157 11647 12126
12126 8157 11647
1573 3501 12415
12415 1573 3501
3501 1573 12415
8447 1411 5744
5744 1411 8447
1411 5744 8447
14094 1663 12671
1663 12671 14094
12671 1663 14094
1069 3177 7112
7112 1069 3177
3177 1069 7112
5321 3715 9990
3715 5321 9990
9990 3715 5321
13115 4536 6279
4536 6279 13115
6279 4536 13115
13017 3051 9299
9299 3051 13017
3051 9299 13017
2440 1264 7194
7194 1264 2440
1264 2440 7194
6874 5550 9477
5550 6874 9477
9477 5550 6874
4436 10208 13529
13529 4436 10208
10208 4436 13529
13878 3045 10161
3045 10161 13878
10161 3045 13878
462 2295 2327
2327 462 2295
2295 462 2327
1685 10743 12743
10743 1685 12743
12743 1685 10743
2582 2813 6873
6873 2582 2813
2813 2582 6873
2839 2362 12175
12175 2362 2839
2362 2839 12175
2967 2786 6979
2786 2967 6979
6979 2786 2967
12703 4057 6378
6378 4057 12703
4057 6378 12703
8253 3680 12187
3680 8253 12187
12187 3680 8253
7861 6864 14898
6864 7861 14898
14898 6864 7861
3184 871 14810
14810 871 3184
871 3184 14810
1241 770 2832
2832 770 1241
770 1241 2832
1282 1339 14264
14264 1282 1339
1339 1282 14264
14044 9832 9911
9832 9911 14044
9911 9832 14044
2369 2901 5987
2901 2369 5987
5987 2369 2901
4821 358 5051
358 4821 5051
5051 358 4821
3512 6872 12890
12890 3512 6872
6872 3512 12890
6689 2088 12968
2088 6689 12968
12968 2088 6689
460 8733 9844
9844 460 8733
8733 460 9844
3932 1462 2329
1462 2329 3932
2329 1462 3932
8766 83 8075
8075 83 8766
83 8075 8766
11479 9457 14222
9457 11479 14222
14222 9457 11479
10908 924 14818
14818 924 10908
924 10908 14818
12555 1008 6652
1008 6652 12555
6652 1008 12555
7907 4778 8755
8755 4778 7907
4778 7907 8755
4915 2265 13287
2265 4915 13287
13287 2265 4915
12320 3416 7372
7372 3416 12320
3416 7372 12320
3664 2987 7092
2987 3664 7092
7092 2987 3664
3502 10795 13560
13560 3502 10795
10795 3502 13560
8318 1555 11027
1555 8318 11027
11027 1555 8318
11912 9900 11149
11149 9900 11912
9900 11149 11912
13061 7678 10061
7678 10061 13061
10061 7678 13061
10261 5063 6468
6468 5063 10261
5063 6468 10261
10993 3423 4788
4788 3423 10993
3423 4788 10993
1844 9627 12476
12476 1844 9627
9627 1844 12476
3762 4100 9122
4100 3762 9122
9122 3762 4100
13138 7731 11944
11944 7731 13138
7731 11944 13138
6161 887 9552
9552 887 6161
887 6161 9552
9826 2360 10597
2360 9826 10597
10597 2360 9826
2594 1911 5885
5885 1911 2594
1911 2594 5885
12564 2149 14238
14238 2149 12564
2149 12564 14238
4765 1023 13407
13407 1023 4765
1023 4765 13407
10116 1442 9485
9485 1442 10116
1442 9485 10116
2038 2546 3983
2546 2038 3983
3983 2038 2546
10475 1407 6208
1407 6208 10475
6208 1407 10475
7586 4407 10868
4407 7586 10868
10868 4407 7586
7392 652 10738
10738 652 7392
652 7392 10738
6342 1209 9566
9566 1209 6342
1209 6342 9566
6283 4684 7105
7105 4684 6283
4684 6283 7105
9281 1980 8918
1980 8918 9281
8918 1980 9281
7575 11037 13347
13347 7575 11037
11037 7575 13347
5624 1186 2239
2239 1186 5624
1186 2239 5624
5822 10537 12860
12860 5822 10537
10537 5822 12860
1481 5409 7841
5409 1481 7841
7841 1481 5409
6024 2709 6163
6163 2709 6024
2709 6024 6163
13820 3026 4098
3026 4098 13820
4098 3026 13820
638 295 12751
295 638 12751
12751 295 638
10493 8118 10848
10848 8118 10493
8118 10493 10848
2335 8322 8471
8471 2335 8322
8322 2335 8471
2687 8160 13452
8160 2687 13452
13452 2687 8160
4486 6933 11226
6933 4486 11226
11226 4486 6933
11336 10359 11392
10359 11336 11392
11392 10359 11336
9103 1866 14527
14527 1866 9103
1866 9103 14527
13563 1756 2402
2402 1756 13563
1756 2402 13563
1526 2863 9965
2863 1526 9965
9965 1526 2863
13246 14031 14152
14031 13246 14152
14152 13246 14031
13382 3574 6110
6110 3574 13382
3574 6110 13382
8010 3143 10913
3143 8010 10913
10913 3143 8010
3598 3573 5270
5270 3573 3598
3573 3598 5270
11264 3321 6296
3321 6296 11264
6296 3321 11264
14753 4045 13071
4045 13071 14753
13071 4045 14753
12756 3272 11137
11137 3272 12756
3272 11137 12756
4474 2826 6255
2826 4474 6255
6255 2826 4474
9478 5914 9874
5914 9478 9874
9874 5914 9478
4196 2192 11685
11685 2192 4196
2192 4196 11685
402 5173 12966
5173 402 12966
12966 402 5173
4626 7558 11402
11402 4626 7558
7558 4626 11402
10203 7175 12434
12434 7175 10203
7175 10203 12434
2093 4387 14128
4387 2093 14128
14128 2093 4387
7569 14100 14838
14100 7569 14838
14838 7569 14100
4071 8254 8275
8254 4071 8275
8275 4071 8254
12087 7849 8547
8547 7849 12087
7849 8547 12087
13709 4313 11515
11515 4313 13709
4313 11515 13709
3642 287 12805
12805 287 3642
287 3642 12805
7883 10468 12830
12830 7883 10468
10468 7883 12830
6267 3554 14805
14805 3554 6267
3554 6267 14805
9356 503 9786
503 9356 9786
9786 503 9356
610 1771 13702
1771 610 13702
13702 610 1771
13365 215 4783
215 4783 13365
4783 215 13365
1648 10394 13153
10394 1648 13153
13153 1648 10394
2917 8289 11330
8289 2917 11330
11330 2917 8289
5325 8578 13442
13442 5325 8578
8578 5325 13442
3521 5109 14710
14710 3521 5109
5109 3521 14710
1286 11716 13922
11716 1286 13922
13922 1286 11716
11630 10197 14460
10197 11630 14460
14460 10197 11630
8070 6050 11869
11869 6050 8070
6050 8070 11869
1919 12676 13807
12676 1919 13807
13807 1919 12676
4377 9915 11626
11626 4377 9915
9915 4377 11626
5978 2530 14473
14473 2530 5978
2530 5978 14473
2848 3153 8356
8356 2848 3153
3153 2848 8356
13719 1774 2015
1774 2015 13719
2015 1774 13719
6950 14701 14946
14946 6950 14701
14701 6950 14946
11644 805 11243
805 11243 11644
11243 805 11644
1547 7567 11584
11584 1547 7567
7567 1547 11584
11981 2278 8904
8904 2278 11981
2278 8904 11981
3052 10223 14083
14083 3052 10223
10223 3052 14083
12610 340 1090
340 1090 12610
1090 340 12610
12140 3847 9465
9465 3847 12140
3847 9465 12140
5977 7216 9560
9560 5977 7216
7216 5977 9560
14902 6213 8233
8233 6213 14902
6213 8233 14902
11940 8329 11271
11271 8329 11940
8329 11271 11940
6059 2924 8288
2924 6059 8288
8288 2924 6059
11254 3383 8178
3383 8178 11254
8178 3383 11254
4668 1640 11787
11787 1640 4668
1640 4668 11787
5644 4663 12582
12582 4663 5644
4663 5644 12582
2561 95 12153
12153 95 2561
95 2561 12153
2346 3148 13765
3148 2346 13765
13765 2346 3148
1710 7745 11425
7745 1710 11425
11425 1710 7745
13613 1150 8423
1150 8423 13613
8423 1150 13613
7179 3905 13558
3905 7179 13558
13558 3905 7179
11367 5420 8094
8094 5420 11367
5420 8094 11367
11757 12097 13874
12097 11757 13874
13874 11757 12097
5999 4320 5370
5370 4320 5999
4320 5370 5999
11113 2553 4792
4792 2553 11113
2553 4792 11113
13104 5967 13255
5967 13104 13255
13255 5967 13104
3896 9863 13800
9863 3896 13800
13800 3896 9863
14093 1706 11309
11309 1706 14093
1706 11309 14093
6313 1616 13098
1616 6313 13098
13098 1616 6313
10874 7345 11833
11833 7345 10874
7345 10874 11833
12796 10087 12766
10087 12766 12796
12766 10087 12796
7488 9247 10465
10465 7488 9247
9247 7488 10465
9022 12441 14278
14278 9022 12441
12441 9022 14278
14040 11052 14962
11052 14040 14962
14962 11052 14040
9643 9968 10659
9968 9643 10659
10659 9643 9968
5281 6792 11290
6792 5281 11290
11290 5281 6792
773 627 13139
13139 627 773
627 773 13139
10889 6951 10654
10654 6951 10889
6951 10654 10889
7965 2201 13793
2201 7965 13793
13793 2201 7965
10573 4426 5049
4426 5049 10573
5049 4426 10573
6421 1 10233
1 6421 10233
10233 1 6421
5855 5638 6401
6401 5638 5855
5638 5855 6401
10381 4016 6967
4016 6967 10381
6967 4016 10381
7563 9391 14401
14401 7563 9391
9391 7563 14401
699 4268 6759
4268 699 6759
6759 699 4268
1654 2366 2952
2366 1654 2952
2952 1654 2366
7728 3004 4066
4066 3004 7728
3004 4066 7728
8951 2468 7903
2468 7903 8951
7903 2468 8951
6035 3075 5430
5430 3075 6035
3075 5430 6035
1887 6102 13655
6102 1887 13655
13655 1887 6102
7348 5042 8689
5042 7348 8689
8689 5042 7348
5211 3073 13293
3073 5211 13293
13293 3073 5211
6064 2328 6915
6915 2328 6064
2328 6064 6915
5537 1378 11433
1378 5537 11433
11433 1378 5537
1478 4604 11919
4604 1478 11919
11919 1478 4604
12958 4506 9783
9783 4506 12958
4506 9783 12958
37 4249 5241
4249 37 5241
5241 37 4249
13599 3784 7732
3784 7732 13599
7732 3784 13599
8163 35 13181
35 8163 13181
13181 35 8163
13225 3823 13902
13902 3823 13225
3823 13225 13902
1529 5092 7088
5092 1529 7088
7088 1529 5092
6067 5033 12974
5033 6067 12974
12974 5033 6067
957 10010 11511
10010 957 11511
11511 957 10010
12466 7585 11333
7585 11333 12466
11333 7585 12466
8894 995 7816
7816 995 8894
995 7816 8894
11313 4828 13690
13690 4828 11313
4828 11313 13690
10299 4638 11329
11329 4638 10299
4638 10299 11329
1596 11493 13756
11493 1596 13756
13756 1596 11493
3869 3527 8332
3527 3869 8332
8332 3527 3869
514 4863 8346
8346 514 4863
4863 514 8346
10350 5404 5971
5404 5971 10350
5971 5404 10350
1566 2142 6640
2142 1566 6640
6640 1566 2142
12361 7410 7644
7644 7410 12361
7410 7644 12361
785 7118 13170
13170 785 7118
7118 785 13170
4345 1594 12447
1594 4345 12447
12447 1594 4345
6463 1314 7953
1314 6463 7953
7953 1314 6463
13143 1161 14318
1161 13143 14318
14318 1161 13143
6352 1768 10802
1768 6352 10802
10802 1768 6352
1015 1110 10739
10739 1015 1110
1110 1015 10739
5877 3736 12765
12765 3736 5877
3736 5877 12765
4199 367 13952
367 4199 13952
13952 367 4199
4757 4685 6145
6145 4685 4757
4685 4757 6145
3428 1260 6993
6993 1260 3428
1260 3428 6993
7635 1095 2788
1095 2788 7635
2788 1095 7635
5683 1068 14580
14580 1068 5683
1068 5683 14580
762 8 14025
8 762 14025
14025 8 762
11565 6907 14653
6907 11565 14653
14653 6907 11565
5862 3287 13812
3287 5862 13812
13812 3287 5862
2787 5467 13696
5467 2787 13696
13696 2787 5467
8119 1544 9612
9612 1544 8119
1544 8119 9612
