300 250 1215
250 300 1215
1215 250 300
1381 44 922
922 44 1381
44 922 1381
182 61 1123
1123 61 182
61 182 1123
29 434 824
824 29 434
434 29 824
165 1101 1103
1101 165 1103
1103 165 1101
476 483 1377
483 476 1377
1377 476 483
937 275 643
275 643 937
643 275 937
871 293 429
293 429 871
429 293 871
301 76 562
76 301 562
562 76 301
1132 368 761
761 368 1132
368 761 1132
1034 527 1221
527 1034 1221
1221 527 1034
1499 339 853
853 339 1499
339 853 1499
551 546 738
546 551 738
738 546 551
990 792 1430
1430 792 990
792 990 1430
528 1061 1065
1065 528 1061
1061 528 1065
1286 12 438
12 438 1286
438 12 1286
688 497 1195
497 688 1195
1195 497 688
1098 1024 1380
1380 1024 1098
1024 1098 1380
214 829 1306
829 214 1306
1306 214 829
1223 377 1347
377 1223 1347
1347 377 1223
705 1419 1454
1454 705 1419
1419 705 1454
1278 190 1049
190 1049 1278
1049 190 1278
1346 484 1048
484 1048 1346
1048 484 1346
356 1109 1320
1109 356 1320
1320 356 1109
1128 126 651
126 651 1128
651 126 1128
307 285 1014
1014 285 307
285 307 1014
706 441 574
441 574 706
574 441 706
5 947 948
947 5 948
948 5 947
1439 62 1170
1170 62 1439
62 1170 1439
1259 450 1365
1365 450 1259
450 1259 1365
1164 419 485
485 419 1164
419 485 1164
687 677 845
677 687 845
845 677 687
410 206 1318
1318 206 410
206 410 1318
925 469 866
866 469 925
469 866 925
1277 904 939
939 904 1277
904 939 1277
106 129 1088
129 106 1088
1088 106 129
1143 956 1167
956 1143 1167
1167 956 1143
297 3 709
3 297 709
709 3 297
71 255 686
255 71 686
686 71 255
447 684 839
839 447 684
684 447 839
292 702 1206
1206 292 702
702 292 1206
732 877 941
877 732 941
941 732 877
506 897 1102
1102 506 897
897 506 1102
892 656 1340
656 892 1340
1340 656 892
1407 4 361
4 361 1407
361 4 1407
1007 57 1209
57 1007 1209
1209 57 1007
507 814 1321
1321 507 814
814 507 1321
296 1146 1428
1428 296 1146
1146 296 1428
150 294 1075
1075 150 294
294 150 1075
153 304 1114
1114 153 304
304 153 1114
974 194 253
253 194 974
194 253 974
38 1083 1447
1083 38 1447
1447 38 1083
1187 97 1412
97 1187 1412
1412 97 1187
1370 722 1449
722 1370 1449
1449 722 1370
788 267 387
267 387 788
387 267 788
1113 9 1270
1270 9 1113
9 1113 1270
316 83 715
715 83 316
83 316 715
636 74 233
74 233 636
233 74 636
1031 81 393
81 393 1031
393 81 1031
474 713 714
714 474 713
713 474 714
46 1059 1268
1268 46 1059
1059 46 1268
811 232 1436
232 811 1436
1436 232 811
199 638 1332
638 199 1332
1332 199 638
646 125 966
966 125 646
125 646 966
499 186 639
186 499 639
639 186 499
67 269 1455
1455 67 269
269 67 1455
1300 930 1089
930 1089 1300
1089 930 1300
806 394 919
394 806 919
919 394 806
1130 353 537
537 353 1130
353 537 1130
283 66 492
66 283 492
492 66 283
762 1073 1267
1267 762 1073
1073 762 1267
560 424 879
879 424 560
424 560 879
924 53 1433
53 924 1433
1433 53 924
769 1182 1302
1182 769 1302
1302 769 1182
1082 99 443
99 443 1082
443 99 1082
324 36 960
960 36 324
36 324 960
1137 501 617
617 501 1137
501 617 1137
1427 19 603
603 19 1427
19 603 1427
1378 278 1254
278 1254 1378
1254 278 1378
132 835 885
835 132 885
885 132 835
1260 790 1176
1176 790 1260
790 1176 1260
1027 514 787
787 514 1027
514 787 1027
367 896 906
896 367 906
906 367 896
49 735 817
817 49 735
735 49 817
700 586 901
586 700 901
901 586 700
221 504 907
504 221 907
907 221 504
1004 426 1054
1054 426 1004
426 1004 1054
1224 649 1053
1053 649 1224
649 1053 1224
856 634 1405
634 856 1405
1405 634 856
693 399 852
399 693 852
852 399 693
28 928 1246
1246 28 928
928 28 1246
995 170 1307
1307 170 995
170 995 1307
348 1003 1086
1086 348 1003
1003 348 1086
865 143 984
143 865 984
984 143 865
1144 1242 1444
1242 1144 1444
1444 1144 1242
374 286 1198
286 374 1198
1198 286 374
1339 302 1324
302 1324 1339
1324 302 1339
848 331 789
331 789 848
789 331 848
212 1232 1484
1232 212 1484
1484 212 1232
427 766 1375
1375 427 766
766 427 1375
1379 329 464
464 329 1379
329 464 1379
862 533 1245
533 862 1245
1245 533 862
277 902 1301
1301 277 902
902 277 1301
332 489 678
489 332 678
678 332 489
1 791 1397
1397 1 791
791 1 1397
1035 85 739
739 85 1035
85 739 1035
1196 103 550
550 103 1196
103 550 1196
753 695 1008
695 753 1008
1008 695 753
733 413 867
413 733 867
867 413 733
836 982 1400
1400 836 982
982 836 1400
611 386 1284
1284 386 611
386 611 1284
548 280 869
280 548 869
869 280 548
227 659 1329
1329 227 659
659 227 1329
938 1285 1364
1364 938 1285
1285 938 1364
1328 23 340
23 340 1328
340 23 1328
1189 1368 1462
1462 1189 1368
1368 1189 1462
1147 310 746
746 310 1147
310 746 1147
52 152 743
152 52 743
743 52 152
1345 1076 1236
1236 1076 1345
1076 1236 1345
436 532 1266
532 436 1266
1266 436 532
1188 171 1336
1336 171 1188
171 1188 1336
1095 202 338
202 338 1095
338 202 1095
1162 724 752
752 724 1162
724 752 1162
889 200 850
200 850 889
850 200 889
452 477 1150
1150 452 477
477 452 1150
957 453 1314
1314 453 957
453 957 1314
751 1074 1333
1333 751 1074
1074 751 1333
842 93 1435
93 842 1435
1435 93 842
870 764 1171
1171 764 870
764 870 1171
406 721 918
721 406 918
918 406 721
1018 276 1077
276 1018 1077
1077 276 1018
245 196 542
196 245 542
542 196 245
314 372 482
372 314 482
482 314 372
404 594 1298
594 404 1298
1298 404 594
128 86 767
86 128 767
767 86 128
683 963 1275
963 683 1275
1275 683 963
113 396 1023
1023 113 396
396 113 1023
144 94 698
698 94 144
94 144 698
145 400 1488
1488 145 400
400 145 1488
708 160 420
160 420 708
420 160 708
1179 47 1028
1028 47 1179
47 1028 1179
136 358 1066
1066 136 358
358 136 1066
671 486 881
881 486 671
486 671 881
236 1169 1190
1169 236 1190
1190 236 1169
1104 407 1084
407 1084 1104
1084 407 1104
525 704 1317
704 525 1317
1317 525 704
945 88 107
88 107 945
107 88 945
577 382 1423
1423 382 577
382 577 1423
564 13 851
13 564 851
851 13 564
1050 328 1241
1241 328 1050
328 1050 1241
465 24 193
24 193 465
193 24 465
498 730 1097
1097 498 730
730 498 1097
31 1441 1480
1480 31 1441
1441 31 1480
583 911 1383
1383 583 911
911 583 1383
155 130 798
798 130 155
130 155 798
859 345 1042
1042 345 859
345 859 1042
1174 308 390
308 390 1174
390 308 1174
841 710 1013
710 841 1013
1013 710 841
240 524 1237
524 240 1237
1237 240 524
1408 584 1460
1460 584 1408
584 1408 1460
530 412 1175
412 530 1175
1175 412 530
987 92 800
800 92 987
92 800 987
1092 77 337
337 77 1092
77 337 1092
1156 311 1325
311 1156 1325
1325 311 1156
531 168 1068
1068 168 531
168 531 1068
794 188 674
674 188 794
188 674 794
1311 610 951
610 951 1311
951 610 1311
137 878 1413
878 137 1413
1413 137 878
962 1133 1148
1148 962 1133
1133 962 1148
246 20 454
20 246 454
454 20 246
1093 1135 1186
1186 1093 1135
1135 1093 1186
1487 832 1287
832 1287 1487
1287 832 1487
1239 42 1233
1233 42 1239
42 1233 1239
760 40 606
606 40 760
40 606 760
1356 462 819
819 462 1356
462 819 1356
784 694 976
694 784 976
976 694 784
1071 259 1389
259 1071 1389
1389 259 1071
576 418 808
808 418 576
418 576 808
920 472 626
472 626 920
626 472 920
1264 475 601
475 601 1264
601 475 1264
1338 555 1496
1496 555 1338
555 1338 1496
566 503 1384
503 566 1384
1384 503 566
1099 579 588
579 588 1099
588 579 1099
711 1072 1297
1297 711 1072
1072 711 1297
241 336 826
336 241 826
826 241 336
1313 89 802
89 802 1313
802 89 1313
950 64 622
622 64 950
64 622 950
195 164 1057
164 195 1057
1057 164 195
863 72 488
72 488 863
488 72 863
642 1060 1115
1060 642 1115
1115 642 1060
1036 516 1058
1058 516 1036
516 1036 1058
1210 415 652
415 652 1210
652 415 1210
964 785 1134
785 964 1134
1134 785 964
923 1080 1468
1468 923 1080
1080 923 1468
1085 215 1153
1153 215 1085
215 1085 1153
14 1240 1293
1240 14 1293
1293 14 1240
1020 373 810
373 810 1020
810 373 1020
1500 972 1498
1498 972 1500
972 1498 1500
697 189 1010
1010 189 697
189 697 1010
900 191 511
511 191 900
191 511 900
1493 491 641
641 491 1493
491 641 1493
395 134 1330
134 395 1330
1330 134 395
890 351 980
980 351 890
351 890 980
1434 295 1350
295 1350 1434
1350 295 1434
467 874 1478
1478 467 874
874 467 1478
1479 364 801
801 364 1479
364 801 1479
169 100 288
288 100 169
100 169 288
1063 448 1495
448 1063 1495
1495 448 1063
322 820 1418
1418 322 820
820 322 1418
1344 116 1446
116 1344 1446
1446 116 1344
318 256 1310
256 318 1310
1310 256 318
1257 68 1386
68 1257 1386
1386 68 1257
207 812 926
812 207 926
926 207 812
1172 228 242
242 228 1172
228 242 1172
1337 363 568
568 363 1337
363 568 1337
226 369 595
595 226 369
369 226 595
1445 679 1452
679 1445 1452
1452 679 1445
968 777 857
857 777 968
777 857 968
736 647 781
781 647 736
647 736 781
783 218 244
218 244 783
244 218 783
843 559 914
914 559 843
559 843 914
1326 1136 1456
1456 1136 1326
1136 1326 1456
1416 1294 1341
1341 1294 1416
1294 1341 1416
1490 79 1121
1121 79 1490
79 1121 1490
598 108 411
108 411 598
411 108 598
1371 252 707
252 707 1371
707 252 1371
1222 45 747
747 45 1222
45 747 1222
1331 238 905
238 905 1331
905 238 1331
354 184 657
184 354 657
657 184 354
33 569 675
675 33 569
569 33 675
138 26 513
26 138 513
513 26 138
305 102 1316
1316 102 305
102 305 1316
157 1385 1475
1475 157 1385
1385 157 1475
423 321 719
321 423 719
719 321 423
830 822 1177
822 830 1177
1177 822 830
840 1279 1424
1279 840 1424
1424 840 1279
1469 487 728
487 728 1469
728 487 1469
1299 2 355
355 2 1299
2 355 1299
864 875 1494
1494 864 875
875 864 1494
558 401 1440
401 558 1440
1440 401 558
425 910 1457
910 425 1457
1457 425 910
1201 334 780
334 780 1201
780 334 1201
1288 391 1005
391 1005 1288
1005 391 1288
1151 998 1211
998 1151 1211
1211 998 1151
39 258 1387
1387 39 258
258 39 1387
623 265 1231
265 623 1231
1231 265 623
139 996 1160
996 139 1160
1160 139 996
742 239 1067
239 742 1067
1067 239 742
934 855 1461
855 934 1461
1461 855 934
1327 1154 1193
1154 1193 1327
1193 1154 1327
547 625 701
625 547 701
701 547 625
774 197 779
197 774 779
779 197 774
1022 56 114
56 114 1022
114 56 1022
833 517 1244
517 833 1244
1244 517 833
219 770 1432
1432 219 770
770 219 1432
122 662 1315
662 122 1315
1315 122 662
1120 352 405
405 352 1120
352 405 1120
490 271 744
271 490 744
744 271 490
849 673 858
673 849 858
858 673 849
282 1069 1184
1069 282 1184
1184 282 1069
1219 257 526
526 257 1219
257 526 1219
1366 201 468
468 201 1366
201 468 1366
1281 21 541
541 21 1281
21 541 1281
73 179 672
179 73 672
672 73 179
1402 782 1465
1465 782 1402
782 1402 1465
567 273 563
273 563 567
563 273 567
631 765 1305
1305 631 765
765 631 1305
1309 439 1142
439 1142 1309
1142 439 1309
272 220 1352
220 272 1352
1352 220 272
205 755 1414
755 205 1414
1414 205 755
1047 633 1369
633 1047 1369
1369 633 1047
109 605 1265
1265 109 605
605 109 1265
161 457 1091
1091 161 457
457 161 1091
175 521 1438
1438 175 521
521 175 1438
408 181 596
181 408 596
596 181 408
1290 59 235
235 59 1290
59 235 1290
572 142 1194
142 572 1194
1194 142 572
1119 95 433
95 433 1119
433 95 1119
262 734 1471
734 262 1471
1471 262 734
1238 435 1145
1145 435 1238
435 1145 1238
888 80 1191
1191 80 888
80 888 1191
1431 248 703
703 248 1431
248 703 1431
668 366 380
366 380 668
380 366 668
1443 96 745
745 96 1443
96 745 1443
1250 111 1429
111 1250 1429
1429 111 1250
763 522 1161
522 763 1161
1161 522 763
827 149 1382
1382 149 827
149 827 1382
1476 133 754
133 754 1476
754 133 1476
723 895 1349
895 723 1349
1349 723 895
1362 376 1312
376 1312 1362
1312 376 1362
1453 261 291
291 261 1453
261 291 1453
422 793 873
793 422 873
873 422 793
1064 183 935
183 935 1064
935 183 1064
417 75 192
75 192 417
192 75 417
105 281 381
381 105 281
281 105 381
1437 612 909
909 612 1437
612 909 1437
571 127 510
127 510 571
510 127 571
757 627 1149
627 757 1149
1149 627 757
1282 795 1394
795 1282 1394
1394 795 1282
967 437 478
478 437 967
437 478 967
1026 519 1152
519 1026 1152
1152 519 1026
953 893 1045
1045 893 953
893 953 1045
70 1019 1401
1401 70 1019
1019 70 1401
979 1009 1117
1117 979 1009
1009 979 1117
536 1180 1486
1486 536 1180
1180 536 1486
1283 933 1458
933 1283 1458
1458 933 1283
1258 231 712
712 231 1258
231 712 1258
208 30 289
289 30 208
30 208 289
570 115 1138
1138 115 570
115 570 1138
768 667 756
667 756 768
756 667 768
1367 515 1100
1100 515 1367
515 1100 1367
1474 98 349
98 349 1474
349 98 1474
1140 1272 1482
1272 1140 1482
1482 1140 1272
1155 346 640
346 640 1155
640 346 1155
1323 459 1451
1451 459 1323
459 1323 1451
1422 35 141
35 141 1422
141 35 1422
741 872 1158
872 741 1158
1158 741 872
1373 929 1046
929 1046 1373
1046 929 1373
1227 8 981
981 8 1227
8 981 1227
699 731 748
748 699 731
731 699 748
65 60 565
565 60 65
60 65 565
176 10 975
10 176 975
975 10 176
690 481 1015
1015 481 690
481 690 1015
16 1355 1489
1355 16 1489
1489 16 1355
327 343 1165
1165 327 343
343 327 1165
1396 1000 1105
1000 1105 1396
1105 1000 1396
669 803 1040
803 669 1040
1040 669 803
388 90 121
90 121 388
121 90 388
237 887 1335
1335 237 887
887 237 1335
1126 203 1192
1192 203 1126
203 1126 1192
357 988 1116
988 357 1116
1116 357 988
1308 392 495
495 392 1308
392 495 1308
1343 618 717
717 618 1343
618 717 1343
41 54 1044
54 41 1044
1044 41 54
268 796 913
913 268 796
796 268 913
234 665 1473
665 234 1473
1473 234 665
946 249 844
844 249 946
249 844 946
1477 1247 1354
1247 1354 1477
1354 1247 1477
1087 177 1249
1249 177 1087
177 1087 1249
1204 666 1043
666 1043 1204
1043 666 1204
146 243 350
243 146 350
350 146 243
993 25 158
158 25 993
25 158 993
961 654 1052
654 961 1052
1052 654 961
718 664 891
891 664 718
664 718 891
306 959 1033
959 306 1033
1033 306 959
989 616 1051
1051 616 989
616 989 1051
463 637 1403
637 463 1403
1403 463 637
344 737 1319
1319 344 737
737 344 1319
1398 148 958
958 148 1398
148 958 1398
908 270 604
604 270 908
270 604 908
1011 397 1243
1243 397 1011
397 1011 1243
691 775 1392
775 691 1392
1392 691 775
274 629 954
629 274 954
954 274 629
846 445 986
445 846 986
986 445 846
1481 421 716
716 421 1481
421 716 1481
1173 362 403
403 362 1173
362 403 1173
823 663 884
884 663 823
663 823 884
593 589 1107
1107 589 593
589 593 1107
1421 1205 1393
1393 1205 1421
1205 1393 1421
1492 834 1200
834 1200 1492
1200 834 1492
786 209 279
279 209 786
209 279 786
1467 696 882
882 696 1467
696 882 1467
173 383 1255
1255 173 383
383 173 1255
648 247 502
502 247 648
247 502 648
653 325 455
325 455 653
455 325 653
27 365 772
365 27 772
772 27 365
1390 602 1110
1110 602 1390
602 1110 1390
628 1096 1166
1096 628 1166
1166 628 1096
750 449 1081
1081 449 750
449 750 1081
104 456 557
557 104 456
456 104 557
224 217 539
217 224 539
539 217 224
994 505 676
676 505 994
505 676 994
48 624 921
921 48 624
624 48 921
1464 290 1472
1472 290 1464
290 1464 1472
17 1372 1442
1372 17 1442
1442 17 1372
15 978 1395
1395 15 978
978 15 1395
556 140 860
860 140 556
140 556 860
320 620 1253
1253 320 620
620 320 1253
655 1108 1459
1459 655 1108
1108 655 1459
807 1139 1491
1139 807 1491
1491 807 1139
1348 473 621
473 621 1348
621 473 1348
1409 159 726
726 159 1409
159 726 1409
529 461 1070
461 529 1070
1070 461 529
1357 512 1207
1207 512 1357
512 1207 1357
916 167 970
167 916 970
970 167 916
894 123 592
592 123 894
123 592 894
758 540 543
540 543 758
543 540 758
1213 135 187
187 135 1213
135 187 1213
518 828 992
992 518 828
828 518 992
825 119 428
428 119 825
119 428 825
553 534 1118
534 553 1118
1118 534 553
1062 178 414
414 178 1062
178 414 1062
1202 63 809
63 809 1202
809 63 1202
211 198 1269
1269 198 211
198 211 1269
298 260 341
341 260 298
260 298 341
409 34 816
816 34 409
34 409 816
1032 446 523
523 446 1032
446 523 1032
983 580 854
580 854 983
854 580 983
251 466 1112
1112 251 466
466 251 1112
1159 943 1131
1131 943 1159
943 1131 1159
216 330 1353
330 216 1353
1353 216 330
163 1216 1228
1216 163 1228
1228 163 1216
124 458 1141
1141 124 458
458 124 1141
1079 599 927
927 599 1079
599 927 1079
880 590 977
590 880 977
977 590 880
213 378 1037
1037 213 378
378 213 1037
1261 650 1291
1291 650 1261
650 1261 1291
831 496 1178
496 831 1178
1178 496 831
1125 508 1078
1078 508 1125
508 1078 1125
1363 326 1334
1334 326 1363
326 1334 1363
944 174 804
804 174 944
174 804 944
1415 1002 1017
1017 1002 1415
1002 1017 1415
1248 1322 1448
1448 1248 1322
1322 1248 1448
1127 538 1262
538 1127 1262
1262 538 1127
660 670 1388
1388 660 670
670 660 1388
287 120 991
120 287 991
991 120 287
509 389 999
999 389 509
389 509 999
1425 11 1030
11 1030 1425
1030 11 1425
607 58 805
805 58 607
58 607 805
1185 440 955
955 440 1185
440 955 1185
1289 225 1361
225 1289 1361
1361 225 1289
544 309 1295
1295 309 544
309 544 1295
614 32 1218
1218 32 614
32 614 1218
838 759 1122
759 838 1122
1122 759 838
1485 776 1358
776 1358 1485
1358 776 1485
299 1025 1274
1274 299 1025
1025 299 1274
1280 494 1229
494 1229 1280
1229 494 1280
43 949 1226
949 43 1226
1226 43 949
1417 493 952
952 493 1417
493 952 1417
554 84 932
932 84 554
84 554 932
1055 379 965
965 379 1055
379 965 1055
131 264 398
264 131 398
398 131 264
1263 266 1483
1483 266 1263
266 1263 1483
685 50 1292
1292 50 685
50 685 1292
632 55 689
689 55 632
55 632 689
1252 254 644
254 644 1252
644 254 1252
1303 210 416
210 416 1303
416 210 1303
335 172 815
172 335 815
815 172 335
658 985 1234
985 658 1234
1234 658 985
1168 180 1391
1391 180 1168
180 1168 1391
479 1208 1304
1304 479 1208
1208 479 1304
971 6 1041
6 971 1041
1041 6 971
69 118 1351
118 69 1351
1351 69 118
942 630 1376
630 942 1376
1376 630 942
1360 773 1163
773 1163 1360
1163 773 1360
1111 899 1230
899 1111 1230
1230 899 1111
1012 117 333
333 117 1012
117 333 1012
1106 315 740
315 740 1106
740 315 1106
931 223 1212
223 931 1212
1212 223 931
729 317 692
317 692 729
692 317 729
635 204 1225
204 635 1225
1225 204 635
1271 561 1404
561 1271 1404
1404 561 1271
1497 7 480
7 480 1497
480 7 1497
323 229 591
591 229 323
229 323 591
384 575 797
797 384 575
575 384 797
520 552 861
552 520 861
861 520 552
371 360 771
771 360 371
360 371 771
1038 969 1426
969 1038 1426
1426 969 1038
720 37 500
37 500 720
500 37 720
1410 430 585
585 430 1410
430 585 1410
312 156 837
156 312 837
837 156 312
1235 147 1411
1411 147 1235
147 1235 1411
645 471 682
471 645 682
682 471 645
1124 442 597
442 597 1124
597 442 1124
915 460 898
898 460 915
460 898 915
749 615 799
799 615 749
615 749 799
1463 313 470
313 470 1463
470 313 1463
903 342 535
342 535 903
535 342 903
868 578 1256
578 868 1256
1256 578 868
600 91 1450
91 600 1450
1450 91 600
778 1157 1276
1157 778 1276
1276 778 1157
1203 347 681
347 681 1203
681 347 1203
230 1006 1217
1006 230 1217
1217 230 1006
166 385 1220
385 166 1220
1220 166 385
162 110 359
110 162 359
359 110 162
1251 185 1359
1359 185 1251
185 1251 1359
222 582 661
582 222 661
661 222 582
151 818 1183
818 151 1183
1183 151 818
303 18 581
581 18 303
18 303 581
370 375 883
375 370 883
883 370 375
608 22 912
22 608 912
912 22 608
1420 319 813
319 813 1420
813 319 1420
51 997 1090
1090 51 997
997 51 1090
847 886 1466
886 847 1466
1466 847 886
1197 876 1056
1056 876 1197
876 1056 1197
1039 101 1374
101 1039 1374
1374 101 1039
1021 609 725
725 609 1021
609 725 1021
1199 917 936
936 917 1199
917 936 1199
451 284 821
821 284 451
284 451 821
432 263 402
263 402 432
402 263 432
1406 727 1214
727 1214 1406
1214 727 1406
573 940 1399
1399 573 940
940 573 1399
87 680 1016
680 87 1016
1016 87 680
973 82 1342
1342 82 973
82 973 1342
1129 1296 1470
1470 1129 1296
1296 1129 1470
549 154 431
431 154 549
154 431 549
587 1094 1273
1273 587 1094
1094 587 1273
444 1029 1181
1029 444 1181
1181 444 1029
112 78 545
545 78 112
78 112 545
619 613 1001
1001 613 619
613 619 1001
