90934 7524 47435
47435 7524 90934
7524 47435 90934
92663 102449 139954
102449 92663 139954
139954 92663 102449
54200 17018 59939
59939 17018 54200
17018 54200 59939
75761 1582 54307
54307 1582 75761
1582 54307 75761
102330 104429 130232
104429 102330 130232
130232 102330 104429
39066 31838 44064
44064 31838 39066
31838 39066 44064
265 128218 140062
128218 265 140062
140062 265 128218
40485 26018 28836
26018 28836 40485
28836 26018 40485
22014 26055 79942
79942 22014 26055
26055 22014 79942
81584 62935 115593
62935 81584 115593
115593 62935 81584
127760 57550 143963
143963 57550 127760
57550 127760 143963
73621 1542 132263
132263 1542 73621
1542 73621 132263
119716 36358 58428
36358 58428 119716
58428 36358 119716
130593 26465 135907
26465 130593 135907
135907 26465 130593
97273 40874 68892
68892 40874 97273
40874 68892 97273
134169 62618 86796
86796 62618 134169
62618 86796 134169
87054 64089 89745
89745 64089 87054
64089 87054 89745
22339 25098 125141
125141 22339 25098
25098 22339 125141
8380 29049 58597
29049 8380 58597
58597 8380 29049
70575 12661 57716
57716 12661 70575
12661 57716 70575
147162 62826 119248
119248 62826 147162
62826 119248 147162
42646 44117 51679
51679 42646 44117
44117 42646 51679
126769 23712 109644
23712 109644 126769
109644 23712 126769
46835 12946 57595
12946 46835 57595
57595 12946 46835
91007 15316 148720
148720 15316 91007
15316 91007 148720
67035 27126 98289
98289 27126 67035
27126 67035 98289
121778 66475 128564
66475 121778 128564
128564 66475 121778
53294 16981 96108
16981 53294 96108
96108 16981 53294
17016 62982 88245
88245 17016 62982
62982 17016 88245
111049 27936 55997
27936 55997 111049
55997 27936 111049
57734 88074 114387
88074 57734 114387
114387 57734 88074
102507 67503 83912
67503 83912 102507
83912 67503 102507
130493 126806 134672
126806 130493 134672
134672 126806 130493
84684 53090 113294
113294 53090 84684
53090 84684 113294
11010 29028 82156
29028 11010 82156
82156 11010 29028
107517 3413 28139
3413 28139 107517
28139 3413 107517
41270 59800 100819
59800 41270 100819
100819 41270 59800
86598 38745 123854
123854 38745 86598
38745 86598 123854
146117 22654 52393
22654 52393 146117
52393 22654 146117
83078 127299 144187
127299 83078 144187
144187 83078 127299
1400 90861 101156
90861 1400 101156
101156 1400 90861
118770 11554 132395
132395 11554 118770
11554 118770 132395
9982 9616 50487
50487 9616 9982
9616 9982 50487
25274 50968 112536
112536 25274 50968
50968 25274 112536
119893 101909 146846
146846 101909 119893
101909 119893 146846
65866 31619 133392
31619 65866 133392
133392 31619 65866
34311 30955 105911
30955 34311 105911
105911 30955 34311
145776 2622 44557
2622 44557 145776
44557 2622 145776
52637 35327 132310
132310 35327 52637
35327 52637 132310
102835 54763 139530
139530 54763 102835
54763 102835 139530
49021 93928 115558
115558 49021 93928
93928 49021 115558
14495 10256 95039
10256 14495 95039
95039 10256 14495
97001 11126 89387
11126 89387 97001
89387 11126 97001
71474 5393 85752
5393 71474 85752
85752 5393 71474
81352 8199 81984
81984 8199 81352
8199 81352 81984
85303 835 111349
835 85303 111349
111349 835 85303
9975 15095 43614
43614 9975 15095
15095 9975 43614
1173 102960 107328
107328 1173 102960
102960 1173 107328
68429 68169 70889
68169 68429 70889
70889 68169 68429
70162 95144 109082
95144 70162 109082
109082 70162 95144
15077 75605 143564
75605 15077 143564
143564 15077 75605
99925 15659 139878
139878 15659 99925
15659 99925 139878
58053 58107 122010
122010 58053 58107
58107 58053 122010
148441 50024 90230
90230 50024 148441
50024 90230 148441
60889 29030 56450
56450 29030 60889
29030 56450 60889
139698 55594 126442
55594 126442 139698
126442 55594 139698
8277 1994 64674
64674 1994 8277
1994 8277 64674
67574 107736 115976
115976 67574 107736
107736 67574 115976
7632 13795 88582
13795 7632 88582
88582 7632 13795
107325 101639 126108
126108 101639 107325
101639 107325 126108
110059 103822 113343
103822 110059 113343
113343 103822 110059
137479 2182 16237
2182 16237 137479
16237 2182 137479
139647 33919 92992
33919 92992 139647
92992 33919 139647
34693 49800 142742
49800 34693 142742
142742 34693 49800
55423 123255 128823
128823 55423 123255
123255 55423 128823
4567 129543 131246
131246 4567 129543
129543 4567 131246
34887 3334 127634
3334 34887 127634
127634 3334 34887
118995 50837 102049
50837 102049 118995
102049 50837 118995
81771 9796 148869
9796 81771 148869
148869 9796 81771
130079 20926 59542
59542 20926 130079
20926 59542 130079
668 62275 63747
63747 668 62275
62275 668 63747
34044 31177 97767
31177 34044 97767
97767 31177 34044
87328 48567 56038
56038 48567 87328
48567 56038 87328
94397 43152 70577
70577 43152 94397
43152 70577 94397
86259 34061 105844
34061 86259 105844
105844 34061 86259
26297 25711 51279
25711 26297 51279
51279 25711 26297
116912 48964 145136
48964 116912 145136
145136 48964 116912
26827 118135 130192
118135 26827 130192
130192 26827 118135
23368 25341 98362
98362 23368 25341
25341 23368 98362
54471 28222 121246
28222 54471 121246
121246 28222 54471
137070 86331 107794
107794 86331 137070
86331 107794 137070
117544 29786 38126
38126 29786 117544
29786 38126 117544
98260 16200 93057
16200 93057 98260
93057 16200 98260
4600 44226 114407
44226 4600 114407
114407 4600 44226
59094 52866 149286
149286 52866 59094
52866 59094 149286
102496 118590 119223
119223 102496 118590
118590 102496 119223
1813 50449 107454
107454 1813 50449
50449 1813 107454
89844 36194 90771
90771 36194 89844
36194 89844 90771
54738 25842 100421
25842 54738 100421
100421 25842 54738
63553 89118 127114
127114 63553 89118
89118 63553 127114
46137 102660 110325
110325 46137 102660
102660 46137 110325
67053 34554 84495
34554 67053 84495
84495 34554 67053
112892 4445 105732
4445 105732 112892
105732 4445 112892
39451 36492 146719
36492 39451 146719
146719 36492 39451
35348 8137 149970
149970 8137 35348
8137 35348 149970
115226 136470 145467
145467 115226 136470
136470 115226 145467
35396 34759 108832
34759 35396 108832
108832 34759 35396
65637 85221 127797
85221 65637 127797
127797 65637 85221
30988 31573 70109
31573 30988 70109
70109 30988 31573
116221 83700 106710
83700 106710 116221
106710 83700 116221
31440 2275 98375
2275 31440 98375
98375 2275 31440
128450 111528 134252
111528 128450 134252
134252 111528 128450
113250 42029 71486
71486 42029 113250
42029 71486 113250
16164 52405 118257
118257 16164 52405
52405 16164 118257
8568 47979 118863
118863 8568 47979
47979 8568 118863
9318 87940 104342
87940 9318 104342
104342 9318 87940
61117 3028 130790
3028 61117 130790
130790 3028 61117
113082 40478 140513
140513 40478 113082
40478 113082 140513
100481 61171 94365
94365 61171 100481
61171 94365 100481
85274 4224 70922
4224 70922 85274
70922 4224 85274
91369 76960 146682
76960 91369 146682
146682 76960 91369
79049 69181 100331
69181 79049 100331
100331 69181 79049
67846 95508 106331
95508 67846 106331
106331 67846 95508
70104 4610 89364
89364 4610 70104
4610 70104 89364
32879 4528 55642
4528 32879 55642
55642 4528 32879
5593 50698 145169
50698 5593 145169
145169 5593 50698
98266 17988 48385
48385 17988 98266
17988 48385 98266
135735 12373 13020
13020 12373 135735
12373 13020 135735
145277 34995 48765
34995 48765 145277
48765 34995 145277
92988 79744 80833
79744 80833 92988
80833 79744 92988
28776 31956 71976
71976 28776 31956
31956 28776 71976
141781 33982 110430
110430 33982 141781
33982 110430 141781
115678 6289 94139
6289 94139 115678
94139 6289 115678
80214 122281 124906
124906 80214 122281
122281 80214 124906
14796 56978 120516
120516 14796 56978
56978 14796 120516
70987 113735 134055
113735 70987 134055
134055 70987 113735
76624 15360 109454
109454 15360 76624
15360 76624 109454
91200 12407 105081
12407 91200 105081
105081 12407 91200
104012 20428 36641
20428 36641 104012
36641 20428 104012
109101 3209 74427
74427 3209 109101
3209 74427 109101
24705 66151 94652
94652 24705 66151
66151 24705 94652
52559 68824 122764
122764 52559 68824
68824 52559 122764
22810 69357 147666
69357 22810 147666
147666 22810 69357
81023 17541 129335
129335 17541 81023
17541 81023 129335
144607 43325 103733
103733 43325 144607
43325 103733 144607
36851 41049 127127
127127 36851 41049
41049 36851 127127
120065 44735 133175
44735 120065 133175
133175 44735 120065
8560 99560 142799
99560 8560 142799
142799 8560 99560
137931 50602 60859
60859 50602 137931
50602 60859 137931
71427 52338 76238
76238 52338 71427
52338 71427 76238
2808 8749 75067
8749 2808 75067
75067 2808 8749
145058 721 15965
721 15965 145058
15965 721 145058
46184 52222 75041
75041 46184 52222
52222 46184 75041
138522 58720 77816
77816 58720 138522
58720 77816 138522
128981 1119 61988
1119 61988 128981
61988 1119 128981
29182 14822 51156
14822 29182 51156
51156 14822 29182
123506 45076 112227
112227 45076 123506
45076 112227 123506
47251 11473 68601
68601 11473 47251
11473 47251 68601
9713 80656 119489
119489 9713 80656
80656 9713 119489
465 92547 104984
104984 465 92547
92547 465 104984
81660 88994 117119
88994 81660 117119
117119 81660 88994
36109 53881 69073
53881 36109 69073
69073 36109 53881
77546 4047 145258
145258 4047 77546
4047 77546 145258
105300 33504 119813
33504 105300 119813
119813 33504 105300
80596 128458 141904
141904 80596 128458
128458 80596 141904
67341 77524 117231
117231 67341 77524
77524 67341 117231
95587 3437 5779
3437 5779 95587
5779 3437 95587
82752 102197 108758
102197 82752 108758
108758 82752 102197
138268 42495 128684
128684 42495 138268
42495 128684 138268
115319 31585 74261
74261 31585 115319
31585 74261 115319
60252 20484 124705
20484 60252 124705
124705 20484 60252
96256 80266 82316
80266 82316 96256
82316 80266 96256
85598 41626 83038
41626 83038 85598
83038 41626 85598
16467 66233 129440
129440 16467 66233
66233 16467 129440
95125 31543 105965
31543 95125 105965
105965 31543 95125
48985 51541 83014
51541 48985 83014
83014 48985 51541
57392 37350 130796
37350 57392 130796
130796 37350 57392
136284 49003 143949
143949 49003 136284
49003 136284 143949
144892 31763 126201
126201 31763 144892
31763 126201 144892
72080 39818 89130
39818 72080 89130
89130 39818 72080
70961 94528 96112
94528 70961 96112
96112 70961 94528
52085 14422 22415
14422 22415 52085
22415 14422 52085
26154 9313 139843
9313 26154 139843
139843 9313 26154
24725 64487 111555
111555 24725 64487
64487 24725 111555
136917 18196 63206
18196 63206 136917
63206 18196 136917
4471 73783 92022
73783 4471 92022
92022 4471 73783
18482 1037 143036
1037 18482 143036
143036 1037 18482
66808 22265 116011
22265 66808 116011
116011 22265 66808
66820 74614 108004
108004 66820 74614
74614 66820 108004
15040 54318 142195
54318 15040 142195
142195 15040 54318
40705 73248 92550
73248 40705 92550
92550 40705 73248
4957 78901 98027
78901 4957 98027
98027 4957 78901
141740 53491 91665
91665 53491 141740
53491 91665 141740
21301 76950 120692
120692 21301 76950
76950 21301 120692
68867 77797 102746
77797 68867 102746
102746 68867 77797
109096 2139 108025
108025 2139 109096
2139 108025 109096
120600 57331 70107
70107 57331 120600
57331 70107 120600
47116 46106 69457
46106 47116 69457
69457 46106 47116
38587 9036 68361
9036 38587 68361
68361 9036 38587
143476 49481 85936
85936 49481 143476
49481 85936 143476
142013 93226 93355
93226 93355 142013
93355 93226 142013
64791 21930 48994
21930 48994 64791
48994 21930 64791
141837 49341 138673
49341 138673 141837
138673 49341 141837
99239 80844 116380
116380 80844 99239
80844 99239 116380
44632 50066 146276
50066 44632 146276
146276 44632 50066
15869 136805 147244
136805 15869 147244
147244 15869 136805
109692 82324 125226
125226 82324 109692
82324 109692 125226
22932 48602 103870
103870 22932 48602
48602 22932 103870
104045 98675 113978
113978 98675 104045
98675 104045 113978
113640 16187 76607
16187 76607 113640
76607 16187 113640
80527 24281 51102
24281 51102 80527
51102 24281 80527
102366 128910 136237
128910 102366 136237
136237 102366 128910
72456 130002 143049
130002 72456 143049
143049 72456 130002
109349 17102 58578
58578 17102 109349
17102 58578 109349
9995 80823 143169
80823 9995 143169
143169 9995 80823
85790 58871 128425
128425 58871 85790
58871 85790 128425
121982 43720 84971
84971 43720 121982
43720 84971 121982
90720 39995 59138
59138 39995 90720
39995 59138 90720
129209 14572 34069
34069 14572 129209
14572 34069 129209
68535 41899 59616
41899 59616 68535
59616 41899 68535
14207 17353 99934
99934 14207 17353
17353 14207 99934
105190 82525 136080
82525 105190 136080
136080 82525 105190
13029 36138 74899
36138 13029 74899
74899 13029 36138
40376 119582 122287
119582 40376 122287
122287 40376 119582
70853 39569 148342
148342 39569 70853
39569 70853 148342
17909 15312 123283
15312 17909 123283
123283 15312 17909
58405 91530 102908
102908 58405 91530
91530 58405 102908
149461 125551 126362
125551 126362 149461
126362 125551 149461
82435 35943 58918
35943 58918 82435
58918 35943 82435
134828 42762 50165
50165 42762 134828
42762 50165 134828
130956 1931 65437
65437 1931 130956
1931 65437 130956
123321 3820 147815
3820 123321 147815
147815 3820 123321
45356 71428 143300
143300 45356 71428
71428 45356 143300
101930 49752 79086
49752 79086 101930
79086 49752 101930
142120 21854 22515
22515 21854 142120
21854 22515 142120
137224 52114 79990
52114 79990 137224
79990 52114 137224
111062 2493 130414
2493 111062 130414
130414 2493 111062
22178 89377 134438
89377 22178 134438
134438 22178 89377
121358 47411 50962
50962 47411 121358
47411 50962 121358
118355 94614 109620
109620 94614 118355
94614 109620 118355
97747 109068 131705
109068 97747 131705
131705 97747 109068
19203 45118 105929
45118 19203 105929
105929 19203 45118
55010 45456 124227
124227 45456 55010
45456 55010 124227
127732 68034 107121
68034 107121 127732
107121 68034 127732
89310 37602 119749
37602 89310 119749
119749 37602 89310
91614 30146 126926
126926 30146 91614
30146 91614 126926
52942 73243 119199
73243 52942 119199
119199 52942 73243
27848 59178 72839
59178 27848 72839
72839 27848 59178
100831 23756 62059
62059 23756 100831
23756 62059 100831
77667 37238 98893
37238 77667 98893
98893 37238 77667
104394 39513 59298
59298 39513 104394
39513 59298 104394
20253 115484 137829
137829 20253 115484
115484 20253 137829
32905 34343 53064
53064 32905 34343
34343 32905 53064
9765 58035 59275
58035 9765 59275
59275 9765 58035
28549 13496 75023
13496 28549 75023
75023 13496 28549
60360 68262 122768
68262 60360 122768
122768 60360 68262
33516 30131 53484
30131 33516 53484
53484 30131 33516
104233 58268 67166
67166 58268 104233
58268 67166 104233
121930 39437 79775
39437 79775 121930
79775 39437 121930
73832 117254 136063
136063 73832 117254
117254 73832 136063
16570 48463 113983
48463 16570 113983
113983 16570 48463
26125 36587 54942
36587 26125 54942
54942 26125 36587
135279 16173 50923
50923 16173 135279
16173 50923 135279
103119 45040 146079
146079 45040 103119
45040 103119 146079
6580 96359 100365
100365 6580 96359
96359 6580 100365
92823 6009 62648
62648 6009 92823
6009 62648 92823
83674 128646 136460
136460 83674 128646
128646 83674 136460
48067 105465 122623
105465 48067 122623
122623 48067 105465
34453 123352 141969
123352 34453 141969
141969 34453 123352
145624 2787 49083
49083 2787 145624
2787 49083 145624
22310 55448 111637
111637 22310 55448
55448 22310 111637
121538 126701 131081
131081 121538 126701
126701 121538 131081
87353 27250 57204
27250 57204 87353
57204 27250 87353
19240 8611 42291
8611 19240 42291
42291 8611 19240
26296 29118 85087
85087 26296 29118
29118 26296 85087
85355 98646 111591
98646 85355 111591
111591 85355 98646
126012 34817 112559
112559 34817 126012
34817 112559 126012
9030 9338 135925
135925 9030 9338
9338 9030 135925
68453 45943 75697
45943 68453 75697
75697 45943 68453
79980 31321 77205
77205 31321 79980
31321 77205 79980
3581 16942 73780
73780 3581 16942
16942 3581 73780
78449 106703 136919
136919 78449 106703
106703 78449 136919
68896 6352 133368
6352 68896 133368
133368 6352 68896
17179 5383 41082
41082 5383 17179
5383 17179 41082
123918 145315 149399
145315 123918 149399
149399 123918 145315
117749 44751 119998
44751 117749 119998
119998 44751 117749
142608 29164 119100
29164 119100 142608
119100 29164 142608
70473 97205 130074
130074 70473 97205
97205 70473 130074
6082 78067 119946
78067 6082 119946
119946 6082 78067
45849 103146 121449
103146 45849 121449
121449 45849 103146
127950 6915 138179
6915 127950 138179
138179 6915 127950
78340 45995 82873
82873 45995 78340
45995 78340 82873
64308 44027 101609
44027 64308 101609
101609 44027 64308
25870 55183 67431
67431 25870 55183
55183 25870 67431
33030 18843 57053
18843 33030 57053
57053 18843 33030
54297 14671 139288
14671 54297 139288
139288 14671 54297
80899 17371 66648
66648 17371 80899
17371 66648 80899
130202 86504 119320
119320 86504 130202
86504 119320 130202
64511 77909 148936
148936 64511 77909
77909 64511 148936
96386 35738 89162
35738 89162 96386
89162 35738 96386
75943 17997 122766
17997 75943 122766
122766 17997 75943
118517 63148 116722
116722 63148 118517
63148 116722 118517
15692 116500 126089
126089 15692 116500
116500 15692 126089
52234 23497 131793
131793 23497 52234
23497 52234 131793
83978 72066 130324
130324 72066 83978
72066 83978 130324
20144 49521 115829
49521 20144 115829
115829 20144 49521
101091 40902 101487
101487 40902 101091
40902 101091 101487
9690 102169 146987
102169 9690 146987
146987 9690 102169
141122 122322 141635
122322 141122 141635
141635 122322 141122
107838 46099 86659
46099 86659 107838
86659 46099 107838
55007 20999 75890
20999 55007 75890
75890 20999 55007
32272 15928 84733
84733 15928 32272
15928 32272 84733
19548 48862 130407
130407 19548 48862
48862 19548 130407
108683 58308 121582
121582 58308 108683
58308 108683 121582
106825 31284 137496
31284 106825 137496
137496 31284 106825
123522 74750 146766
146766 74750 123522
74750 123522 146766
130619 72828 125451
125451 72828 130619
72828 125451 130619
24164 46961 104060
104060 24164 46961
46961 24164 104060
65189 35756 71194
35756 65189 71194
71194 35756 65189
88775 47270 100447
100447 47270 88775
47270 88775 100447
26351 95913 120211
120211 26351 95913
95913 26351 120211
84607 5299 51809
5299 51809 84607
51809 5299 84607
115362 3828 143798
143798 3828 115362
3828 115362 143798
148658 23914 96876
23914 96876 148658
96876 23914 148658
70391 78301 123122
78301 70391 123122
123122 70391 78301
21384 105569 111309
105569 21384 111309
111309 21384 105569
1283 3823 75429
75429 1283 3823
3823 1283 75429
45312 136119 142423
136119 45312 142423
142423 45312 136119
140483 75578 146922
75578 140483 146922
146922 75578 140483
48566 83150 108362
108362 48566 83150
83150 48566 108362
39177 99981 107635
107635 39177 99981
99981 39177 107635
77079 8234 121744
8234 77079 121744
121744 8234 77079
118799 1557 18272
1557 18272 118799
18272 1557 118799
148908 62577 93930
93930 62577 148908
62577 93930 148908
34001 80638 118646
80638 34001 118646
118646 34001 80638
131653 2179 16794
16794 2179 131653
2179 16794 131653
55374 11862 97118
97118 11862 55374
11862 55374 97118
81863 53341 120993
120993 53341 81863
53341 81863 120993
30232 44221 147249
147249 30232 44221
44221 30232 147249
88317 35325 46631
35325 46631 88317
46631 35325 88317
18413 127767 145634
127767 18413 145634
145634 18413 127767
143601 20673 109045
20673 109045 143601
109045 20673 143601
147676 33683 51682
51682 33683 147676
33683 51682 147676
10275 57765 131035
131035 10275 57765
57765 10275 131035
138648 42768 117980
117980 42768 138648
42768 117980 138648
104286 107691 122058
107691 104286 122058
122058 104286 107691
143199 7917 39782
7917 39782 143199
39782 7917 143199
2829 26976 63246
26976 2829 63246
63246 2829 26976
12296 27983 104971
104971 12296 27983
27983 12296 104971
36462 23341 89869
89869 23341 36462
23341 36462 89869
67896 6592 66035
6592 66035 67896
66035 6592 67896
127951 38924 66793
38924 66793 127951
66793 38924 127951
93019 80787 143270
143270 80787 93019
80787 93019 143270
56887 60482 92920
92920 56887 60482
60482 56887 92920
113753 35282 72244
35282 72244 113753
72244 35282 113753
136417 80967 144010
80967 136417 144010
144010 80967 136417
48196 79589 110127
110127 48196 79589
79589 48196 110127
109976 2683 11812
2683 11812 109976
11812 2683 109976
84426 2859 44142
44142 2859 84426
2859 44142 84426
30896 80523 116578
116578 30896 80523
80523 30896 116578
86122 55916 117768
117768 55916 86122
55916 86122 117768
13488 24977 124640
24977 13488 124640
124640 13488 24977
115009 20638 119980
20638 115009 119980
119980 20638 115009
5982 132606 147816
132606 5982 147816
147816 5982 132606
86464 106874 125485
106874 86464 125485
125485 86464 106874
96472 15140 144038
144038 15140 96472
15140 96472 144038
139294 50288 118362
118362 50288 139294
50288 118362 139294
120118 8288 124533
8288 120118 124533
124533 8288 120118
31046 62201 139355
62201 31046 139355
139355 31046 62201
147756 110730 125406
125406 110730 147756
110730 125406 147756
143235 67761 138651
138651 67761 143235
67761 138651 143235
54066 53780 138078
138078 53780 54066
53780 54066 138078
75675 97499 140299
140299 75675 97499
97499 75675 140299
86999 27087 142644
27087 86999 142644
142644 27087 86999
135905 98895 146049
98895 135905 146049
146049 98895 135905
120686 7554 21825
21825 7554 120686
7554 21825 120686
64350 13511 70608
13511 64350 70608
70608 13511 64350
10228 18366 101817
101817 10228 18366
18366 10228 101817
67210 72120 135173
72120 67210 135173
135173 67210 72120
26956 109520 121096
121096 26956 109520
109520 26956 121096
129579 42707 112565
112565 42707 129579
42707 112565 129579
113437 868 134803
868 113437 134803
134803 868 113437
114371 15196 43416
43416 15196 114371
15196 43416 114371
28108 65064 148988
65064 28108 148988
148988 28108 65064
87449 49985 136832
49985 87449 136832
136832 49985 87449
10978 109797 135847
109797 10978 135847
135847 10978 109797
27284 22083 25856
25856 22083 27284
22083 25856 27284
142307 28915 63950
63950 28915 142307
28915 63950 142307
69099 4148 136209
136209 4148 69099
4148 69099 136209
62807 15374 62000
62000 15374 62807
15374 62000 62807
148312 8715 90977
8715 90977 148312
90977 8715 148312
1528 52531 134119
52531 1528 134119
134119 1528 52531
25567 735 4176
735 4176 25567
4176 735 25567
101094 119239 134733
134733 101094 119239
119239 101094 134733
92367 35665 83792
35665 83792 92367
83792 35665 92367
128111 54860 62897
54860 62897 128111
62897 54860 128111
97803 18612 73834
18612 73834 97803
73834 18612 97803
104318 11017 98291
98291 11017 104318
11017 98291 104318
55556 32297 86474
86474 32297 55556
32297 55556 86474
73123 6727 105185
105185 6727 73123
6727 73123 105185
64157 46786 65764
46786 64157 65764
65764 46786 64157
63657 74549 147669
74549 63657 147669
147669 63657 74549
66540 61437 123719
61437 66540 123719
123719 61437 66540
58692 118846 148304
148304 58692 118846
118846 58692 148304
89800 59493 66307
66307 59493 89800
59493 66307 89800
146279 4431 93035
93035 4431 146279
4431 93035 146279
119981 96216 117959
96216 117959 119981
117959 96216 119981
85503 1483 95381
1483 85503 95381
95381 1483 85503
50985 79048 122433
122433 50985 79048
79048 50985 122433
32034 26473 102211
26473 32034 102211
102211 26473 32034
34468 63816 129111
63816 34468 129111
129111 34468 63816
45797 67960 129827
129827 45797 67960
67960 45797 129827
105554 46509 46537
46537 46509 105554
46509 46537 105554
87311 28054 74813
28054 74813 87311
74813 28054 87311
2751 33794 42480
42480 2751 33794
33794 2751 42480
48822 16244 92310
92310 16244 48822
16244 48822 92310
43166 95533 129275
129275 43166 95533
95533 43166 129275
63661 23943 27418
23943 27418 63661
27418 23943 63661
130884 64032 83724
83724 64032 130884
64032 83724 130884
53603 8121 54557
54557 8121 53603
8121 53603 54557
64777 13576 72682
13576 64777 72682
72682 13576 64777
123875 28046 120268
120268 28046 123875
28046 120268 123875
116706 107312 120396
120396 107312 116706
107312 116706 120396
105079 45209 140190
45209 105079 140190
140190 45209 105079
80918 105195 111168
105195 80918 111168
111168 80918 105195
72307 49160 135192
49160 72307 135192
135192 49160 72307
61931 91118 107702
107702 61931 91118
91118 61931 107702
113029 13249 134443
134443 13249 113029
13249 113029 134443
63160 20280 113656
20280 63160 113656
113656 20280 63160
98064 24499 64012
24499 64012 98064
64012 24499 98064
124930 12541 146800
12541 124930 146800
146800 12541 124930
31377 18584 126873
18584 31377 126873
126873 18584 31377
123515 89716 129864
129864 89716 123515
89716 123515 129864
140737 16116 98861
98861 16116 140737
16116 98861 140737
127427 41805 101192
41805 101192 127427
101192 41805 127427
145705 22443 128212
128212 22443 145705
22443 128212 145705
5561 98233 133302
98233 5561 133302
133302 5561 98233
108344 102289 129259
102289 108344 129259
129259 102289 108344
117874 48050 110250
48050 110250 117874
110250 48050 117874
121818 16148 35437
35437 16148 121818
16148 35437 121818
70432 62837 145205
62837 70432 145205
145205 62837 70432
84954 6978 138146
6978 84954 138146
138146 6978 84954
62301 42841 58239
42841 58239 62301
58239 42841 62301
23869 28049 101353
28049 23869 101353
101353 23869 28049
42214 24863 101866
101866 24863 42214
24863 42214 101866
76501 37265 114011
37265 76501 114011
114011 37265 76501
37345 21834 30470
30470 21834 37345
21834 30470 37345
39 71343 103070
71343 39 103070
103070 39 71343
88133 66651 66762
66651 66762 88133
66762 66651 88133
44818 107704 144382
144382 44818 107704
107704 44818 144382
56569 30535 42171
42171 30535 56569
30535 42171 56569
99069 92037 110895
110895 92037 99069
92037 99069 110895
97057 54283 125950
54283 97057 125950
125950 54283 97057
127505 8273 38780
38780 8273 127505
8273 38780 127505
65403 34131 147169
147169 34131 65403
34131 65403 147169
15923 64544 95796
64544 15923 95796
95796 15923 64544
79413 64810 104768
104768 64810 79413
64810 79413 104768
37916 53403 79134
53403 37916 79134
79134 37916 53403
31173 302 93507
302 31173 93507
93507 302 31173
90833 43006 46376
46376 43006 90833
43006 46376 90833
129401 19579 117636
19579 117636 129401
117636 19579 129401
44137 32853 54215
54215 32853 44137
32853 44137 54215
62949 81916 134130
134130 62949 81916
81916 62949 134130
114871 78912 100256
78912 100256 114871
100256 78912 114871
33641 38070 77855
77855 33641 38070
38070 33641 77855
28732 102414 118300
118300 28732 102414
102414 28732 118300
35742 79033 108196
79033 35742 108196
108196 35742 79033
107576 4327 125213
4327 107576 125213
125213 4327 107576
54487 40283 102164
102164 40283 54487
40283 54487 102164
70934 101453 113420
113420 70934 101453
101453 70934 113420
35116 63156 102577
102577 35116 63156
63156 35116 102577
56189 20045 30621
20045 30621 56189
30621 20045 56189
51735 16997 117225
16997 51735 117225
117225 16997 51735
6608 15121 103254
103254 6608 15121
15121 6608 103254
111546 22416 89171
89171 22416 111546
22416 89171 111546
65348 102004 132461
102004 65348 132461
132461 65348 102004
28119 40817 95706
95706 28119 40817
40817 28119 95706
64312 31980 143307
31980 64312 143307
143307 31980 64312
82997 48716 134271
134271 48716 82997
48716 82997 134271
96410 60363 104499
60363 96410 104499
104499 60363 96410
74854 31660 122379
31660 74854 122379
122379 31660 74854
37917 55897 98241
98241 37917 55897
55897 37917 98241
44459 42733 126544
42733 44459 126544
126544 42733 44459
3439 44224 136192
136192 3439 44224
44224 3439 136192
54922 31577 54929
54929 31577 54922
31577 54922 54929
133848 123423 149651
123423 133848 149651
149651 123423 133848
77645 129895 139432
129895 77645 139432
139432 77645 129895
144657 58278 115282
58278 115282 144657
115282 58278 144657
75031 63476 79700
63476 75031 79700
79700 63476 75031
58142 77031 121473
121473 58142 77031
77031 58142 121473
79632 31184 82287
31184 79632 82287
82287 31184 79632
134656 26032 121924
121924 26032 134656
26032 121924 134656
68184 3050 100649
100649 3050 68184
3050 68184 100649
60230 35379 51486
51486 35379 60230
35379 51486 60230
121094 18360 100111
18360 100111 121094
100111 18360 121094
19520 21711 139133
21711 19520 139133
139133 19520 21711
78086 5879 100657
100657 5879 78086
5879 78086 100657
84162 130843 134927
130843 84162 134927
134927 84162 130843
125872 88 17166
17166 88 125872
88 17166 125872
91570 29173 64698
64698 29173 91570
29173 64698 91570
90883 17396 109481
109481 17396 90883
17396 90883 109481
49346 74931 101235
74931 49346 101235
101235 49346 74931
45741 6375 80837
80837 6375 45741
6375 45741 80837
42239 20737 69444
69444 20737 42239
20737 42239 69444
15377 65026 88680
65026 15377 88680
88680 15377 65026
51142 70137 109973
109973 51142 70137
70137 51142 109973
15760 8983 47805
47805 8983 15760
8983 15760 47805
19748 36085 53677
53677 19748 36085
36085 19748 53677
128179 56712 81545
56712 81545 128179
81545 56712 128179
96046 63190 108823
63190 96046 108823
108823 63190 96046
40232 26468 141417
26468 40232 141417
141417 26468 40232
40523 9415 99353
9415 40523 99353
99353 9415 40523
58291 72173 142096
72173 58291 142096
142096 58291 72173
34157 62078 99638
99638 34157 62078
62078 34157 99638
42516 22962 99326
99326 22962 42516
22962 42516 99326
12286 138130 139835
138130 12286 139835
139835 12286 138130
35075 74042 93900
93900 35075 74042
74042 35075 93900
147380 6315 90213
6315 90213 147380
90213 6315 147380
131020 6623 7096
7096 6623 131020
6623 7096 131020
15584 28053 81228
28053 15584 81228
81228 15584 28053
119977 12354 43751
12354 43751 119977
43751 12354 119977
93901 64816 124844
64816 93901 124844
124844 64816 93901
17892 115633 139970
115633 17892 139970
139970 17892 115633
49937 14654 54287
54287 14654 49937
14654 49937 54287
122361 86779 110141
110141 86779 122361
86779 110141 122361
44556 120216 124511
124511 44556 120216
120216 44556 124511
126992 83179 105041
105041 83179 126992
83179 105041 126992
21654 30345 122408
122408 21654 30345
30345 21654 122408
103291 27546 90439
27546 90439 103291
90439 27546 103291
25733 38130 68057
38130 25733 68057
68057 25733 38130
102838 114289 147535
147535 102838 114289
114289 102838 147535
86371 31476 96383
96383 31476 86371
31476 86371 96383
86761 54083 126758
126758 54083 86761
54083 86761 126758
58716 93472 116502
116502 58716 93472
93472 58716 116502
4853 127796 135214
127796 4853 135214
135214 4853 127796
134026 29348 38495
38495 29348 134026
29348 38495 134026
51822 82482 95426
82482 51822 95426
95426 51822 82482
52640 99327 119104
119104 52640 99327
99327 52640 119104
135303 86375 133308
86375 133308 135303
133308 86375 135303
76375 80084 87976
87976 76375 80084
80084 76375 87976
32036 68516 145870
145870 32036 68516
68516 32036 145870
83316 410 107368
410 83316 107368
107368 410 83316
3966 70443 124109
70443 3966 124109
124109 3966 70443
7186 74837 100445
100445 7186 74837
74837 7186 100445
135604 15748 59636
15748 59636 135604
59636 15748 135604
49066 117327 130355
117327 49066 130355
130355 49066 117327
42832 9081 41180
41180 9081 42832
9081 41180 42832
124102 55576 71266
55576 71266 124102
71266 55576 124102
1936 34034 143124
34034 1936 143124
143124 1936 34034
89314 27665 90477
27665 89314 90477
90477 27665 89314
24807 91888 143509
143509 24807 91888
91888 24807 143509
75104 3838 94444
3838 75104 94444
94444 3838 75104
145553 91446 140779
91446 140779 145553
140779 91446 145553
62080 62917 114611
62917 62080 114611
114611 62080 62917
49686 66607 115977
66607 49686 115977
115977 49686 66607
74192 35381 130645
35381 74192 130645
130645 35381 74192
54691 32801 139076
139076 32801 54691
32801 54691 139076
62224 92247 144670
92247 62224 144670
144670 62224 92247
148537 33048 139687
139687 33048 148537
33048 139687 148537
31792 12448 73665
12448 31792 73665
73665 12448 31792
78709 135755 136262
136262 78709 135755
135755 78709 136262
149830 53843 129547
53843 129547 149830
129547 53843 149830
18433 9666 58523
9666 18433 58523
58523 9666 18433
83576 215 47958
47958 215 83576
215 47958 83576
121634 29841 85235
29841 85235 121634
85235 29841 121634
41133 84172 147041
84172 41133 147041
147041 41133 84172
100229 4265 88706
4265 88706 100229
88706 4265 100229
30031 91948 121690
121690 30031 91948
91948 30031 121690
47369 125633 142582
125633 47369 142582
142582 47369 125633
88638 75090 149670
75090 88638 149670
149670 75090 88638
88356 71564 94912
71564 88356 94912
94912 71564 88356
75558 55224 88330
55224 75558 88330
88330 55224 75558
142688 74340 105427
105427 74340 142688
74340 105427 142688
16011 42755 130625
130625 16011 42755
42755 16011 130625
97180 3327 63325
3327 63325 97180
63325 3327 97180
148103 51969 136924
136924 51969 148103
51969 136924 148103
65821 32760 63493
32760 63493 65821
63493 32760 65821
9162 88989 89858
89858 9162 88989
88989 9162 89858
14180 28467 55905
55905 14180 28467
28467 14180 55905
63829 77071 112449
77071 63829 112449
112449 63829 77071
98758 20115 95478
95478 20115 98758
20115 95478 98758
25825 31236 144506
144506 25825 31236
31236 25825 144506
132205 54581 94950
94950 54581 132205
54581 94950 132205
51604 100567 112939
100567 51604 112939
112939 51604 100567
81041 7676 82226
7676 81041 82226
82226 7676 81041
107481 38428 144696
38428 107481 144696
144696 38428 107481
68524 24672 79024
24672 68524 79024
79024 24672 68524
108983 29378 65849
29378 65849 108983
65849 29378 108983
82694 7818 37022
7818 37022 82694
37022 7818 82694
126501 80407 112016
80407 112016 126501
112016 80407 126501
14334 23393 25528
23393 14334 25528
25528 14334 23393
120640 66827 118966
66827 118966 120640
118966 66827 120640
147769 128736 133410
128736 133410 147769
133410 128736 147769
78371 134874 138654
134874 78371 138654
138654 78371 134874
14482 13028 108794
13028 14482 108794
108794 13028 14482
100618 118441 124650
118441 100618 124650
124650 100618 118441
139424 19251 111380
19251 111380 139424
111380 19251 139424
49404 41402 147853
147853 41402 49404
41402 49404 147853
62927 11150 29356
11150 29356 62927
29356 11150 62927
116045 44633 143438
143438 44633 116045
44633 116045 143438
56986 7146 116473
116473 7146 56986
7146 56986 116473
106465 29883 117339
117339 29883 106465
29883 106465 117339
58127 90083 136908
90083 58127 136908
136908 58127 90083
50359 12528 85983
85983 12528 50359
12528 50359 85983
57264 2430 65860
65860 2430 57264
2430 57264 65860
29958 28408 86499
86499 28408 29958
28408 29958 86499
41156 94312 94681
94312 41156 94681
94681 41156 94312
31709 4889 144581
144581 4889 31709
4889 31709 144581
10824 123890 124872
123890 10824 124872
124872 10824 123890
384 10003 107407
107407 384 10003
10003 384 107407
74693 40688 47114
40688 47114 74693
47114 40688 74693
146787 7993 72087
72087 7993 146787
7993 72087 146787
21401 31802 129205
129205 21401 31802
31802 21401 129205
73622 40721 144163
40721 73622 144163
144163 40721 73622
16534 58861 133729
58861 16534 133729
133729 16534 58861
147289 72819 77641
72819 77641 147289
77641 72819 147289
11075 18344 123366
18344 11075 123366
123366 11075 18344
19783 77242 95367
77242 19783 95367
95367 19783 77242
145191 132778 149322
132778 145191 149322
149322 132778 145191
142672 30732 125127
30732 125127 142672
125127 30732 142672
93940 26504 92760
26504 92760 93940
92760 26504 93940
63799 59568 76832
76832 59568 63799
59568 63799 76832
74037 85441 114894
114894 74037 85441
85441 74037 114894
119186 29186 47744
29186 47744 119186
47744 29186 119186
59256 26213 94507
26213 59256 94507
94507 26213 59256
67532 58370 105535
105535 58370 67532
58370 67532 105535
34406 86892 112143
112143 34406 86892
86892 34406 112143
66140 46117 112477
46117 66140 112477
112477 46117 66140
8204 51069 53711
51069 8204 53711
53711 8204 51069
33482 38109 110240
110240 33482 38109
38109 33482 110240
84073 82787 140883
82787 84073 140883
140883 82787 84073
2324 39706 129681
129681 2324 39706
39706 2324 129681
99591 109579 117528
109579 99591 117528
117528 99591 109579
60203 9511 74465
74465 9511 60203
9511 60203 74465
5854 31990 111545
31990 5854 111545
111545 5854 31990
4081 47845 107894
47845 4081 107894
107894 4081 47845
95907 45136 89697
45136 89697 95907
89697 45136 95907
101234 29583 144181
144181 29583 101234
29583 101234 144181
86273 50820 130066
130066 50820 86273
50820 86273 130066
81936 684 52619
684 52619 81936
52619 684 81936
131169 8574 20102
20102 8574 131169
8574 20102 131169
96376 40426 134003
40426 96376 134003
134003 40426 96376
123422 54125 75740
54125 75740 123422
75740 54125 123422
136175 47129 94425
47129 94425 136175
94425 47129 136175
136954 12019 117486
12019 117486 136954
117486 12019 136954
113125 86775 96314
96314 86775 113125
86775 96314 113125
127610 38272 128967
38272 127610 128967
128967 38272 127610
59098 24465 30473
24465 30473 59098
30473 24465 59098
97655 17296 86521
86521 17296 97655
17296 86521 97655
87497 59922 115850
59922 87497 115850
115850 59922 87497
73923 9895 51516
9895 51516 73923
51516 9895 73923
46 39655 110424
39655 46 110424
110424 46 39655
149449 13900 138039
13900 138039 149449
138039 13900 149449
13788 53929 123016
53929 13788 123016
123016 13788 53929
122991 38206 128233
128233 38206 122991
38206 122991 128233
69828 22496 32410
22496 32410 69828
32410 22496 69828
117681 13497 79075
13497 79075 117681
79075 13497 117681
70953 60993 79398
60993 70953 79398
79398 60993 70953
133547 39430 148438
148438 39430 133547
39430 133547 148438
20675 48367 86687
86687 20675 48367
48367 20675 86687
51072 48434 53900
53900 48434 51072
48434 51072 53900
49303 2463 46584
46584 2463 49303
2463 46584 49303
145879 2372 106509
2372 106509 145879
106509 2372 145879
83638 70569 97026
97026 70569 83638
70569 83638 97026
102647 81767 90819
81767 90819 102647
90819 81767 102647
140833 63372 81194
63372 81194 140833
81194 63372 140833
61114 39650 54715
39650 54715 61114
54715 39650 61114
116171 40881 120093
40881 116171 120093
120093 40881 116171
141200 61311 70896
70896 61311 141200
61311 70896 141200
129140 86044 141499
141499 86044 129140
86044 129140 141499
81741 51775 134974
134974 51775 81741
51775 81741 134974
97765 22801 134585
134585 22801 97765
22801 97765 134585
24296 40504 108954
108954 24296 40504
40504 24296 108954
67023 61002 104484
104484 61002 67023
61002 67023 104484
146919 130073 134744
134744 130073 146919
130073 134744 146919
44051 13215 26593
26593 13215 44051
13215 26593 44051
92426 77251 96986
96986 77251 92426
77251 92426 96986
27762 26784 111724
111724 26784 27762
26784 27762 111724
25232 35608 116558
116558 25232 35608
35608 25232 116558
126080 30605 57058
30605 57058 126080
57058 30605 126080
39133 121172 147414
121172 39133 147414
147414 39133 121172
10964 78758 98826
78758 10964 98826
98826 10964 78758
110472 6115 23171
23171 6115 110472
6115 23171 110472
132076 40711 119178
119178 40711 132076
40711 119178 132076
96715 106130 110099
106130 96715 110099
110099 96715 106130
67787 98035 146925
98035 67787 146925
146925 67787 98035
109915 33904 125796
125796 33904 109915
33904 109915 125796
145302 2488 33668
33668 2488 145302
2488 33668 145302
58709 5416 54981
54981 5416 58709
5416 54981 58709
65736 29017 81346
29017 65736 81346
81346 29017 65736
119162 64014 103260
103260 64014 119162
64014 103260 119162
121913 67316 76603
76603 67316 121913
67316 76603 121913
25814 31579 102069
102069 25814 31579
31579 25814 102069
32848 23918 133317
23918 32848 133317
133317 23918 32848
93597 24300 53513
53513 24300 93597
24300 53513 93597
61324 62471 109174
109174 61324 62471
62471 61324 109174
132449 54545 62696
62696 54545 132449
54545 62696 132449
4778 46189 114074
114074 4778 46189
46189 4778 114074
81890 95767 114878
95767 81890 114878
114878 81890 95767
126907 66506 92955
66506 92955 126907
92955 66506 126907
15469 17626 104015
104015 15469 17626
17626 15469 104015
91837 16800 39357
16800 39357 91837
39357 16800 91837
82225 72001 108463
72001 82225 108463
108463 72001 82225
109236 90667 140177
90667 109236 140177
140177 90667 109236
81821 78465 125161
125161 78465 81821
78465 81821 125161
129659 80432 80682
80682 80432 129659
80432 80682 129659
13368 13514 31976
13514 13368 31976
31976 13368 13514
145530 15375 79826
79826 15375 145530
15375 79826 145530
127537 12264 112640
12264 112640 127537
112640 12264 127537
102261 36442 38910
36442 38910 102261
38910 36442 102261
44111 127071 131059
