113191 12580 16110
16110 12580 113191
12580 16110 113191
7833 69016 129808
129808 7833 69016
69016 7833 129808
3719 47197 149842
47197 3719 149842
149842 3719 47197
90210 5714 45648
5714 45648 90210
45648 5714 90210
30527 67739 142352
142352 30527 67739
67739 30527 142352
148485 22406 60555
60555 22406 148485
22406 60555 148485
128258 44665 86429
44665 86429 128258
86429 44665 128258
143774 23714 108848
23714 108848 143774
108848 23714 143774
108594 111066 146476
146476 108594 111066
111066 108594 146476
63005 50642 60132
50642 60132 63005
60132 50642 63005
148437 105130 128908
105130 128908 148437
128908 105130 148437
67727 91983 106172
91983 67727 106172
106172 67727 91983
131195 62660 107679
107679 62660 131195
62660 107679 131195
74959 18519 58335
18519 58335 74959
58335 18519 74959
140255 58112 148679
58112 140255 148679
148679 58112 140255
148404 63601 116387
116387 63601 148404
63601 116387 148404
37933 14981 82518
82518 14981 37933
14981 37933 82518
55946 23345 86820
86820 23345 55946
23345 55946 86820
85773 45257 129832
45257 85773 129832
129832 45257 85773
79039 35125 38215
35125 38215 79039
38215 35125 79039
76677 73669 99034
99034 73669 76677
73669 76677 99034
86068 102931 138950
102931 86068 138950
138950 86068 102931
82833 42076 131790
131790 42076 82833
42076 82833 131790
143654 4395 11450
11450 4395 143654
4395 11450 143654
39078 12179 34193
12179 34193 39078
34193 12179 39078
50009 118313 144138
144138 50009 118313
118313 50009 144138
82113 38830 68993
38830 68993 82113
68993 38830 82113
110718 30099 109572
109572 30099 110718
30099 109572 110718
111979 33213 102355
102355 33213 111979
33213 102355 111979
28970 36868 46671
46671 28970 36868
36868 28970 46671
38318 16733 61364
16733 38318 61364
61364 16733 38318
81769 19088 41609
19088 41609 81769
41609 19088 81769
108125 31410 86237
86237 31410 108125
31410 86237 108125
101857 89571 101874
89571 101857 101874
101874 89571 101857
141007 55505 105275
55505 105275 141007
105275 55505 141007
24435 77015 81430
77015 24435 81430
81430 24435 77015
55530 46725 65589
65589 46725 55530
46725 55530 65589
105987 44326 59215
44326 59215 105987
59215 44326 105987
133835 38983 109815
109815 38983 133835
38983 109815 133835
79526 39784 97730
39784 79526 97730
97730 39784 79526
120048 53136 88093
88093 53136 120048
53136 88093 120048
79364 54995 88926
54995 79364 88926
88926 54995 79364
13876 84179 85590
84179 13876 85590
85590 13876 84179
114627 58317 121623
58317 114627 121623
121623 58317 114627
116395 17783 80269
17783 80269 116395
80269 17783 116395
18726 58173 135977
135977 18726 58173
58173 18726 135977
130662 28496 133279
28496 130662 133279
133279 28496 130662
43603 96941 111189
111189 43603 96941
96941 43603 111189
21234 13494 102237
102237 13494 21234
13494 21234 102237
32314 100579 109965
109965 32314 100579
100579 32314 109965
119982 18823 41275
18823 41275 119982
41275 18823 119982
53657 29783 86924
86924 29783 53657
29783 53657 86924
139170 59386 139234
59386 139170 139234
139234 59386 139170
142034 135969 144907
144907 135969 142034
135969 142034 144907
39804 144467 148104
144467 39804 148104
148104 39804 144467
72221 42467 51097
51097 42467 72221
42467 51097 72221
138167 17413 50535
17413 50535 138167
50535 17413 138167
6401 46429 147117
147117 6401 46429
46429 6401 147117
33539 38633 77121
77121 33539 38633
38633 33539 77121
140128 2114 3784
3784 2114 140128
2114 3784 140128
114061 10079 93492
10079 93492 114061
93492 10079 114061
149320 40140 148315
148315 40140 149320
40140 148315 149320
117487 33668 98771
98771 33668 117487
33668 98771 117487
69919 117166 134007
117166 69919 134007
134007 69919 117166
46685 58748 89777
58748 46685 89777
89777 46685 58748
126762 53876 138701
138701 53876 126762
53876 126762 138701
7871 26503 55419
55419 7871 26503
26503 7871 55419
89424 21794 50763
50763 21794 89424
21794 50763 89424
2558 97360 107012
107012 2558 97360
97360 2558 107012
130909 62679 71522
62679 71522 130909
71522 62679 130909
82746 26733 70090
26733 70090 82746
70090 26733 82746
110618 13668 78922
13668 78922 110618
78922 13668 110618
74732 44632 149568
44632 74732 149568
149568 44632 74732
138831 61502 142935
61502 138831 142935
142935 61502 138831
117566 33597 102030
102030 33597 117566
33597 102030 117566
72250 69637 116918
69637 72250 116918
116918 69637 72250
23282 11133 142981
142981 11133 23282
11133 23282 142981
55212 86330 103728
86330 55212 103728
103728 55212 86330
80005 7112 33137
7112 33137 80005
33137 7112 80005
86873 86860 103050
86860 86873 103050
103050 86860 86873
97453 82932 134629
82932 97453 134629
134629 82932 97453
46195 9542 27726
27726 9542 46195
9542 27726 46195
49264 31627 67708
31627 49264 67708
67708 31627 49264
66391 46478 136279
46478 66391 136279
136279 46478 66391
108300 21538 77553
21538 77553 108300
77553 21538 108300
118725 72566 132155
72566 118725 132155
132155 72566 118725
142955 60520 93300
93300 60520 142955
60520 93300 142955
25259 80646 131309
80646 25259 131309
131309 25259 80646
107043 63598 142239
142239 63598 107043
63598 107043 142239
24199 106049 136557
136557 24199 106049
106049 24199 136557
33683 103908 148766
148766 33683 103908
103908 33683 148766
10245 4637 79624
79624 4637 10245
4637 10245 79624
54941 26226 40547
40547 26226 54941
26226 40547 54941
123650 32917 59263
59263 32917 123650
32917 59263 123650
91746 47574 121019
121019 47574 91746
47574 91746 121019
37790 3816 111472
3816 37790 111472
111472 3816 37790
125827 34976 145402
145402 34976 125827
34976 125827 145402
26650 36736 148653
36736 26650 148653
148653 26650 36736
27206 2540 3422
2540 3422 27206
3422 2540 27206
50687 63970 69377
63970 50687 69377
69377 50687 63970
131632 45328 100627
45328 100627 131632
100627 45328 131632
21188 54777 72980
54777 21188 72980
72980 21188 54777
127192 24924 142451
142451 24924 127192
24924 127192 142451
79302 17952 64764
64764 17952 79302
17952 64764 79302
40553 93696 115891
115891 40553 93696
93696 40553 115891
2212 71158 139260
71158 2212 139260
139260 2212 71158
73608 140137 148265
140137 73608 148265
148265 73608 140137
133075 7771 92203
92203 7771 133075
7771 92203 133075
79331 12640 58807
12640 58807 79331
58807 12640 79331
13665 76721 146680
76721 13665 146680
146680 13665 76721
130691 32962 103340
103340 32962 130691
32962 103340 130691
68133 64862 116852
116852 64862 68133
64862 68133 116852
61202 37927 91873
91873 37927 61202
37927 61202 91873
147965 137102 145734
137102 145734 147965
145734 137102 147965
16953 103523 116921
103523 16953 116921
116921 16953 103523
80020 27602 97769
97769 27602 80020
27602 80020 97769
8154 41900 101581
41900 8154 101581
101581 8154 41900
41671 87963 125812
125812 41671 87963
87963 41671 125812
16428 83131 104103
83131 16428 104103
104103 16428 83131
73869 76280 92563
92563 73869 76280
76280 73869 92563
120445 81087 129806
81087 120445 129806
129806 81087 120445
48769 120176 133201
120176 48769 133201
133201 48769 120176
122437 25818 94066
94066 25818 122437
25818 94066 122437
139963 35686 124172
35686 124172 139963
124172 35686 139963
71026 57056 134557
134557 57056 71026
57056 71026 134557
149209 113142 121827
121827 113142 149209
113142 121827 149209
58438 121391 139089
139089 58438 121391
121391 58438 139089
44442 31172 64184
64184 31172 44442
31172 44442 64184
45334 118374 128064
118374 45334 128064
128064 45334 118374
121319 32024 75424
32024 75424 121319
75424 32024 121319
93473 36156 149598
149598 36156 93473
36156 93473 149598
100214 37078 83159
83159 37078 100214
37078 83159 100214
66410 55546 84210
55546 66410 84210
84210 55546 66410
103779 54835 67235
54835 67235 103779
67235 54835 103779
944 75297 110679
75297 944 110679
110679 944 75297
130280 87498 104520
87498 104520 130280
104520 87498 130280
11208 50513 127218
50513 11208 127218
127218 11208 50513
32570 46920 137677
46920 32570 137677
137677 32570 46920
75477 84703 112220
112220 75477 84703
84703 75477 112220
104598 39368 86383
86383 39368 104598
39368 86383 104598
11021 14130 103253
103253 11021 14130
14130 11021 103253
144449 30206 80060
30206 80060 144449
80060 30206 144449
103019 8607 75493
8607 75493 103019
75493 8607 103019
108815 50010 118500
118500 50010 108815
50010 108815 118500
49165 63096 101141
101141 49165 63096
63096 49165 101141
116559 8878 55270
55270 8878 116559
8878 55270 116559
22719 51352 116509
116509 22719 51352
51352 22719 116509
98011 93282 98967
98967 93282 98011
93282 98011 98967
25101 43050 66365
66365 25101 43050
43050 25101 66365
88844 91252 122024
122024 88844 91252
91252 88844 122024
38378 29757 43188
43188 29757 38378
29757 38378 43188
146845 16333 80342
80342 16333 146845
16333 80342 146845
17332 18982 148702
18982 17332 148702
148702 17332 18982
84125 58969 72351
58969 72351 84125
72351 58969 84125
125438 45672 124622
45672 124622 125438
124622 45672 125438
103981 1966 82890
1966 82890 103981
82890 1966 103981
2493 25603 126251
25603 2493 126251
126251 2493 25603
134784 2117 80496
80496 2117 134784
2117 80496 134784
130244 91628 102278
91628 102278 130244
102278 91628 130244
45044 60169 144857
60169 45044 144857
144857 45044 60169
129941 63461 139110
63461 129941 139110
139110 63461 129941
131062 52281 135707
52281 131062 135707
135707 52281 131062
128206 81875 133139
81875 128206 133139
133139 81875 128206
185 62762 97745
62762 185 97745
97745 185 62762
77497 8340 37247
37247 8340 77497
8340 37247 77497
105980 10646 148705
148705 10646 105980
10646 105980 148705
144729 84307 94625
84307 94625 144729
94625 84307 144729
125512 54334 149288
54334 125512 149288
149288 54334 125512
45971 78707 102195
102195 45971 78707
78707 45971 102195
114290 114230 120238
120238 114230 114290
114230 114290 120238
145580 110045 129478
110045 129478 145580
129478 110045 145580
90942 35014 62933
62933 35014 90942
35014 62933 90942
59911 2933 91329
2933 59911 91329
91329 2933 59911
85255 4590 47291
47291 4590 85255
4590 47291 85255
1787 29991 119097
119097 1787 29991
29991 1787 119097
26737 105808 118928
118928 26737 105808
105808 26737 118928
37351 33019 50542
50542 33019 37351
33019 37351 50542
127924 1029 45253
45253 1029 127924
1029 45253 127924
143809 120546 143394
143394 120546 143809
120546 143394 143809
21639 8765 51968
51968 8765 21639
8765 21639 51968
22888 63314 146747
146747 22888 63314
63314 22888 146747
64226 43317 123569
43317 64226 123569
123569 43317 64226
88184 69815 71872
71872 69815 88184
69815 71872 88184
141755 16109 90047
16109 90047 141755
90047 16109 141755
75756 73520 122486
73520 75756 122486
122486 73520 75756
70510 51358 63648
63648 51358 70510
51358 63648 70510
119394 29820 131934
29820 119394 131934
131934 29820 119394
46398 85925 124889
85925 46398 124889
124889 46398 85925
111029 75837 149130
149130 75837 111029
75837 111029 149130
117484 23106 148209
23106 117484 148209
148209 23106 117484
55893 59704 129076
129076 55893 59704
59704 55893 129076
61303 26139 46886
46886 26139 61303
26139 46886 61303
108538 4132 118740
4132 108538 118740
118740 4132 108538
106847 75853 144944
144944 75853 106847
75853 106847 144944
28744 53090 115293
53090 28744 115293
115293 28744 53090
107107 44936 123755
123755 44936 107107
44936 107107 123755
40249 47011 52467
47011 40249 52467
52467 40249 47011
64461 33788 57885
33788 57885 64461
57885 33788 64461
92943 20540 57560
57560 20540 92943
20540 57560 92943
124996 76090 95239
95239 76090 124996
76090 95239 124996
92995 6557 7165
6557 7165 92995
7165 6557 92995
2499 39908 123075
39908 2499 123075
123075 2499 39908
139162 50835 148101
50835 139162 148101
148101 50835 139162
146391 17734 117598
17734 117598 146391
117598 17734 146391
30010 29693 70036
29693 30010 70036
70036 29693 30010
26455 1099 78755
78755 1099 26455
1099 26455 78755
119765 112045 119410
119410 112045 119765
112045 119410 119765
107346 12387 125280
12387 107346 125280
125280 12387 107346
110008 40721 84669
84669 40721 110008
40721 84669 110008
12626 86755 94568
86755 12626 94568
94568 12626 86755
50361 60390 125170
60390 50361 125170
125170 50361 60390
78875 78591 133803
78591 78875 133803
133803 78591 78875
141554 55404 127574
127574 55404 141554
55404 127574 141554
102318 54955 114141
114141 54955 102318
54955 102318 114141
128627 105479 120081
105479 120081 128627
120081 105479 128627
110070 123739 143071
143071 110070 123739
123739 110070 143071
128466 2528 125528
125528 2528 128466
2528 125528 128466
125673 75698 144156
75698 125673 144156
144156 75698 125673
9307 26728 106709
26728 9307 106709
106709 9307 26728
117211 122144 131795
122144 117211 131795
131795 117211 122144
4208 33892 117982
33892 4208 117982
117982 4208 33892
21489 114072 120354
120354 21489 114072
114072 21489 120354
43169 11548 93999
93999 11548 43169
11548 43169 93999
85173 38095 148414
38095 85173 148414
148414 38095 85173
125752 50876 51017
50876 51017 125752
51017 50876 125752
118432 31171 100696
100696 31171 118432
31171 100696 118432
74584 35 145331
145331 35 74584
35 74584 145331
140156 26363 75719
75719 26363 140156
26363 75719 140156
20482 19777 133464
19777 20482 133464
133464 19777 20482
3919 47157 132308
47157 3919 132308
132308 3919 47157
138082 17987 86124
86124 17987 138082
17987 86124 138082
39949 1973 67986
67986 1973 39949
1973 39949 67986
143956 31401 59481
59481 31401 143956
31401 59481 143956
127301 52727 112623
112623 52727 127301
52727 112623 127301
41403 55353 70917
55353 41403 70917
70917 41403 55353
73041 35663 112308
35663 73041 112308
112308 35663 73041
92208 33196 105726
33196 92208 105726
105726 33196 92208
126017 4650 28560
28560 4650 126017
4650 28560 126017
115183 29782 56604
29782 56604 115183
56604 29782 115183
64885 19371 58060
19371 58060 64885
58060 19371 64885
10223 96 101384
101384 96 10223
96 10223 101384
19520 12695 113176
12695 19520 113176
113176 12695 19520
99196 20762 30725
20762 30725 99196
30725 20762 99196
41672 95101 112863
95101 41672 112863
112863 41672 95101
23164 96079 125909
96079 23164 125909
125909 23164 96079
10728 5203 58840
58840 5203 10728
5203 10728 58840
69484 3890 138922
3890 69484 138922
138922 3890 69484
75063 2047 30563
30563 2047 75063
2047 30563 75063
105282 77527 97464
97464 77527 105282
77527 97464 105282
102997 21917 39707
21917 39707 102997
39707 21917 102997
25763 78728 81311
78728 25763 81311
81311 25763 78728
58223 56688 133573
133573 56688 58223
56688 58223 133573
143056 50089 81273
81273 50089 143056
50089 81273 143056
76075 43807 77845
43807 76075 77845
77845 43807 76075
120252 60806 69731
60806 69731 120252
69731 60806 120252
13569 42191 149000
42191 13569 149000
149000 13569 42191
54985 39101 82791
82791 39101 54985
39101 54985 82791
26123 56279 63094
56279 26123 63094
63094 26123 56279
67581 55213 146945
55213 67581 146945
146945 55213 67581
3337 67336 79583
67336 3337 79583
79583 3337 67336
39235 51184 142932
142932 39235 51184
51184 39235 142932
68627 6461 13199
6461 13199 68627
13199 6461 68627
15953 11002 70790
11002 15953 70790
70790 11002 15953
134861 14186 49237
49237 14186 134861
14186 49237 134861
26153 54944 59836
54944 26153 59836
59836 26153 54944
74697 61717 129141
129141 61717 74697
61717 74697 129141
118417 28081 123984
28081 118417 123984
123984 28081 118417
38436 22659 120720
120720 22659 38436
22659 38436 120720
100429 9581 143847
9581 100429 143847
143847 9581 100429
5235 2653 123158
123158 2653 5235
2653 5235 123158
62821 33773 67653
33773 62821 67653
67653 33773 62821
132468 144177 145656
144177 132468 145656
145656 132468 144177
34831 62543 86979
62543 34831 86979
86979 34831 62543
41602 52730 98075
52730 41602 98075
98075 41602 52730
118724 38652 119452
38652 118724 119452
119452 38652 118724
50607 71790 126502
71790 50607 126502
126502 50607 71790
126908 72260 83161
83161 72260 126908
72260 83161 126908
52589 32696 126403
32696 52589 126403
126403 32696 52589
71470 84217 93766
84217 71470 93766
93766 71470 84217
62234 37874 134474
134474 37874 62234
37874 62234 134474
81125 9365 59390
9365 59390 81125
59390 9365 81125
113009 112900 134057
134057 112900 113009
112900 113009 134057
53255 85189 118913
118913 53255 85189
85189 53255 118913
16359 81842 89331
81842 16359 89331
89331 16359 81842
73558 63753 119328
119328 63753 73558
63753 73558 119328
108380 25218 135759
25218 108380 135759
135759 25218 108380
67607 23839 147875
147875 23839 67607
23839 67607 147875
70516 107237 134745
107237 70516 134745
134745 70516 107237
37475 24714 73204
24714 37475 73204
73204 24714 37475
55143 34486 37943
37943 34486 55143
34486 37943 55143
34052 77577 118371
118371 34052 77577
77577 34052 118371
99284 55392 132763
132763 55392 99284
55392 99284 132763
134447 58502 141573
58502 134447 141573
141573 58502 134447
40950 16033 75215
75215 16033 40950
16033 40950 75215
137289 15891 136463
15891 136463 137289
136463 15891 137289
38891 23415 127994
23415 38891 127994
127994 23415 38891
67820 113404 148343
148343 67820 113404
113404 67820 148343
103746 131566 146613
146613 103746 131566
131566 103746 146613
22358 77008 120383
77008 22358 120383
120383 22358 77008
143398 87441 97920
87441 97920 143398
97920 87441 143398
42242 49709 70663
49709 42242 70663
70663 42242 49709
45055 116614 147719
147719 45055 116614
116614 45055 147719
44061 82512 114856
82512 44061 114856
114856 44061 82512
37621 42706 107184
42706 37621 107184
107184 37621 42706
52980 51249 141911
141911 51249 52980
51249 52980 141911
16289 14229 38337
14229 16289 38337
38337 14229 16289
140575 6330 134579
6330 134579 140575
134579 6330 140575
142673 43635 86099
43635 86099 142673
86099 43635 142673
83585 17037 101718
101718 17037 83585
17037 83585 101718
32516 56087 144858
56087 32516 144858
144858 32516 56087
122485 16277 99593
99593 16277 122485
16277 99593 122485
12200 46553 142986
46553 12200 142986
142986 12200 46553
17095 60207 62651
60207 17095 62651
62651 17095 60207
97707 14419 122794
122794 14419 97707
14419 97707 122794
109384 118059 143421
143421 109384 118059
118059 109384 143421
89450 68401 70021
70021 68401 89450
68401 70021 89450
44286 12879 75285
12879 44286 75285
75285 12879 44286
42484 74196 90494
90494 42484 74196
74196 42484 90494
100953 35719 40645
40645 35719 100953
35719 40645 100953
69296 8555 74397
8555 69296 74397
74397 8555 69296
82506 33925 125975
125975 33925 82506
33925 82506 125975
55679 17729 73622
73622 17729 55679
17729 55679 73622
123973 66057 104540
104540 66057 123973
66057 104540 123973
42240 49341 76152
76152 42240 49341
49341 42240 76152
51672 15581 55091
55091 15581 51672
15581 51672 55091
70802 31128 100444
100444 31128 70802
31128 70802 100444
94855 70697 93685
93685 70697 94855
70697 93685 94855
149882 70980 138532
70980 138532 149882
138532 70980 149882
143756 66769 86279
66769 86279 143756
86279 66769 143756
123927 58180 131448
131448 58180 123927
58180 123927 131448
148675 70209 149978
70209 148675 149978
149978 70209 148675
27968 96543 117084
117084 27968 96543
96543 27968 117084
81793 132331 137742
132331 81793 137742
137742 81793 132331
138075 45678 108331
108331 45678 138075
45678 108331 138075
41278 30572 141925
141925 30572 41278
30572 41278 141925
62105 19514 75515
75515 19514 62105
19514 62105 75515
125217 41154 86587
41154 86587 125217
86587 41154 125217
21506 111839 123690
123690 21506 111839
111839 21506 123690
48648 30116 50719
30116 48648 50719
50719 30116 48648
138782 68286 72053
72053 68286 138782
68286 72053 138782
22713 24872 65940
65940 22713 24872
24872 22713 65940
71453 23984 120284
120284 23984 71453
23984 71453 120284
142019 27449 110007
110007 27449 142019
27449 110007 142019
127304 12404 123066
123066 12404 127304
12404 123066 127304
103070 111406 135895
135895 103070 111406
111406 103070 135895
142608 1570 63453
63453 1570 142608
1570 63453 142608
13640 23913 85912
85912 13640 23913
23913 13640 85912
41373 35955 140874
140874 35955 41373
35955 41373 140874
47333 24091 37296
24091 37296 47333
37296 24091 47333
131883 42894 89745
42894 89745 131883
89745 42894 131883
12696 8285 122075
122075 8285 12696
8285 12696 122075
29108 14111 109790
109790 14111 29108
14111 29108 109790
17151 22460 143889
22460 17151 143889
143889 17151 22460
92147 1373 56008
1373 56008 92147
56008 1373 92147
51694 49058 138203
138203 49058 51694
49058 51694 138203
14106 31720 107991
107991 14106 31720
31720 14106 107991
82540 93737 148060
93737 82540 148060
148060 82540 93737
77395 87621 89294
87621 77395 89294
89294 77395 87621
22768 38214 103196
38214 22768 103196
103196 22768 38214
79773 95543 130993
95543 79773 130993
130993 79773 95543
130744 63828 79235
63828 79235 130744
79235 63828 130744
71844 48584 144369
144369 48584 71844
48584 71844 144369
37144 83116 93980
83116 37144 93980
93980 37144 83116
89030 43306 119598
119598 43306 89030
43306 89030 119598
119908 3456 103583
103583 3456 119908
3456 103583 119908
84438 51773 80451
51773 80451 84438
80451 51773 84438
86475 41290 128317
41290 86475 128317
128317 41290 86475
15377 76482 78703
78703 15377 76482
76482 15377 78703
141673 11087 62143
11087 62143 141673
62143 11087 141673
94846 40577 55114
40577 55114 94846
55114 40577 94846
137383 24502 109524
109524 24502 137383
24502 109524 137383
142564 47463 49836
47463 49836 142564
49836 47463 142564
132442 112791 144060
144060 112791 132442
112791 132442 144060
13684 42754 73012
73012 13684 42754
42754 13684 73012
35790 5260 12011
12011 5260 35790
5260 12011 35790
138946 37713 60168
60168 37713 138946
37713 60168 138946
108052 58001 144756
144756 58001 108052
58001 108052 144756
28810 33351 144710
33351 28810 144710
144710 28810 33351
144589 20750 45302
45302 20750 144589
20750 45302 144589
121097 48966 140629
48966 121097 140629
140629 48966 121097
133099 15974 83194
15974 83194 133099
83194 15974 133099
122750 26331 72622
72622 26331 122750
26331 72622 122750
144353 41092 143999
143999 41092 144353
41092 143999 144353
34770 96884 121987
96884 34770 121987
121987 34770 96884
27784 128323 146135
128323 27784 146135
146135 27784 128323
76753 124840 126408
126408 76753 124840
124840 76753 126408
25262 132725 141042
141042 25262 132725
132725 25262 141042
84777 6897 95350
6897 84777 95350
95350 6897 84777
77739 19902 144217
144217 19902 77739
19902 77739 144217
149833 103304 119272
103304 119272 149833
119272 103304 149833
142957 61941 64052
61941 64052 142957
64052 61941 142957
125814 27042 62667
62667 27042 125814
27042 62667 125814
144363 33755 94390
94390 33755 144363
33755 94390 144363
57531 42338 48257
48257 42338 57531
42338 48257 57531
86039 53906 75190
53906 75190 86039
75190 53906 86039
23606 1423 13383
1423 13383 23606
13383 1423 23606
138321 46561 79106
79106 46561 138321
46561 79106 138321
707 48946 110293
48946 707 110293
110293 707 48946
112886 42269 50973
42269 50973 112886
50973 42269 112886
56272 3659 98264
98264 3659 56272
3659 56272 98264
81323 32627 109218
109218 32627 81323
32627 81323 109218
122201 78443 122451
78443 122201 122451
122451 78443 122201
41253 22489 26495
26495 22489 41253
22489 26495 41253
140799 76296 130756
76296 130756 140799
130756 76296 140799
98322 74571 147041
74571 98322 147041
147041 74571 98322
23801 53845 106743
106743 23801 53845
53845 23801 106743
82077 87337 104417
87337 82077 104417
104417 82077 87337
86098 98319 127266
127266 86098 98319
98319 86098 127266
136828 22110 102961
102961 22110 136828
22110 102961 136828
50817 23927 92315
92315 23927 50817
23927 50817 92315
114888 16016 121590
16016 114888 121590
121590 16016 114888
100052 28037 90548
90548 28037 100052
28037 90548 100052
92109 118434 146735
146735 92109 118434
118434 92109 146735
48791 85222 98731
85222 48791 98731
98731 48791 85222
89205 64716 112165
64716 89205 112165
112165 64716 89205
33831 14511 27182
27182 14511 33831
14511 27182 33831
98022 1403 147253
1403 98022 147253
147253 1403 98022
124581 28173 61208
61208 28173 124581
28173 61208 124581
103054 15543 16498
16498 15543 103054
15543 16498 103054
78110 13968 43975
43975 13968 78110
13968 43975 78110
44781 69882 148333
148333 44781 69882
69882 44781 148333
1812 76540 87767
76540 1812 87767
87767 1812 76540
20728 62352 127388
127388 20728 62352
62352 20728 127388
59214 413 143598
143598 413 59214
413 59214 143598
68811 26832 48271
26832 48271 68811
48271 26832 68811
37210 26807 39966
26807 37210 39966
39966 26807 37210
94162 11271 23817
11271 23817 94162
23817 11271 94162
133926 116742 118606
118606 116742 133926
116742 118606 133926
37652 11422 70521
11422 37652 70521
70521 11422 37652
146142 41147 94163
94163 41147 146142
41147 94163 146142
7807 27487 92751
27487 7807 92751
92751 7807 27487
111894 9335 80481
80481 9335 111894
9335 80481 111894
63189 38055 87542
38055 63189 87542
87542 38055 63189
94009 98971 122634
122634 94009 98971
98971 94009 122634
55652 13717 46130
46130 13717 55652
13717 46130 55652
3068 45141 142418
45141 3068 142418
142418 3068 45141
143434 25808 57173
25808 57173 143434
57173 25808 143434
99788 6223 114622
114622 6223 99788
6223 99788 114622
124288 46222 73665
46222 73665 124288
73665 46222 124288
116153 40455 93178
40455 93178 116153
93178 40455 116153
96806 32462 94029
32462 94029 96806
94029 32462 96806
50782 128205 135744
128205 50782 135744
135744 50782 128205
82413 77397 129857
129857 77397 82413
77397 82413 129857
20292 42517 117616
117616 20292 42517
42517 20292 117616
24754 9462 128412
128412 9462 24754
9462 24754 128412
60545 34678 49633
49633 34678 60545
34678 49633 60545
17197 7926 109281
109281 7926 17197
7926 17197 109281
98287 5532 95176
95176 5532 98287
5532 95176 98287
131251 43305 75331
43305 75331 131251
75331 43305 131251
20648 68402 146773
146773 20648 68402
68402 20648 146773
39191 42724 124047
42724 39191 124047
124047 39191 42724
125669 47537 66088
66088 47537 125669
47537 66088 125669
121173 94304 129238
94304 121173 129238
129238 94304 121173
149589 115053 145462
145462 115053 149589
115053 145462 149589
118643 40256 62716
62716 40256 118643
40256 62716 118643
16975 15294 39722
15294 16975 39722
39722 15294 16975
82866 5929 71774
71774 5929 82866
5929 71774 82866
120459 80509 136560
80509 120459 136560
136560 80509 120459
29658 15852 144231
144231 15852 29658
15852 29658 144231
49909 58683 142017
58683 49909 142017
142017 49909 58683
130256 33200 98772
33200 98772 130256
98772 33200 130256
67583 4463 59384
59384 4463 67583
4463 59384 67583
32371 116128 143635
143635 32371 116128
116128 32371 143635
43396 70744 101690
101690 43396 70744
70744 43396 101690
13405 21138 97163
21138 13405 97163
97163 13405 21138
104864 4676 26763
4676 26763 104864
26763 4676 104864
1177 74808 117277
74808 1177 117277
117277 1177 74808
56653 49474 131815
131815 49474 56653
49474 56653 131815
29476 23998 121018
23998 29476 121018
121018 23998 29476
46162 116002 124691
116002 46162 124691
124691 46162 116002
140977 91213 109129
109129 91213 140977
91213 109129 140977
23082 86181 108556
86181 23082 108556
108556 23082 86181
146936 14405 83523
14405 83523 146936
83523 14405 146936
126283 142527 145430
142527 126283 145430
145430 126283 142527
4461 51647 112527
51647 4461 112527
112527 4461 51647
40027 2178 137635
137635 2178 40027
2178 40027 137635
146035 79539 133748
133748 79539 146035
79539 133748 146035
85447 81094 120487
81094 85447 120487
120487 81094 85447
56092 28671 49325
49325 28671 56092
28671 49325 56092
73014 60923 94102
94102 60923 73014
60923 73014 94102
128134 73972 107284
107284 73972 128134
73972 107284 128134
100987 43974 100216
43974 100216 100987
100216 43974 100987
13560 75376 142786
142786 13560 75376
75376 13560 142786
54282 49558 75447
49558 54282 75447
75447 49558 54282
98119 24759 39674
24759 39674 98119
39674 24759 98119
97926 101699 104735
101699 97926 104735
104735 97926 101699
757 66237 90804
66237 757 90804
90804 757 66237
22852 76529 93441
76529 22852 93441
93441 22852 76529
36264 83464 144941
144941 36264 83464
83464 36264 144941
6020 128 72479
128 6020 72479
72479 128 6020
33250 36854 120457
120457 33250 36854
36854 33250 120457
90011 44744 63382
63382 44744 90011
44744 63382 90011
3468 39138 143171
143171 3468 39138
39138 3468 143171
145726 33093 63575
63575 33093 145726
33093 63575 145726
97178 88658 116860
116860 88658 97178
88658 97178 116860
79438 21873 87485
87485 21873 79438
21873 79438 87485
147818 79603 92893
79603 92893 147818
92893 79603 147818
80063 29767 91789
91789 29767 80063
29767 80063 91789
27091 24141 46943
24141 27091 46943
46943 24141 27091
132831 25728 123335
25728 123335 132831
123335 25728 132831
72866 115486 117901
115486 72866 117901
117901 72866 115486
54233 62178 127536
62178 54233 127536
127536 54233 62178
14784 60558 140887
60558 14784 140887
140887 14784 60558
24284 43408 84568
43408 24284 84568
84568 24284 43408
130448 38881 106123
106123 38881 130448
38881 106123 130448
8735 44250 80965
44250 8735 80965
80965 8735 44250
110565 65314 95122
65314 95122 110565
95122 65314 110565
126631 28921 103371
103371 28921 126631
28921 103371 126631
62342 98069 119002
98069 62342 119002
119002 62342 98069
36382 61969 143002
61969 36382 143002
143002 36382 61969
88879 10520 101576
10520 88879 101576
101576 10520 88879
138773 88456 96698
96698 88456 138773
88456 96698 138773
6056 19826 70965
19826 6056 70965
70965 6056 19826
10536 84271 90912
84271 10536 90912
90912 10536 84271
86936 45002 78015
45002 78015 86936
78015 45002 86936
25601 21426 35140
21426 25601 35140
35140 21426 25601
90099 27405 109741
109741 27405 90099
27405 90099 109741
99924 100918 126987
126987 99924 100918
100918 99924 126987
96502 56499 97903
97903 56499 96502
56499 96502 97903
93711 6072 30070
6072 30070 93711
30070 6072 93711
18510 59330 89769
59330 18510 89769
89769 18510 59330
88702 47617 49516
49516 47617 88702
47617 49516 88702
74704 54926 85931
85931 54926 74704
54926 74704 85931
54945 4957 78139
78139 4957 54945
4957 54945 78139
12992 49193 70067
49193 12992 70067
70067 12992 49193
68205 45144 88917
88917 45144 68205
45144 68205 88917
85759 24398 121468
24398 85759 121468
121468 24398 85759
104987 70329 92345
70329 92345 104987
92345 70329 104987
23576 13303 17093
17093 13303 23576
13303 17093 23576
145775 72710 73980
72710 73980 145775
73980 72710 145775
83847 80506 106227
106227 80506 83847
80506 83847 106227
30719 94991 120396
94991 30719 120396
120396 30719 94991
117308 53528 74955
74955 53528 117308
53528 74955 117308
103669 51836 101902
101902 51836 103669
51836 101902 103669
60406 12483 145408
12483 60406 145408
145408 12483 60406
137691 128919 136319
136319 128919 137691
128919 136319 137691
23534 60272 144958
60272 23534 144958
144958 23534 60272
92441 15030 33692
33692 15030 92441
15030 33692 92441
33302 44912 45223
44912 33302 45223
45223 33302 44912
30241 74622 95828
95828 30241 74622
74622 30241 95828
102439 42107 89770
89770 42107 102439
42107 89770 102439
49656 3730 63550
63550 3730 49656
3730 49656 63550
73951 2894 135199
135199 2894 73951
2894 73951 135199
91438 54127 129633
54127 91438 129633
129633 54127 91438
53110 16992 75143
16992 53110 75143
75143 16992 53110
141528 16328 115746
16328 115746 141528
115746 16328 141528
91264 37121 51160
51160 37121 91264
37121 51160 91264
50032 13009 78484
13009 50032 78484
78484 13009 50032
34588 30089 126816
126816 30089 34588
30089 34588 126816
20437 59509 88824
59509 20437 88824
88824 20437 59509
7483 125726 135785
125726 7483 135785
135785 7483 125726
74013 98481 124595
98481 74013 124595
124595 74013 98481
41242 11296 125326
125326 11296 41242
11296 41242 125326
119978 22737 28731
22737 28731 119978
28731 22737 119978
6670 27719 91707
27719 6670 91707
91707 6670 27719
74463 44783 140722
44783 74463 140722
140722 44783 74463
147073 32290 70604
70604 32290 147073
32290 70604 147073
4554 85592 107566
107566 4554 85592
85592 4554 107566
144149 6018 61596
61596 6018 144149
6018 61596 144149
46120 116078 119359
116078 46120 119359
119359 46120 116078
140330 87164 104224
104224 87164 140330
87164 104224 140330
58386 117954 124054
117954 58386 124054
124054 58386 117954
81121 69912 107663
107663 69912 81121
69912 81121 107663
24209 26399 27211
26399 24209 27211
27211 24209 26399
141781 11112 59371
11112 59371 141781
59371 11112 141781
79604 9668 106850
9668 79604 106850
106850 9668 79604
35712 38445 93772
38445 35712 93772
93772 35712 38445
10969 4589 39535
39535 4589 10969
4589 10969 39535
143650 72937 119057
119057 72937 143650
72937 119057 143650
137464 44932 60700
60700 44932 137464
44932 60700 137464
106532 6753 22533
6753 22533 106532
22533 6753 106532
123276 13984 113342
113342 13984 123276
13984 113342 123276
59711 42748 48690
48690 42748 59711
42748 48690 59711
129055 34519 74823
74823 34519 129055
34519 74823 129055
2808 5648 44993
5648 2808 44993
44993 2808 5648
132349 61124 132521
61124 132349 132521
132521 61124 132349
59468 1658 53641
1658 53641 59468
53641 1658 59468
61932 96245 125182
125182 61932 96245
96245 61932 125182
79992 53099 132280
53099 79992 132280
132280 53099 79992
143908 81462 123446
123446 81462 143908
81462 123446 143908
117406 44778 145526
145526 44778 117406
44778 117406 145526
94597 89710 131878
131878 89710 94597
89710 94597 131878
121869 13064 118763
118763 13064 121869
13064 118763 121869
120030 53587 107621
107621 53587 120030
53587 107621 120030
7728 20007 114944
20007 7728 114944
114944 7728 20007
136724 34512 45126
34512 45126 136724
45126 34512 136724
46011 84675 146405
146405 46011 84675
84675 46011 146405
125227 68827 75103
75103 68827 125227
68827 75103 125227
8329 5169 16805
5169 8329 16805
16805 5169 8329
146782 23030 23215
23030 23215 146782
23215 23030 146782
40170 28096 108770
28096 40170 108770
108770 28096 40170
52539 20887 134991
20887 52539 134991
134991 20887 52539
79171 75138 82831
82831 75138 79171
75138 79171 82831
31723 8349 48050
48050 8349 31723
8349 31723 48050
91418 72149 108420
108420 72149 91418
72149 91418 108420
111327 90265 140668
140668 90265 111327
90265 111327 140668
66227 131039 143799
131039 66227 143799
143799 66227 131039
85483 6575 76298
76298 6575 85483
6575 76298 85483
126781 81232 81661
81232 81661 126781
81661 81232 126781
86825 2982 8909
8909 2982 86825
2982 8909 86825
23502 45007 87243
87243 23502 45007
45007 23502 87243
84428 102472 123164
123164 84428 102472
102472 84428 123164
96283 84800 87968
87968 84800 96283
84800 87968 96283
6529 64546 117739
64546 6529 117739
117739 6529 64546
148850 11286 134220
134220 11286 148850
11286 134220 148850
67101 120271 142676
142676 67101 120271
120271 67101 142676
115784 31650 89788
31650 89788 115784
89788 31650 115784
56632 23748 149342
23748 56632 149342
149342 23748 56632
59110 110858 133733
110858 59110 133733
133733 59110 110858
4289 28360 121820
121820 4289 28360
28360 4289 121820
79955 7746 143446
7746 79955 143446
143446 7746 79955
19010 82513 105889
82513 19010 105889
105889 19010 82513
121511 61683 105615
105615 61683 121511
61683 105615 121511
80303 37230 94798
37230 80303 94798
94798 37230 80303
47810 12504 64389
12504 47810 64389
64389 12504 47810
48889 28585 130169
130169 28585 48889
28585 48889 130169
62057 128752 139221
128752 62057 139221
139221 62057 128752
3608 11439 98139
98139 3608 11439
11439 3608 98139
12092 89615 149898
89615 12092 149898
149898 12092 89615
49511 34068 103975
34068 49511 103975
103975 34068 49511
69653 45580 83331
45580 69653 83331
83331 45580 69653
23374 46807 120524
120524 23374 46807
46807 23374 120524
134044 38477 93103
38477 93103 134044
93103 38477 134044
35212 11750 34330
11750 34330 35212
34330 11750 35212
126099 10779 28002
10779 28002 126099
28002 10779 126099
138414 84394 93144
93144 84394 138414
84394 93144 138414
119989 33489 123072
33489 119989 123072
123072 33489 119989
2018 112607 144076
144076 2018 112607
112607 2018 144076
149871 27691 137714
27691 137714 149871
137714 27691 149871
68359 24649 89178
89178 24649 68359
24649 68359 89178
72590 109543 111140
109543 72590 111140
111140 72590 109543
2797 25647 106631
25647 2797 106631
106631 2797 25647
135943 143782 148642
148642 135943 143782
143782 135943 148642
34705 72295 149436
72295 34705 149436
149436 34705 72295
32541 75684 134575
134575 32541 75684
75684 32541 134575
72039 28628 82583
28628 72039 82583
82583 28628 72039
96131 20926 136002
20926 96131 136002
136002 20926 96131
19697 27453 56683
27453 19697 56683
56683 19697 27453
28411 110268 112450
110268 28411 112450
112450 28411 110268
65061 43221 139425
139425 43221 65061
43221 65061 139425
10787 22579 49004
49004 10787 22579
22579 10787 49004
145316 35718 81878
81878 35718 145316
35718 81878 145316
85361 20355 149587
149587 20355 85361
20355 85361 149587
5732 48313 144168
144168 5732 48313
48313 5732 144168
144238 45426 105062
105062 45426 144238
45426 105062 144238
17829 4743 81037
4743 17829 81037
81037 4743 17829
52368 2614 113481
113481 2614 52368
2614 52368 113481
80629 24701 41263
41263 24701 80629
24701 41263 80629
64197 36834 38380
38380 36834 64197
36834 38380 64197
61083 21692 133377
133377 21692 61083
21692 61083 133377
22068 41219 51999
51999 22068 41219
41219 22068 51999
30427 45785 65092
45785 30427 65092
65092 30427 45785
147282 44292 109145
44292 109145 147282
109145 44292 147282
94898 2858 45397
45397 2858 94898
2858 45397 94898
61678 28713 133246
133246 28713 61678
28713 61678 133246
59018 94591 129004
129004 59018 94591
94591 59018 129004
62909 19006 80610
19006 62909 80610
80610 19006 62909
84412 85666 104897
85666 84412 104897
104897 84412 85666
46243 2074 145302
2074 46243 145302
145302 2074 46243
135252 67521 109297
109297 67521 135252
67521 109297 135252
75486 134608 149725
149725 75486 134608
134608 75486 149725
24019 10804 97689
97689 10804 24019
10804 24019 97689
2362 49115 55690
55690 2362 49115
49115 2362 55690
59905 7996 57786
57786 7996 59905
7996 57786 59905
34432 104894 139383
139383 34432 104894
104894 34432 139383
23598 48230 91471
48230 23598 91471
91471 23598 48230
128647 29083 107098
107098 29083 128647
29083 107098 128647
67233 55542 142586
142586 55542 67233
55542 67233 142586
107265 11670 109810
11670 107265 109810
109810 11670 107265
88259 85266 132950
85266 88259 132950
132950 85266 88259
10166 30409 42923
42923 10166 30409
30409 10166 42923
68370 45325 54460
54460 45325 68370
45325 54460 68370
142460 7646 76755
7646 76755 142460
76755 7646 142460
119115 47501 97221
97221 47501 119115
47501 97221 119115
25355 25428 105007
25428 25355 105007
105007 25355 25428
19437 99102 120696
120696 19437 99102
99102 19437 120696
25469 139509 149416
139509 25469 149416
149416 25469 139509
15423 60165 117969
60165 15423 117969
117969 15423 60165
21492 42719 56917
42719 21492 56917
56917 21492 42719
69537 108458 134213
134213 69537 108458
108458 69537 134213
75852 86006 86307
86307 75852 86006
86006 75852 86307
2535 25434 86908
86908 2535 25434
25434 2535 86908
80039 59498 103678
103678 59498 80039
59498 80039 103678
122688 128303 146599
146599 122688 128303
128303 122688 146599
137548 35906 44548
35906 44548 137548
44548 35906 137548
88521 17723 80004
80004 17723 88521
17723 80004 88521
17208 51808 78167
78167 17208 51808
51808 17208 78167
119943 71120 73654
71120 73654 119943
73654 71120 119943
65424 23333 74021
74021 23333 65424
23333 65424 74021
27868 116895 149793
149793 27868 116895
116895 27868 149793
42535 26473 35244
35244 26473 42535
26473 35244 42535
35158 26557 146302
26557 35158 146302
146302 26557 35158
117773 96477 121975
121975 96477 117773
96477 117773 121975
142369 102803 131198
131198 102803 142369
102803 131198 142369
101152 111111 129404
111111 101152 129404
129404 101152 111111
10066 94416 101729
94416 10066 101729
101729 10066 94416
139239 29778 108259
108259 29778 139239
29778 108259 139239
78340 93092 143377
143377 78340 93092
93092 78340 143377
142267 105524 149425
149425 105524 142267
105524 142267 149425
106903 79594 102574
102574 79594 106903
79594 102574 106903
18968 11519 96426
96426 11519 18968
11519 18968 96426
132737 13744 69690
69690 13744 132737
13744 69690 132737
82919 70187 137181
137181 70187 82919
70187 82919 137181
24777 21 127599
127599 21 24777
21 24777 127599
42906 39334 43590
39334 42906 43590
43590 39334 42906
119080 102432 123718
102432 119080 123718
123718 102432 119080
34243 9922 126142
9922 34243 126142
126142 9922 34243
128467 23227 27157
23227 27157 128467
27157 23227 128467
35209 25830 44468
25830 35209 44468
44468 25830 35209
