274 198 1027
1027 198 274
198 274 1027
1063 598 848
848 598 1063
598 848 1063
1260 351 866
866 351 1260
351 866 1260
1416 876 1046
1046 876 1416
876 1046 1416
854 630 1068
1068 630 854
630 854 1068
1278 380 405
405 380 1278
380 405 1278
815 664 964
964 664 815
664 815 964
137 1010 1087
1087 137 1010
1010 137 1087
325 948 1382
948 325 1382
1382 325 948
622 422 518
422 518 622
518 422 622
936 171 252
171 252 936
252 171 936
227 966 1139
1139 227 966
966 227 1139
541 392 656
392 541 656
656 392 541
1270 973 1082
973 1082 1270
1082 973 1270
1066 64 1176
1176 64 1066
64 1066 1176
30 316 1430
316 30 1430
1430 30 316
216 63 1001
63 216 1001
1001 63 216
1259 1215 1319
1215 1259 1319
1319 1215 1259
1033 260 1384
1384 260 1033
260 1033 1384
1311 1000 1045
1045 1000 1311
1000 1045 1311
175 645 874
645 175 874
874 175 645
480 955 1280
955 480 1280
1280 480 955
951 32 738
32 738 951
738 32 951
637 483 607
483 607 637
607 483 637
402 310 398
310 398 402
398 310 402
650 91 106
106 91 650
91 106 650
193 858 1457
858 193 1457
1457 193 858
1480 395 1102
1102 395 1480
395 1102 1480
1493 42 1199
1199 42 1493
42 1199 1493
287 72 670
72 287 670
670 72 287
725 127 1207
127 725 1207
1207 127 725
1359 807 867
807 867 1359
867 807 1359
423 923 1337
923 423 1337
1337 423 923
1181 987 1069
987 1069 1181
1069 987 1181
121 1061 1355
1061 121 1355
1355 121 1061
933 214 767
767 214 933
214 767 933
1297 376 1109
376 1109 1297
1109 376 1297
1152 172 1088
172 1088 1152
1088 172 1152
1350 678 1497
1497 678 1350
678 1350 1497
263 412 463
412 263 463
463 263 412
535 54 264
54 264 535
264 54 535
1074 374 457
374 457 1074
457 374 1074
1006 217 1036
217 1006 1036
1036 217 1006
1402 501 1293
1293 501 1402
501 1293 1402
1439 403 1325
1325 403 1439
403 1325 1439
1055 245 481
481 245 1055
245 481 1055
945 344 690
690 344 945
344 690 945
1341 473 1275
1275 473 1341
473 1275 1341
969 1407 1419
1419 969 1407
1407 969 1419
321 669 787
669 321 787
787 321 669
750 497 785
785 497 750
497 750 785
908 736 1051
736 908 1051
1051 736 908
318 1012 1383
1383 318 1012
1012 318 1383
946 68 647
647 68 946
68 647 946
1441 444 1223
1223 444 1441
444 1223 1441
885 671 720
720 671 885
671 720 885
1367 1003 1494
1494 1003 1367
1003 1367 1494
146 549 1272
1272 146 549
549 146 1272
1390 700 1007
700 1007 1390
1007 700 1390
1173 583 1492
1492 583 1173
583 1173 1492
712 490 1062
1062 490 712
490 712 1062
940 250 416
250 416 940
416 250 940
339 123 746
123 339 746
746 123 339
419 92 1464
92 419 1464
1464 92 419
469 307 323
307 323 469
323 307 469
1479 246 334
334 246 1479
246 334 1479
561 564 1203
564 561 1203
1203 561 564
1201 618 1141
1141 618 1201
618 1141 1201
1445 178 1256
178 1256 1445
1256 178 1445
838 856 1070
856 838 1070
1070 838 856
1031 582 875
582 875 1031
875 582 1031
1145 442 922
442 922 1145
922 442 1145
1386 303 748
748 303 1386
303 748 1386
23 297 311
297 23 311
311 23 297
1190 406 1237
406 1190 1237
1237 406 1190
484 396 693
693 396 484
396 484 693
980 1079 1229
1079 980 1229
1229 980 1079
924 728 1438
728 924 1438
1438 728 924
1096 278 299
299 278 1096
278 299 1096
626 753 822
822 626 753
753 626 822
1370 15 1037
1037 15 1370
15 1037 1370
1454 40 413
40 413 1454
413 40 1454
300 1040 1424
1424 300 1040
1040 300 1424
60 45 370
370 45 60
45 60 370
762 474 1047
1047 474 762
474 762 1047
1219 189 1361
189 1219 1361
1361 189 1219
793 627 1380
1380 627 793
627 793 1380
1318 365 1179
365 1179 1318
1179 365 1318
1333 195 846
195 846 1333
846 195 1333
229 286 836
286 229 836
836 229 286
1403 511 897
511 897 1403
897 511 1403
1476 988 1357
988 1357 1476
1357 988 1476
230 162 978
162 230 978
978 162 230
1453 336 1329
1329 336 1453
336 1329 1453
538 831 1075
1075 538 831
831 538 1075
1017 394 852
394 852 1017
852 394 1017
138 1050 1212
1050 138 1212
1212 138 1050
242 991 1121
991 242 1121
1121 242 991
1113 665 1195
1195 665 1113
665 1113 1195
25 133 1470
133 25 1470
1470 25 133
1483 447 587
587 447 1483
447 587 1483
1354 126 967
126 967 1354
967 126 1354
472 884 1029
884 472 1029
1029 472 884
1148 222 633
222 633 1148
633 222 1148
333 691 1166
1166 333 691
691 333 1166
435 144 590
144 435 590
590 144 435
1034 354 1143
354 1034 1143
1143 354 1034
789 989 1374
989 789 1374
1374 789 989
1440 1314 1371
1371 1314 1440
1314 1371 1440
482 352 1257
1257 352 482
352 482 1257
1030 529 887
887 529 1030
529 887 1030
499 1065 1431
1065 499 1431
1431 499 1065
1267 938 1410
1410 938 1267
938 1267 1410
53 710 727
727 53 710
710 53 727
755 357 917
357 755 917
917 357 755
1208 100 1014
1014 100 1208
100 1014 1208
819 834 1342
1342 819 834
834 819 1342
588 869 1041
1041 588 869
869 588 1041
1073 362 679
679 362 1073
362 679 1073
236 1099 1155
1155 236 1099
1099 236 1155
417 890 1106
890 417 1106
1106 417 890
1154 1053 1327
1327 1053 1154
1053 1154 1327
1268 47 832
47 832 1268
832 47 1268
343 50 554
554 50 343
50 343 554
1005 1064 1328
1064 1005 1328
1328 1005 1064
977 139 355
139 355 977
355 139 977
1443 13 1217
13 1217 1443
1217 13 1443
649 113 1153
1153 113 649
113 649 1153
1230 1189 1461
1461 1189 1230
1189 1230 1461
1224 619 1111
619 1111 1224
1111 619 1224
962 31 1404
31 962 1404
1404 31 962
84 270 1210
270 84 1210
1210 84 270
495 847 1398
1398 495 847
847 495 1398
1137 1156 1486
1486 1137 1156
1156 1137 1486
486 544 877
544 486 877
877 486 544
520 70 174
70 174 520
174 70 520
155 8 1420
8 155 1420
1420 8 155
455 525 1291
525 455 1291
1291 455 525
1264 1196 1281
1196 1264 1281
1281 1196 1264
613 179 201
179 201 613
201 179 613
1495 219 709
709 219 1495
219 709 1495
411 98 1408
1408 98 411
98 411 1408
651 808 1323
808 651 1323
1323 651 808
773 1326 1466
1466 773 1326
1326 773 1466
1134 58 776
776 58 1134
58 776 1134
1491 433 1218
433 1218 1491
1218 433 1491
818 275 1135
1135 275 818
275 818 1135
596 526 766
526 596 766
766 526 596
167 390 1241
1241 167 390
390 167 1241
606 295 1171
295 606 1171
1171 295 606
410 240 868
240 410 868
868 240 410
1020 251 259
251 259 1020
259 251 1020
1174 280 1117
1117 280 1174
280 1117 1174
646 83 1015
1015 83 646
83 646 1015
1308 1101 1128
1128 1101 1308
1101 1128 1308
1023 43 658
658 43 1023
43 658 1023
1191 289 593
289 593 1191
593 289 1191
69 467 979
979 69 467
467 69 979
859 666 956
666 859 956
956 666 859
782 386 840
840 386 782
386 782 840
148 830 1442
1442 148 830
830 148 1442
947 108 283
108 283 947
283 108 947
542 635 1307
635 542 1307
1307 542 635
1468 232 986
232 986 1468
986 232 1468
169 282 686
282 169 686
686 169 282
1276 602 1197
602 1197 1276
1197 602 1276
883 460 958
958 460 883
460 883 958
676 827 906
906 676 827
827 676 906
609 1 547
547 1 609
1 547 609
505 509 895
895 505 509
509 505 895
372 400 1331
400 372 1331
1331 372 400
1222 580 911
911 580 1222
580 911 1222
1136 1365 1434
1365 1136 1434
1434 1136 1365
681 578 1451
578 681 1451
1451 578 681
75 770 1232
770 75 1232
1232 75 770
1330 49 1473
49 1330 1473
1473 49 1330
1126 1122 1313
1122 1126 1313
1313 1122 1126
555 652 788
652 555 788
788 555 652
279 784 1200
784 279 1200
1200 279 784
719 180 1080
180 719 1080
1080 180 719
82 663 981
663 82 981
981 82 663
382 66 360
360 66 382
66 360 382
384 488 929
488 384 929
929 384 488
559 446 1004
1004 446 559
446 559 1004
798 124 560
124 560 798
560 124 798
165 616 791
616 165 791
791 165 616
804 80 159
80 159 804
159 80 804
479 81 581
581 81 479
81 479 581
1214 152 610
152 610 1214
610 152 1214
348 557 1251
557 348 1251
1251 348 557
889 210 1123
210 889 1123
1123 210 889
24 1266 1352
1266 24 1352
1352 24 1266
305 371 1254
371 305 1254
1254 305 371
697 29 1239
1239 29 697
29 697 1239
597 532 1343
532 597 1343
1343 532 597
340 1144 1462
1144 340 1462
1462 340 1144
636 1081 1299
1081 636 1299
1299 636 1081
573 960 1119
960 573 1119
1119 573 960
644 273 741
741 273 644
273 644 741
429 55 329
329 55 429
55 329 429
1067 685 771
771 685 1067
685 771 1067
1388 568 873
568 873 1388
873 568 1388
147 21 1456
1456 21 147
21 147 1456
158 399 714
399 158 714
714 158 399
811 1288 1499
1499 811 1288
1288 811 1499
239 494 572
494 239 572
572 239 494
692 466 707
707 466 692
466 692 707
114 26 111
111 26 114
26 111 114
383 1149 1378
1378 383 1149
1149 383 1378
548 471 574
574 471 548
471 548 574
571 284 931
931 284 571
284 571 931
231 257 705
705 231 257
257 231 705
763 38 470
470 38 763
38 470 763
1401 425 1245
425 1245 1401
1245 425 1401
1389 747 1247
747 1247 1389
1247 747 1389
1028 255 1283
1283 255 1028
255 1028 1283
1360 438 857
857 438 1360
438 857 1360
1353 845 1246
845 1246 1353
1246 845 1353
1108 909 1162
909 1108 1162
1162 909 1108
1147 10 765
765 10 1147
10 765 1147
792 1165 1458
1458 792 1165
1165 792 1458
903 648 1146
648 903 1146
1146 648 903
1298 317 749
317 749 1298
749 317 1298
156 145 537
537 145 156
145 156 537
1344 104 1394
104 1344 1394
1394 104 1344
407 378 950
378 407 950
950 378 407
1421 1393 1450
1450 1393 1421
1393 1421 1450
680 611 1490
611 680 1490
1490 611 680
448 385 892
385 448 892
892 385 448
434 805 1409
805 434 1409
1409 434 805
293 136 224
224 136 293
136 224 293
209 364 813
364 209 813
813 209 364
291 464 504
464 291 504
504 291 464
814 485 1177
1177 485 814
485 814 1177
452 971 1228
971 452 1228
1228 452 971
1252 1057 1226
1226 1057 1252
1057 1226 1252
731 1287 1312
1287 731 1312
1312 731 1287
1231 4 157
157 4 1231
4 157 1231
1310 117 1362
117 1310 1362
1362 117 1310
702 335 1301
1301 335 702
335 702 1301
930 704 914
704 914 930
914 704 930
1244 85 1294
1294 85 1244
85 1244 1294
314 409 957
409 314 957
957 314 409
79 1129 1296
1129 79 1296
1296 79 1129
853 258 842
258 842 853
842 258 853
617 51 769
769 51 617
51 617 769
427 531 1418
531 427 1418
1418 427 531
44 207 829
829 44 207
207 44 829
1376 1375 1444
1375 1376 1444
1444 1375 1376
1262 530 1206
530 1206 1262
1206 530 1262
711 740 904
904 711 740
740 711 904
16 301 1448
1448 16 301
301 16 1448
569 187 1112
187 569 1112
1112 187 569
1414 19 1084
19 1084 1414
1084 19 1414
202 1157 1240
1240 202 1157
1157 202 1240
73 221 431
431 73 221
221 73 431
643 551 1058
1058 551 643
551 643 1058
584 430 932
430 584 932
932 430 584
1500 97 1094
1094 97 1500
97 1094 1500
575 140 673
673 140 575
140 575 673
440 478 1399
1399 440 478
478 440 1399
1032 379 849
849 379 1032
379 849 1032
369 247 1048
247 369 1048
1048 247 369
726 404 498
498 404 726
404 498 726
312 713 916
916 312 713
713 312 916
772 949 1346
949 772 1346
1346 772 949
1292 724 1049
724 1049 1292
1049 724 1292
249 391 1243
391 249 1243
1243 249 391
1043 1186 1379
1186 1043 1379
1379 1043 1186
182 235 1289
1289 182 235
235 182 1289
1089 737 985
737 985 1089
985 737 1089
862 477 1168
1168 477 862
477 862 1168
556 445 592
445 556 592
592 445 556
1277 660 1411
660 1277 1411
1411 660 1277
1151 196 1263
1263 196 1151
196 1151 1263
143 78 952
952 78 143
78 143 952
1436 421 510
421 510 1436
510 421 1436
226 743 1025
743 226 1025
1025 226 743
1487 439 634
439 634 1487
634 439 1487
994 87 843
843 87 994
87 843 994
1115 1315 1377
1315 1115 1377
1377 1115 1315
733 22 326
326 22 733
22 326 733
703 1052 1467
1052 703 1467
1467 703 1052
1092 760 1469
760 1092 1469
1469 760 1092
566 640 790
790 566 640
640 566 790
639 632 717
717 632 639
632 639 717
1428 6 332
332 6 1428
6 332 1428
1271 990 1105
1105 990 1271
990 1105 1271
786 206 237
206 237 786
237 206 786
86 90 496
496 86 90
90 86 496
142 186 891
186 142 891
891 142 186
1098 160 837
837 160 1098
160 837 1098
605 550 1056
550 605 1056
1056 550 605
1216 11 1194
11 1194 1216
1194 11 1216
761 623 1150
623 761 1150
1150 623 761
1335 1220 1498
1498 1220 1335
1220 1335 1498
1368 265 449
449 265 1368
265 449 1368
1133 99 745
99 745 1133
745 99 1133
732 248 492
492 248 732
248 492 732
389 777 820
820 389 777
777 389 820
225 489 1132
1132 225 489
489 225 1132
1059 886 927
886 927 1059
927 886 1059
347 601 1302
601 347 1302
1302 347 601
103 271 322
271 103 322
322 103 271
306 1356 1369
1356 306 1369
1369 306 1356
975 608 655
608 655 975
655 608 975
976 528 1060
1060 528 976
528 976 1060
1205 453 756
453 756 1205
756 453 1205
476 491 1348
1348 476 491
491 476 1348
302 3 797
797 3 302
3 302 797
919 450 454
454 450 919
450 454 919
272 135 215
215 135 272
135 215 272
1038 461 682
461 682 1038
682 461 1038
577 514 1437
514 577 1437
1437 514 577
698 361 521
521 361 698
361 521 698
508 220 543
543 220 508
220 508 543
974 800 1474
800 974 1474
1474 800 974
878 65 194
194 65 878
65 194 878
722 615 1091
615 722 1091
1091 615 722
730 309 503
503 309 730
309 503 730
1387 46 523
523 46 1387
46 523 1387
5 241 1180
241 5 1180
1180 5 241
586 1103 1130
1103 586 1130
1130 586 1103
373 983 1235
983 373 1235
1235 373 983
708 95 1107
1107 95 708
95 708 1107
1322 835 925
925 835 1322
835 925 1322
778 266 1472
266 778 1472
1472 266 778
56 1242 1406
1242 56 1406
1406 56 1242
1265 661 1449
1449 661 1265
661 1265 1449
968 115 268
115 268 968
268 115 968
1002 414 689
414 689 1002
689 414 1002
1478 294 953
294 953 1478
953 294 1478
1024 191 1446
1446 191 1024
191 1024 1446
1158 570 1317
1317 570 1158
570 1158 1317
999 331 1202
331 999 1202
1202 331 999
1320 500 910
910 500 1320
500 910 1320
918 721 1178
1178 721 918
721 918 1178
203 1234 1465
1234 203 1465
1465 203 1234
1009 758 1258
1258 758 1009
758 1009 1258
1261 465 1140
1140 465 1261
465 1140 1261
173 768 935
935 173 768
768 173 935
833 441 1211
441 833 1211
1211 441 833
456 844 1184
1184 456 844
844 456 1184
928 349 1306
349 928 1306
1306 349 928
942 36 57
57 36 942
36 57 942
451 298 1167
1167 298 451
298 451 1167
654 401 1482
401 654 1482
1482 401 654
696 487 1316
1316 487 696
487 696 1316
141 562 1372
1372 141 562
562 141 1372
337 871 961
961 337 871
871 337 961
783 150 359
359 150 783
150 359 783
154 7 77
77 7 154
7 77 154
524 1021 1309
1021 524 1309
1309 524 1021
545 61 1332
61 545 1332
1332 61 545
824 149 517
149 517 824
517 149 824
1477 132 1169
132 1169 1477
1169 132 1477
585 9 603
9 585 603
603 9 585
1274 205 992
205 992 1274
992 205 1274
982 553 1183
553 982 1183
1183 553 982
864 276 970
276 864 970
970 276 864
1039 443 806
806 443 1039
443 806 1039
860 296 358
296 358 860
358 296 860
1385 35 101
35 101 1385
101 35 1385
774 327 1417
327 774 1417
1417 327 774
796 1238 1279
1238 796 1279
1279 796 1238
119 1026 1182
1182 119 1026
1026 119 1182
1172 163 330
163 330 1172
330 163 1172
315 631 1334
1334 315 631
631 315 1334
1269 926 1175
926 1175 1269
1175 926 1269
828 181 1192
1192 181 828
181 828 1192
963 780 984
984 780 963
780 963 984
338 319 1042
319 338 1042
1042 319 338
567 672 1035
672 567 1035
1035 567 672
912 459 1397
1397 459 912
459 912 1397
850 638 1127
1127 638 850
638 850 1127
1427 436 1100
436 1100 1427
1100 436 1427
1455 41 170
41 170 1455
170 41 1455
1095 199 841
199 841 1095
841 199 1095
1104 375 1076
375 1076 1104
1076 375 1104
212 256 896
256 212 896
896 212 256
701 901 1345
1345 701 901
901 701 1345
200 277 1163
277 200 1163
1163 200 277
134 799 1273
799 134 1273
1273 134 799
1432 426 579
426 579 1432
579 426 1432
641 752 1463
1463 641 752
752 641 1463
716 161 262
161 262 716
262 161 716
176 533 589
589 176 533
533 176 589
1044 1227 1295
1227 1044 1295
1295 1044 1227
1249 659 802
659 802 1249
802 659 1249
921 855 1433
1433 855 921
855 921 1433
93 393 1460
393 93 1460
1460 93 393
1160 129 1125
1125 129 1160
129 1125 1160
754 674 706
706 674 754
674 706 754
810 540 900
900 540 810
540 810 900
223 817 941
817 223 941
941 223 817
1142 381 872
381 872 1142
872 381 1142
1413 595 839
839 595 1413
595 839 1413
128 76 118
76 118 128
118 76 128
600 1077 1321
1077 600 1321
1321 600 1077
1019 937 1412
937 1019 1412
1412 937 1019
1083 356 428
356 428 1083
428 356 1083
1071 89 764
89 764 1071
764 89 1071
851 468 899
899 468 851
468 851 899
12 102 1185
1185 12 102
102 12 1185
164 27 1011
1011 27 164
27 164 1011
612 168 865
865 168 612
168 612 865
420 166 1423
1423 166 420
166 420 1423
1471 204 751
204 751 1471
751 204 1471
996 233 1422
1422 233 996
233 996 1422
424 288 1114
1114 288 424
288 424 1114
1392 151 1405
151 1392 1405
1405 151 1392
190 320 1282
320 190 1282
1282 190 320
734 244 677
244 677 734
677 244 734
729 565 1395
565 729 1395
1395 565 729
366 238 915
915 238 366
238 366 915
781 218 558
558 218 781
218 558 781
388 328 1366
1366 328 388
328 388 1366
462 861 943
943 462 861
861 462 943
2 625 1093
625 2 1093
1093 2 625
993 739 1426
1426 739 993
739 993 1426
34 308 882
882 34 308
308 34 882
893 71 234
71 234 893
234 71 893
683 125 624
125 624 683
624 125 683
536 153 997
997 153 536
153 536 997
1347 14 304
304 14 1347
14 304 1347
96 759 1072
759 96 1072
1072 96 759
1236 253 552
552 253 1236
253 552 1236
506 269 1255
269 506 1255
1255 269 506
37 515 1452
515 37 1452
1452 37 515
109 1110 1415
1415 109 1110
1110 109 1415
1286 667 1425
1425 667 1286
667 1286 1425
1233 576 944
944 576 1233
576 944 1233
1204 377 387
377 387 1204
387 377 1204
779 363 1284
1284 363 779
363 779 1284
1489 614 1193
1193 614 1489
614 1193 1489
653 177 1124
177 653 1124
1124 177 653
475 415 965
965 415 475
415 475 965
1338 62 801
801 62 1338
62 801 1338
1161 688 742
742 688 1161
688 742 1161
863 662 905
662 863 905
905 662 863
1324 122 563
122 563 1324
563 122 1324
1164 341 880
880 341 1164
341 880 1164
1340 821 1459
821 1340 1459
1459 821 1340
657 48 621
48 621 657
621 48 657
954 715 795
795 715 954
715 795 954
744 516 1300
1300 516 744
516 744 1300
1116 192 1447
1447 192 1116
192 1116 1447
290 934 1159
934 290 1159
1159 290 934
1118 20 110
20 110 1118
110 20 1118
1054 699 913
699 913 1054
913 699 1054
1213 211 1120
1120 211 1213
211 1120 1213
1303 502 998
998 502 1303
502 998 1303
823 188 775
188 775 823
775 188 823
1170 1351 1496
1496 1170 1351
1351 1170 1496
1187 112 345
345 112 1187
112 345 1187
1429 353 432
432 353 1429
353 432 1429
1391 668 888
888 668 1391
668 888 1391
1396 519 826
519 826 1396
826 519 1396
1221 591 902
902 591 1221
591 902 1221
939 116 1305
116 939 1305
1305 116 939
130 534 1304
1304 130 534
534 130 1304
604 39 107
39 107 604
107 39 604
629 350 1484
1484 350 629
350 629 1484
88 131 959
131 88 959
959 88 131
418 527 642
527 418 642
642 418 527
261 342 1373
1373 261 342
342 261 1373
458 675 825
675 458 825
825 458 675
1016 74 1013
74 1013 1016
1013 74 1016
1358 254 1400
254 1358 1400
1400 254 1358
620 324 594
594 324 620
324 594 620
59 213 894
213 59 894
894 59 213
183 367 1138
367 183 1138
1138 183 367
1285 33 1485
33 1285 1485
1485 33 1285
794 18 881
18 794 881
881 18 794
972 735 1363
735 972 1363
1363 735 972
694 67 185
67 185 694
185 67 694
539 17 1435
17 539 1435
1435 17 539
120 546 1188
546 120 1188
1188 120 546
870 267 920
920 267 870
267 870 920
513 397 995
397 513 995
995 397 513
94 507 879
507 94 879
879 94 507
1290 228 313
228 313 1290
313 228 1290
723 292 599
292 599 723
599 292 723
197 522 1253
1253 197 522
522 197 1253
493 243 281
243 281 493
281 243 493
285 184 368
368 184 285
184 285 368
1090 628 1481
628 1090 1481
1481 628 1090
346 1018 1336
1018 346 1336
1336 346 1018
1349 684 1078
1078 684 1349
684 1078 1349
1339 105 1488
1488 105 1339
105 1339 1488
1008 898 907
898 907 1008
907 898 1008
803 695 1225
695 803 1225
1225 695 803
718 208 512
512 208 718
208 512 718
52 1097 1381
1097 52 1381
1381 52 1097
1085 1022 1209
1209 1022 1085
1022 1085 1209
437 812 1198
812 437 1198
1198 437 812
1086 28 1364
28 1086 1364
1364 28 1086
1475 687 757
757 687 1475
687 757 1475
1248 408 1131
408 1131 1248
1131 408 1248
809 816 1250
816 809 1250
1250 809 816
