482 407 1217
1217 407 482
407 482 1217
1250 839 1294
839 1250 1294
1294 839 1250
1367 403 807
403 807 1367
807 403 1367
5 408 907
907 5 408
408 5 907
281 3 550
3 281 550
550 3 281
67 59 1481
59 67 1481
1481 59 67
275 562 1037
1037 275 562
562 275 1037
874 1092 1182
1182 874 1092
1092 874 1182
1034 685 720
720 685 1034
685 720 1034
1164 555 776
555 776 1164
776 555 1164
205 126 1394
1394 126 205
126 205 1394
11 131 704
131 11 704
704 11 131
437 782 1004
782 437 1004
1004 437 782
863 725 1180
1180 725 863
725 863 1180
200 491 561
491 200 561
561 200 491
1270 724 1340
1340 724 1270
724 1270 1340
510 696 1248
1248 510 696
696 510 1248
764 506 1206
506 764 1206
1206 506 764
984 327 825
825 327 984
327 825 984
1297 975 1021
1021 975 1297
975 1021 1297
610 1255 1405
1405 610 1255
1255 610 1405
115 597 1033
597 115 1033
1033 115 597
293 152 315
152 293 315
315 152 293
257 463 1077
463 257 1077
1077 257 463
1027 267 538
267 538 1027
538 267 1027
1091 265 1151
1151 265 1091
265 1091 1151
193 28 577
577 28 193
28 193 577
1321 648 799
648 799 1321
799 648 1321
1268 1293 1432
1293 1268 1432
1432 1268 1293
270 15 1172
1172 15 270
15 270 1172
100 1263 1494
1494 100 1263
1263 100 1494
90 1202 1363
1363 90 1202
1202 90 1363
176 336 572
572 176 336
336 176 572
933 1136 1391
1136 933 1391
1391 933 1136
208 385 1061
385 208 1061
1061 208 385
83 314 939
314 83 939
939 83 314
751 295 1337
1337 295 751
295 751 1337
230 475 1347
475 230 1347
1347 230 475
347 153 640
640 153 347
153 347 640
455 946 1325
1325 455 946
946 455 1325
1145 568 1074
568 1074 1145
1074 568 1145
771 486 1024
486 771 1024
1024 486 771
104 601 1426
1426 104 601
601 104 1426
325 496 1427
1427 325 496
496 325 1427
730 1 875
1 730 875
875 1 730
710 646 1148
1148 646 710
646 710 1148
223 881 1400
881 223 1400
1400 223 881
843 923 1079
923 843 1079
1079 843 923
940 712 1099
1099 712 940
712 940 1099
194 128 867
867 128 194
128 194 867
1209 1284 1389
1284 1209 1389
1389 1209 1284
862 111 1490
1490 111 862
111 862 1490
319 821 1436
1436 319 821
821 319 1436
163 392 638
392 163 638
638 163 392
1223 260 958
260 958 1223
958 260 1223
1111 844 982
844 982 1111
982 844 1111
754 263 883
883 263 754
263 754 883
78 546 1460
1460 78 546
546 78 1460
373 809 810
809 373 810
810 373 809
814 66 1028
66 814 1028
1028 66 814
763 584 1291
1291 584 763
584 763 1291
1031 236 1271
236 1031 1271
1271 236 1031
1088 451 992
992 451 1088
451 992 1088
865 714 791
791 714 865
714 791 865
793 118 713
713 118 793
118 713 793
101 1232 1353
1232 101 1353
1353 101 1232
707 592 692
592 692 707
692 592 707
609 453 1446
453 609 1446
1446 453 609
669 436 1339
1339 436 669
436 669 1339
425 983 1396
1396 425 983
983 425 1396
292 1062 1315
1062 292 1315
1315 292 1062
346 622 1043
1043 346 622
622 346 1043
1314 573 1119
1119 573 1314
573 1119 1314
88 85 400
85 88 400
400 85 88
1359 553 1487
1487 553 1359
553 1359 1487
1234 34 1423
1423 34 1234
34 1234 1423
1336 165 219
219 165 1336
165 219 1336
589 224 1355
224 589 1355
1355 224 589
583 421 831
831 421 583
421 583 831
197 419 1049
419 197 1049
1049 197 419
358 384 616
384 358 616
616 358 384
1050 55 569
55 569 1050
569 55 1050
631 625 926
625 631 926
926 625 631
1160 344 664
344 664 1160
664 344 1160
1368 166 1398
1398 166 1368
166 1368 1398
697 369 1425
1425 369 697
369 697 1425
905 1078 1366
1078 905 1366
1366 905 1078
1216 114 668
114 668 1216
668 114 1216
1281 156 976
976 156 1281
156 976 1281
138 650 659
659 138 650
650 138 659
530 321 1438
1438 321 530
321 530 1438
705 1025 1132
1132 705 1025
1025 705 1132
529 191 1451
191 529 1451
1451 191 529
1457 548 889
548 889 1457
889 548 1457
870 937 1103
1103 870 937
937 870 1103
485 76 906
76 485 906
906 76 485
1295 299 1009
299 1009 1295
1009 299 1295
635 654 1228
654 635 1228
1228 635 654
873 787 1331
787 873 1331
1331 787 873
715 48 582
582 48 715
48 582 715
1149 49 1454
49 1149 1454
1454 49 1149
1020 288 1023
288 1020 1023
1023 288 1020
1054 1175 1334
1334 1054 1175
1175 1054 1334
717 967 1026
1026 717 967
967 717 1026
677 547 774
547 677 774
774 547 677
353 226 423
423 226 353
226 353 423
700 500 1441
500 700 1441
1441 500 700
759 133 944
133 759 944
944 133 759
1222 675 1188
1188 675 1222
675 1188 1222
1100 51 376
376 51 1100
51 376 1100
302 1022 1362
1022 302 1362
1362 302 1022
47 1113 1482
1482 47 1113
1113 47 1482
417 389 1461
389 417 1461
1461 389 417
1140 651 954
954 651 1140
651 954 1140
726 329 1168
329 726 1168
1168 329 726
1265 95 434
434 95 1265
95 434 1265
711 62 428
62 428 711
428 62 711
1166 945 1139
945 1139 1166
1139 945 1166
190 103 287
103 190 287
287 103 190
1304 73 989
989 73 1304
73 989 1304
508 611 960
611 508 960
960 508 611
1161 399 560
399 560 1161
560 399 1161
914 141 1493
1493 141 914
141 914 1493
277 234 695
695 234 277
234 277 695
382 1131 1333
1333 382 1131
1131 382 1333
242 27 175
27 175 242
175 27 242
301 522 666
522 301 666
666 301 522
1373 178 1352
1352 178 1373
178 1352 1373
1072 227 595
227 595 1072
595 227 1072
1249 742 783
783 742 1249
742 783 1249
942 1087 1122
1087 942 1122
1122 942 1087
204 626 1205
1205 204 626
626 204 1205
965 747 1201
1201 747 965
747 965 1201
770 1001 1479
1479 770 1001
1001 770 1479
645 985 1343
1343 645 985
985 645 1343
514 89 1266
89 514 1266
1266 89 514
644 222 1210
1210 222 644
222 644 1210
12 445 1497
445 12 1497
1497 12 445
1335 636 722
636 722 1335
722 636 1335
1187 404 1275
404 1187 1275
1275 404 1187
498 371 1199
371 498 1199
1199 371 498
1324 338 1134
338 1134 1324
1134 338 1324
1002 363 422
422 363 1002
363 422 1002
811 19 283
19 283 811
283 19 811
999 184 998
184 998 999
998 184 999
1147 661 1447
1447 661 1147
661 1147 1447
827 438 921
438 827 921
921 438 827
687 680 1370
680 687 1370
1370 680 687
1364 574 593
574 593 1364
593 574 1364
1117 361 963
963 361 1117
361 963 1117
503 50 161
161 50 503
50 161 503
872 505 559
559 505 872
505 559 872
316 330 1498
1498 316 330
330 316 1498
415 435 1076
435 415 1076
1076 415 435
752 440 1107
1107 440 752
440 752 1107
641 603 1090
603 641 1090
1090 603 641
679 478 1480
1480 478 679
478 679 1480
310 8 1382
1382 8 310
8 310 1382
630 362 686
362 630 686
686 362 630
936 16 733
16 733 936
733 16 936
420 306 1369
1369 306 420
306 420 1369
1299 489 835
489 835 1299
835 489 1299
237 544 837
837 237 544
544 237 837
823 79 388
79 388 823
388 79 823
1005 29 731
731 29 1005
29 731 1005
213 524 1070
524 213 1070
1070 213 524
852 1018 1298
1298 852 1018
1018 852 1298
753 238 343
238 343 753
343 238 753
513 563 842
563 513 842
842 513 563
683 1157 1197
1157 683 1197
1197 683 1157
643 255 335
335 255 643
255 335 643
829 581 1388
581 829 1388
1388 581 829
1316 239 904
239 904 1316
904 239 1316
356 7 1378
1378 7 356
7 356 1378
374 588 1224
588 374 1224
1224 374 588
1019 846 1133
1133 846 1019
846 1019 1133
1008 688 997
688 997 1008
997 688 1008
732 246 820
820 246 732
246 732 820
1499 360 1377
1377 360 1499
360 1377 1499
1420 780 1035
1035 780 1420
780 1035 1420
557 818 1073
1073 557 818
818 557 1073
1448 798 824
824 798 1448
798 824 1448
64 252 1302
252 64 1302
1302 64 252
781 349 924
924 349 781
349 781 924
300 493 517
493 300 517
517 300 493
1305 396 1126
396 1126 1305
1126 396 1305
953 280 477
280 477 953
477 280 953
898 304 541
304 541 898
541 304 898
570 23 426
23 426 570
426 23 570
1458 709 1469
709 1458 1469
1469 709 1458
649 964 978
964 649 978
978 649 964
123 446 1459
1459 123 446
446 123 1459
1045 621 1381
621 1045 1381
1381 621 1045
968 928 1040
1040 928 968
928 968 1040
1379 600 815
815 600 1379
600 815 1379
1137 632 1129
632 1129 1137
1129 632 1137
1141 468 1345
1345 468 1141
468 1141 1345
902 58 99
99 58 902
58 99 902
1414 585 1463
1463 585 1414
585 1414 1463
706 591 1171
591 706 1171
1171 591 706
850 1327 1407
1407 850 1327
1327 850 1407
130 471 986
986 130 471
471 130 986
1416 805 1115
1115 805 1416
805 1115 1416
276 249 1177
249 276 1177
1177 249 276
1413 637 1384
637 1384 1413
1384 637 1413
1118 313 1269
313 1118 1269
1269 313 1118
247 383 1114
383 247 1114
1114 247 383
39 1417 1419
1419 39 1417
1417 39 1419
424 519 1354
519 424 1354
1354 424 519
830 1112 1307
1307 830 1112
1112 830 1307
652 448 996
996 448 652
448 652 996
1211 387 974
974 387 1211
387 974 1211
957 492 962
492 957 962
962 492 957
1082 925 1138
925 1082 1138
1138 925 1082
406 179 379
379 179 406
179 379 406
864 1179 1243
1243 864 1179
1179 864 1243
342 210 543
543 210 342
210 342 543
718 674 736
736 674 718
674 718 736
135 146 1051
146 135 1051
1051 135 146
566 951 1276
1276 566 951
951 566 1276
531 623 959
959 531 623
623 531 959
368 465 1068
1068 368 465
465 368 1068
456 1130 1262
1262 456 1130
1130 456 1262
1375 266 377
377 266 1375
266 377 1375
1239 1039 1274
1274 1039 1239
1039 1239 1274
42 969 1349
1349 42 969
969 42 1349
1108 150 1244
150 1108 1244
1244 150 1108
1155 211 1102
1102 211 1155
211 1102 1155
309 481 1326
481 309 1326
1326 309 481
586 647 1221
1221 586 647
647 586 1221
254 174 220
174 220 254
220 174 254
629 532 1142
532 629 1142
1142 532 629
934 121 394
394 121 934
121 394 934
1181 37 1163
37 1163 1181
1163 37 1181
351 340 788
340 351 788
788 340 351
1069 334 1267
334 1069 1267
1267 334 1069
908 613 1376
613 908 1376
1376 613 908
817 256 1350
256 817 1350
1350 256 817
993 212 241
212 241 993
241 212 993
1434 579 723
723 579 1434
579 723 1434
367 206 1289
1289 206 367
206 367 1289
772 795 1067
795 772 1067
1067 772 795
919 109 1320
109 919 1320
1320 109 919
1208 515 1277
1277 515 1208
515 1208 1277
202 507 762
507 202 762
762 202 507
433 155 1012
155 433 1012
1012 155 433
1485 189 880
880 189 1485
189 880 1485
43 884 1104
1104 43 884
884 43 1104
761 912 1048
1048 761 912
912 761 1048
1158 122 154
122 154 1158
154 122 1158
1014 311 554
554 311 1014
311 554 1014
1053 207 1495
1495 207 1053
207 1053 1495
1385 96 181
96 181 1385
181 96 1385
1195 81 137
81 137 1195
137 81 1195
1404 738 991
738 991 1404
991 738 1404
1435 22 1085
1085 22 1435
22 1085 1435
173 656 1468
656 173 1468
1468 173 656
1455 682 1357
1357 682 1455
682 1357 1455
1415 1097 1418
1418 1097 1415
1097 1415 1418
1466 1125 1489
1125 1466 1489
1489 1125 1466
619 1196 1478
1478 619 1196
1196 619 1478
1229 612 1477
612 1229 1477
1477 612 1229
323 917 1464
1464 323 917
917 323 1464
885 261 1135
1135 261 885
261 885 1135
413 552 757
757 413 552
552 413 757
201 602 741
741 201 602
602 201 741
60 851 938
851 60 938
938 60 851
739 691 1189
691 739 1189
1189 691 739
1439 671 849
849 671 1439
671 849 1439
235 262 916
916 235 262
262 235 916
1402 243 1167
243 1167 1402
1167 243 1402
1410 162 1003
1003 162 1410
162 1003 1410
915 45 1106
1106 45 915
45 915 1106
393 900 1056
1056 393 900
900 393 1056
662 598 1313
1313 598 662
598 662 1313
30 33 521
33 30 521
521 30 33
168 922 972
972 168 922
922 168 972
847 160 977
977 160 847
160 847 977
378 458 768
768 378 458
458 378 768
784 401 512
512 401 784
401 512 784
20 913 1190
1190 20 913
913 20 1190
1258 737 1101
737 1101 1258
1101 737 1258
2 894 1300
1300 2 894
894 2 1300
279 950 1409
950 279 1409
1409 279 950
994 540 708
708 540 994
540 708 994
113 1220 1387
1220 113 1387
1387 113 1220
1235 274 345
345 274 1235
274 345 1235
956 390 786
786 390 956
390 786 956
628 743 1424
743 628 1424
1424 628 743
289 305 703
703 289 305
305 289 703
981 269 1411
269 981 1411
1411 269 981
1286 322 1383
1383 322 1286
322 1286 1383
397 1036 1152
1152 397 1036
1036 397 1152
1183 124 143
143 124 1183
124 143 1183
1165 484 1042
1042 484 1165
484 1042 1165
1011 354 804
354 804 1011
804 354 1011
1456 125 935
935 125 1456
125 935 1456
1029 172 1348
1348 172 1029
172 1029 1348
775 282 1273
282 775 1273
1273 282 775
729 119 139
119 139 729
139 119 729
149 112 828
828 112 149
112 149 828
1484 1264 1399
1399 1264 1484
1264 1399 1484
1344 1116 1225
1116 1225 1344
1225 1116 1344
245 620 1184
1184 245 620
620 245 1184
845 452 876
452 845 876
876 452 845
1318 91 386
386 91 1318
91 386 1318
167 312 317
312 167 317
317 167 312
497 681 1173
681 497 1173
1173 497 681
750 1449 1452
1452 750 1449
1449 750 1452
740 170 251
251 170 740
170 251 740
495 966 1440
1440 495 966
966 495 1440
199 68 229
68 199 229
229 68 199
365 467 1071
467 365 1071
1071 365 467
157 18 794
18 157 794
794 18 157
1121 1215 1372
1215 1121 1372
1372 1121 1215
605 97 571
97 571 605
571 97 605
952 474 701
701 474 952
474 701 952
1017 1170 1406
1406 1017 1170
1170 1017 1406
44 607 1380
607 44 1380
1380 44 607
171 92 882
882 92 171
92 171 882
1471 84 920
920 84 1471
84 920 1471
1259 372 1251
372 1251 1259
1251 372 1259
1159 142 886
886 142 1159
142 886 1159
899 633 822
633 822 899
822 633 899
409 891 1059
891 409 1059
1059 409 891
606 693 1332
1332 606 693
693 606 1332
57 1442 1470
1470 57 1442
1442 57 1470
9 480 1488
1488 9 480
480 9 1488
443 479 1162
479 443 1162
1162 443 479
800 14 429
429 14 800
14 429 800
838 511 988
988 511 838
511 838 988
1046 721 1015
1015 721 1046
721 1015 1046
13 1075 1093
1093 13 1075
1075 13 1093
1241 1169 1421
1169 1241 1421
1421 1169 1241
442 240 1431
240 442 1431
1431 240 442
1306 1230 1445
1230 1306 1445
1445 1230 1306
812 82 943
943 82 812
82 812 943
1214 1010 1236
1236 1010 1214
1010 1214 1236
1178 450 790
450 790 1178
790 450 1178
72 411 1240
411 72 1240
1240 72 411
380 366 1292
366 380 1292
1292 366 380
929 439 1393
439 929 1393
1393 439 929
1006 734 1392
734 1006 1392
1392 734 1006
195 789 1198
789 195 1198
1198 195 789
228 955 1153
1153 228 955
955 228 1153
1474 320 520
520 320 1474
320 520 1474
941 927 1065
1065 927 941
927 941 1065
1081 348 564
564 348 1081
348 564 1081
198 970 1395
1395 198 970
970 198 1395
1285 244 1371
244 1285 1371
1371 244 1285
26 663 676
676 26 663
663 26 676
1351 144 816
144 816 1351
816 144 1351
395 979 1422
979 395 1422
1422 395 979
769 65 1192
65 769 1192
1192 65 769
188 533 1231
533 188 1231
1231 188 533
673 1105 1252
1105 673 1252
1252 673 1105
352 576 1312
576 352 1312
1312 352 576
326 536 897
536 326 897
897 326 536
702 461 1063
461 702 1063
1063 461 702
1476 614 910
614 910 1476
910 614 1476
658 259 854
259 658 854
854 259 658
1127 1156 1486
1486 1127 1156
1156 1127 1486
375 158 483
483 158 375
158 375 483
1204 690 1473
690 1204 1473
1473 690 1204
1412 107 1084
107 1084 1412
1084 107 1412
1227 53 523
523 53 1227
53 523 1227
488 765 1007
765 488 1007
1007 488 765
120 1207 1219
1219 120 1207
1207 120 1219
526 618 639
639 526 618
618 526 639
642 778 1358
778 642 1358
1358 642 778
1041 31 833
833 31 1041
31 833 1041
1095 777 973
973 777 1095
777 973 1095
4 624 1475
624 4 1475
1475 4 624
801 848 1124
848 801 1124
1124 801 848
684 333 1408
1408 333 684
333 684 1408
1200 866 893
866 893 1200
893 866 1200
1256 87 856
87 856 1256
856 87 1256
196 209 341
341 196 209
209 196 341
441 187 1290
187 441 1290
1290 187 441
248 40 580
580 40 248
40 248 580
398 860 1296
1296 398 860
860 398 1296
1308 264 896
264 896 1308
896 264 1308
1052 556 797
797 556 1052
556 797 1052
716 634 1030
1030 634 716
634 716 1030
558 164 290
164 290 558
290 164 558
250 405 1462
1462 250 405
405 250 1462
1491 1080 1260
1260 1080 1491
1080 1260 1491
932 832 1154
1154 832 932
832 932 1154
826 151 1278
1278 151 826
151 826 1278
802 1094 1437
1094 802 1437
1437 802 1094
460 136 1146
1146 136 460
136 460 1146
52 41 1311
1311 41 52
41 52 1311
1194 218 836
836 218 1194
218 836 1194
840 819 1374
1374 819 840
819 840 1374
129 134 689
689 129 134
134 129 689
1341 653 758
758 653 1341
653 758 1341
1309 504 1310
504 1309 1310
1310 504 1309
1098 1319 1430
1430 1098 1319
1319 1098 1430
418 46 855
46 418 855
855 46 418
462 868 892
868 462 892
892 462 868
660 995 1467
995 660 1467
1467 660 995
501 127 728
728 127 501
127 501 728
93 857 1176
1176 93 857
857 93 1176
337 6 755
6 337 755
755 6 337
888 180 878
180 878 888
878 180 888
169 140 499
499 140 169
140 169 499
381 1032 1109
1032 381 1109
1109 381 1032
159 414 542
542 159 414
414 159 542
785 35 744
744 35 785
35 744 785
324 745 980
745 324 980
980 324 745
1066 416 1245
416 1066 1245
1245 416 1066
203 796 1055
1055 203 796
796 203 1055
36 869 1096
869 36 1096
1096 36 869
192 469 1322
1322 192 469
469 192 1322
746 70 948
70 746 948
948 70 746
565 339 1242
339 565 1242
1242 339 565
38 1057 1287
1057 38 1287
1287 38 1057
672 145 427
427 145 672
145 427 672
1237 69 756
756 69 1237
69 756 1237
903 911 1013
911 903 1013
1013 903 911
1047 350 1433
1433 350 1047
350 1047 1433
1403 298 355
355 298 1403
298 355 1403
110 116 1060
116 110 1060
1060 110 116
806 1279 1492
1279 806 1492
1492 806 1279
1246 1361 1500
1500 1246 1361
1361 1246 1500
655 502 1083
1083 502 655
502 655 1083
657 186 357
186 357 657
357 186 657
527 359 1330
359 527 1330
1330 359 527
370 432 877
877 370 432
432 370 877
328 841 1174
1174 328 841
841 328 1174
332 430 1301
1301 332 430
430 332 1301
1186 225 1360
1360 225 1186
225 1186 1360
971 258 1453
1453 258 971
258 971 1453
1253 94 297
94 297 1253
297 94 1253
1000 947 1365
1365 947 1000
947 1000 1365
1429 1317 1342
1342 1317 1429
1317 1342 1429
80 391 1238
1238 80 391
391 80 1238
615 665 1064
1064 615 665
665 615 1064
808 10 487
10 487 808
487 10 808
1443 871 1283
1283 871 1443
871 1283 1443
307 54 476
54 307 476
476 54 307
1346 308 887
308 887 1346
887 308 1346
699 294 472
294 472 699
472 294 699
63 457 694
694 63 457
457 63 694
410 272 545
272 410 545
545 272 410
1123 834 895
895 834 1123
834 895 1123
473 727 1120
1120 473 727
727 473 1120
859 185 278
278 185 859
185 278 859
518 879 949
949 518 879
879 518 949
1397 25 575
575 25 1397
25 575 1397
792 402 1226
1226 402 792
402 792 1226
21 1150 1213
1150 21 1213
1213 21 1150
268 670 909
670 268 909
909 268 670
1191 567 890
890 567 1191
567 890 1191
918 98 1128
1128 98 918
98 918 1128
56 464 735
735 56 464
464 56 735
303 296 1288
296 303 1288
1288 296 303
1144 105 1303
1303 105 1144
105 1144 1303
1218 108 578
108 578 1218
578 108 1218
466 291 1058
1058 291 466
291 466 1058
1338 32 75
32 75 1338
75 32 1338
1261 1185 1282
1185 1261 1282
1282 1185 1261
1428 286 1496
1496 286 1428
286 1428 1496
773 148 1203
1203 148 773
148 773 1203
930 858 1465
1465 858 930
858 930 1465
147 749 1044
749 147 1044
1044 147 749
766 803 1450
1450 766 803
803 766 1450
535 539 1280
539 535 1280
1280 535 539
183 102 1038
1038 102 183
102 183 1038
987 24 1444
1444 24 987
24 987 1444
444 182 599
599 182 444
182 444 599
490 285 1193
1193 285 490
285 490 1193
590 412 1472
412 590 1472
1472 412 590
596 253 1016
253 596 1016
1016 253 596
1212 587 990
990 587 1212
587 990 1212
459 698 760
760 459 698
698 459 760
901 17 231
17 231 901
231 17 901
233 71 217
217 71 233
71 217 233
77 767 1401
767 77 1401
1401 77 767
604 216 271
271 216 604
216 271 604
214 617 1329
617 214 1329
1329 214 617
74 331 1272
331 74 1272
1272 74 331
594 931 1143
931 594 1143
1143 594 931
667 528 678
528 667 678
678 528 667
106 232 549
549 106 232
232 106 549
273 447 534
534 273 447
447 273 534
1089 719 1086
719 1086 1089
1086 719 1089
1356 318 1257
318 1257 1356
1257 318 1356
470 221 853
221 470 853
853 221 470
627 516 1386
1386 516 627
516 627 1386
813 509 1483
509 813 1483
1483 509 813
608 117 1247
1247 117 608
117 608 1247
86 364 748
364 86 748
748 86 364
215 449 537
449 215 537
537 215 449
525 1110 1254
1254 525 1110
1110 525 1254
1390 431 1323
431 1323 1390
1323 431 1390
61 177 861
861 61 177
177 61 861
551 284 454
454 284 551
284 454 551
961 132 779
779 132 961
132 779 961
1328 494 1233
1233 494 1328
494 1233 1328
