13108 5137 12885
12885 5137 13108
5137 12885 13108
13739 5740 10732
5740 10732 13739
10732 5740 13739
10760 1831 6954
1831 6954 10760
6954 1831 10760
6434 9938 12905
9938 6434 12905
12905 6434 9938
4153 4057 7978
7978 4057 4153
4057 4153 7978
6352 6098 12536
6098 6352 12536
12536 6098 6352
14558 4765 12652
4765 12652 14558
12652 4765 14558
3283 5205 12638
5205 3283 12638
12638 3283 5205
13391 2612 8800
2612 8800 13391
8800 2612 13391
10547 3617 13360
3617 10547 13360
13360 3617 10547
5619 214 5432
214 5432 5619
5432 214 5619
6145 117 9181
117 6145 9181
9181 117 6145
1691 121 798
798 121 1691
121 798 1691
5305 760 8691
8691 760 5305
760 5305 8691
14894 2280 3466
2280 3466 14894
3466 2280 14894
3547 4404 10081
10081 3547 4404
4404 3547 10081
8014 70 10223
10223 70 8014
70 8014 10223
1263 5118 11980
11980 1263 5118
5118 1263 11980
11966 5834 10938
5834 10938 11966
10938 5834 11966
14345 3091 5401
5401 3091 14345
3091 5401 14345
3101 5097 13227
13227 3101 5097
5097 3101 13227
4566 12210 13329
12210 4566 13329
13329 4566 12210
6313 10917 11779
10917 6313 11779
11779 6313 10917
7739 6808 10881
6808 7739 10881
10881 6808 7739
6262 882 1630
882 1630 6262
1630 882 6262
2161 7510 9264
7510 2161 9264
9264 2161 7510
3628 810 13840
13840 810 3628
810 3628 13840
3693 9019 14950
9019 3693 14950
14950 3693 9019
2396 323 6224
323 2396 6224
6224 323 2396
10172 6922 10185
10185 6922 10172
6922 10172 10185
264 1506 3181
1506 264 3181
3181 264 1506
2477 7648 9839
7648 2477 9839
9839 2477 7648
8044 9554 14327
9554 8044 14327
14327 8044 9554
13112 12395 13727
13727 12395 13112
12395 13112 13727
3107 1441 10501
1441 3107 10501
10501 1441 3107
4083 4119 6403
6403 4083 4119
4119 4083 6403
2092 4280 6504
6504 2092 4280
4280 2092 6504
11824 1711 14572
14572 1711 11824
1711 11824 14572
13018 8424 10404
10404 8424 13018
8424 10404 13018
7873 107 5342
107 5342 7873
5342 107 7873
3710 129 11774
129 3710 11774
11774 129 3710
9261 1925 5013
1925 5013 9261
5013 1925 9261
1589 431 14263
431 1589 14263
14263 431 1589
8108 148 1611
1611 148 8108
148 1611 8108
8579 5368 11326
11326 5368 8579
5368 8579 11326
2163 7311 10503
10503 2163 7311
7311 2163 10503
10776 13081 14568
13081 10776 14568
14568 10776 13081
6944 10408 13241
10408 6944 13241
13241 6944 10408
1531 9410 9413
9410 1531 9413
9413 1531 9410
9010 7407 9136
9136 7407 9010
7407 9010 9136
3598 4181 8537
4181 3598 8537
8537 3598 4181
1975 4502 7275
4502 1975 7275
7275 1975 4502
4930 48 9445
48 4930 9445
9445 48 4930
11766 7123 14041
7123 11766 14041
14041 7123 11766
2245 7593 12251
12251 2245 7593
7593 2245 12251
6025 5497 9451
5497 6025 9451
9451 5497 6025
4918 11023 14995
11023 4918 14995
14995 4918 11023
3075 5962 12212
12212 3075 5962
5962 3075 12212
14389 5905 14084
5905 14084 14389
14084 5905 14389
9256 3057 3406
3057 3406 9256
3406 3057 9256
183 2919 7225
2919 183 7225
7225 183 2919
9330 6660 10161
10161 6660 9330
6660 9330 10161
9949 5487 8245
8245 5487 9949
5487 8245 9949
3745 2527 11837
2527 3745 11837
11837 2527 3745
5365 2619 2783
2783 2619 5365
2619 2783 5365
1996 7804 12776
7804 1996 12776
12776 1996 7804
7525 9340 13405
9340 7525 13405
13405 7525 9340
3980 3829 12280
12280 3829 3980
3829 3980 12280
6437 3340 12110
3340 6437 12110
12110 3340 6437
9547 8183 11869
11869 8183 9547
8183 9547 11869
8263 2717 7625
7625 2717 8263
2717 7625 8263
13315 1293 2713
1293 2713 13315
2713 1293 13315
13811 2222 6866
2222 6866 13811
6866 2222 13811
14090 960 1788
960 1788 14090
1788 960 14090
2988 3903 12112
3903 2988 12112
12112 2988 3903
1723 4797 4993
4797 1723 4993
4993 1723 4797
5787 4519 14679
14679 4519 5787
4519 5787 14679
1340 9599 11549
11549 1340 9599
9599 1340 11549
2690 6307 9295
9295 2690 6307
6307 2690 9295
10512 1144 11697
11697 1144 10512
1144 10512 11697
14320 36 4127
36 4127 14320
4127 36 14320
9957 8612 14784
8612 9957 14784
14784 8612 9957
3991 1336 6368
6368 1336 3991
1336 3991 6368
7442 12121 12912
12121 7442 12912
12912 7442 12121
12651 1353 2587
1353 2587 12651
2587 1353 12651
5106 12799 14584
12799 5106 14584
14584 5106 12799
6455 12358 13682
12358 6455 13682
13682 6455 12358
7821 10571 14416
14416 7821 10571
10571 7821 14416
3921 5 1634
1634 5 3921
5 1634 3921
3694 4715 5921
4715 3694 5921
5921 3694 4715
12221 7053 9435
7053 9435 12221
9435 7053 12221
8952 1105 2264
2264 1105 8952
1105 2264 8952
8722 9582 10677
10677 8722 9582
9582 8722 10677
3595 251 7398
251 3595 7398
7398 251 3595
4347 2470 6709
6709 2470 4347
2470 4347 6709
9377 5290 8129
5290 8129 9377
8129 5290 9377
14208 5737 14736
5737 14208 14736
14736 5737 14208
11465 4828 6750
4828 6750 11465
6750 4828 11465
13813 1879 11807
1879 11807 13813
11807 1879 13813
13094 474 8164
474 8164 13094
8164 474 13094
10497 4581 14045
4581 10497 14045
14045 4581 10497
5437 2263 3292
2263 3292 5437
3292 2263 5437
2926 6821 9980
6821 2926 9980
9980 2926 6821
12413 5230 11560
5230 11560 12413
11560 5230 12413
6074 11428 13367
11428 6074 13367
13367 6074 11428
10569 6657 11584
11584 6657 10569
6657 10569 11584
6334 7603 13888
7603 6334 13888
13888 6334 7603
13456 4036 13670
4036 13456 13670
13670 4036 13456
941 5804 8448
8448 941 5804
5804 941 8448
7049 6748 11705
11705 6748 7049
6748 7049 11705
4980 8387 11351
8387 4980 11351
11351 4980 8387
7362 1985 8866
1985 7362 8866
8866 1985 7362
6059 4143 6596
4143 6059 6596
6596 4143 6059
13126 4065 11147
4065 11147 13126
11147 4065 13126
159 8886 10491
10491 159 8886
8886 159 10491
10906 6060 6154
6154 6060 10906
6060 6154 10906
12738 1943 14252
1943 12738 14252
14252 1943 12738
10628 2501 11893
2501 10628 11893
11893 2501 10628
9089 10901 13017
13017 9089 10901
10901 9089 13017
11138 4387 6697
4387 6697 11138
6697 4387 11138
220 10371 13765
13765 220 10371
10371 220 13765
4569 78 11572
11572 78 4569
78 4569 11572
6936 11232 11299
11299 6936 11232
11232 6936 11299
9042 6908 13185
13185 6908 9042
6908 9042 13185
12441 6651 7892
6651 7892 12441
7892 6651 12441
14635 420 5832
5832 420 14635
420 5832 14635
14632 5102 14502
14502 5102 14632
5102 14502 14632
9747 1772 4364
4364 1772 9747
1772 4364 9747
4855 13862 13964
13862 4855 13964
13964 4855 13862
5712 56 12225
56 5712 12225
12225 56 5712
53 765 1159
1159 53 765
765 53 1159
5496 5807 13111
5807 5496 13111
13111 5496 5807
5051 9242 9759
9242 5051 9759
9759 5051 9242
10434 4506 5981
5981 4506 10434
4506 5981 10434
7218 9034 14396
14396 7218 9034
9034 7218 14396
8728 9431 11836
9431 8728 11836
11836 8728 9431
8822 1162 11020
1162 8822 11020
11020 1162 8822
1136 3753 9345
3753 1136 9345
9345 1136 3753
5389 3150 3244
3244 3150 5389
3150 3244 5389
5530 9217 13029
13029 5530 9217
9217 5530 13029
14868 1296 14128
1296 14128 14868
14128 1296 14868
11072 343 1766
1766 343 11072
343 1766 11072
13102 2213 7862
7862 2213 13102
2213 7862 13102
1330 4776 10174
4776 1330 10174
10174 1330 4776
14536 1289 2271
1289 2271 14536
2271 1289 14536
589 2462 11938
2462 589 11938
11938 589 2462
8088 7102 11867
11867 7102 8088
7102 8088 11867
8193 4132 12382
4132 8193 12382
12382 4132 8193
8383 391 3604
391 3604 8383
3604 391 8383
5745 6721 7429
6721 5745 7429
7429 5745 6721
4041 3937 9753
9753 3937 4041
3937 4041 9753
13085 8529 13542
8529 13085 13542
13542 8529 13085
14595 13820 14476
13820 14476 14595
14476 13820 14595
12148 1079 10307
10307 1079 12148
1079 10307 12148
1359 1548 1713
1713 1359 1548
1548 1359 1713
10243 11382 13733
13733 10243 11382
11382 10243 13733
2550 3000 13344
13344 2550 3000
3000 2550 13344
2944 728 5184
728 2944 5184
5184 728 2944
13034 1619 2007
1619 2007 13034
2007 1619 13034
3957 4859 13375
13375 3957 4859
4859 3957 13375
11112 10530 14588
14588 10530 11112
10530 11112 14588
13769 1373 10621
1373 10621 13769
10621 1373 13769
2740 10617 11002
10617 2740 11002
11002 2740 10617
574 269 1345
1345 269 574
269 574 1345
9919 6468 7523
7523 6468 9919
6468 7523 9919
3778 4730 11174
4730 3778 11174
11174 3778 4730
12145 1710 7844
1710 7844 12145
7844 1710 12145
14983 12430 13317
12430 13317 14983
13317 12430 14983
3824 24 428
428 24 3824
24 428 3824
11233 7437 14276
14276 7437 11233
7437 11233 14276
7307 8635 14469
14469 7307 8635
8635 7307 14469
2648 2338 5371
2338 2648 5371
5371 2338 2648
10457 8355 13118
8355 10457 13118
13118 8355 10457
11725 5531 8521
5531 8521 11725
8521 5531 11725
10456 7438 14123
14123 7438 10456
7438 10456 14123
5882 1281 5390
1281 5390 5882
5390 1281 5882
4650 8916 11887
8916 4650 11887
11887 4650 8916
35 7247 11270
7247 35 11270
11270 35 7247
8422 9631 12058
12058 8422 9631
9631 8422 12058
13801 1110 10369
10369 1110 13801
1110 10369 13801
8089 1513 7870
7870 1513 8089
1513 7870 8089
2460 4164 4268
4164 2460 4268
4268 2460 4164
12562 3172 12541
3172 12541 12562
12541 3172 12562
1894 1195 4485
1195 1894 4485
4485 1195 1894
8656 2576 6712
6712 2576 8656
2576 6712 8656
6998 1664 9507
9507 1664 6998
1664 6998 9507
10682 3246 7392
7392 3246 10682
3246 7392 10682
5300 7965 14145
14145 5300 7965
7965 5300 14145
10594 6797 14353
14353 6797 10594
6797 10594 14353
4047 1193 2064
2064 1193 4047
1193 2064 4047
15000 2834 14645
2834 14645 15000
14645 2834 15000
2853 2098 11321
11321 2098 2853
2098 2853 11321
6633 5157 9137
5157 6633 9137
9137 5157 6633
10629 1645 13203
13203 1645 10629
1645 10629 13203
2112 3145 8987
8987 2112 3145
3145 2112 8987
8483 6099 9851
6099 8483 9851
9851 6099 8483
13006 2546 7710
7710 2546 13006
2546 7710 13006
6900 3383 11309
3383 6900 11309
11309 3383 6900
3143 3076 6581
3076 3143 6581
6581 3076 3143
277 3444 3553
3444 277 3553
3553 277 3444
14775 344 13561
13561 344 14775
344 13561 14775
2067 11957 13394
13394 2067 11957
11957 2067 13394
11417 8385 13795
8385 11417 13795
13795 8385 11417
8459 5691 10696
5691 8459 10696
10696 5691 8459
6928 7872 9672
9672 6928 7872
7872 6928 9672
7974 9442 10066
10066 7974 9442
9442 7974 10066
14247 6294 13724
13724 6294 14247
6294 13724 14247
2270 2593 3870
2593 2270 3870
3870 2270 2593
8813 487 6847
6847 487 8813
487 6847 8813
4618 9306 13636
9306 4618 13636
13636 4618 9306
11089 445 14189
14189 445 11089
445 11089 14189
5548 6085 6137
6137 5548 6085
6085 5548 6137
1739 5089 14842
5089 1739 14842
14842 1739 5089
4303 6796 10487
6796 4303 10487
10487 4303 6796
2421 1044 9486
1044 2421 9486
9486 1044 2421
13276 3892 13998
3892 13276 13998
13998 3892 13276
4401 7742 12618
7742 4401 12618
12618 4401 7742
10844 3630 7005
7005 3630 10844
3630 7005 10844
14298 3984 5235
3984 5235 14298
5235 3984 14298
7178 9505 14823
9505 7178 14823
14823 7178 9505
7366 167 2368
167 2368 7366
2368 167 7366
9283 5625 7352
7352 5625 9283
5625 7352 9283
11520 2348 9447
9447 2348 11520
2348 9447 11520
2256 7675 14861
7675 2256 14861
14861 2256 7675
2423 2917 12245
2917 2423 12245
12245 2423 2917
1188 3399 7592
7592 1188 3399
3399 1188 7592
3623 751 1993
1993 751 3623
751 1993 3623
2392 2533 13849
13849 2392 2533
2533 2392 13849
2823 1740 8863
8863 1740 2823
1740 2823 8863
7547 6496 9482
6496 7547 9482
9482 6496 7547
13258 1705 13648
1705 13258 13648
13648 1705 13258
6525 12289 12389
12389 6525 12289
12289 6525 12389
8047 2777 8061
2777 8047 8061
8061 2777 8047
4733 11297 13316
11297 4733 13316
13316 4733 11297
3982 456 4793
456 3982 4793
4793 456 3982
12079 239 1449
1449 239 12079
239 1449 12079
13173 1584 13372
1584 13173 13372
13372 1584 13173
12431 5429 7396
7396 5429 12431
5429 7396 12431
12178 6105 12425
6105 12178 12425
12425 6105 12178
10556 9272 11602
9272 10556 11602
11602 9272 10556
1057 2379 5029
2379 1057 5029
5029 1057 2379
7066 2273 11008
11008 2273 7066
2273 7066 11008
6319 2393 5821
2393 5821 6319
5821 2393 6319
2257 4684 5075
4684 2257 5075
5075 2257 4684
6756 11568 11689
11568 6756 11689
11689 6756 11568
13236 6731 7519
7519 6731 13236
6731 7519 13236
12681 8623 12871
12871 8623 12681
8623 12681 12871
7513 629 1917
1917 629 7513
629 1917 7513
14524 419 4173
4173 419 14524
419 4173 14524
4451 3783 3939
3939 3783 4451
3783 3939 4451
1405 10705 11895
11895 1405 10705
10705 1405 11895
13142 454 4787
4787 454 13142
454 4787 13142
1473 3443 14870
14870 1473 3443
3443 1473 14870
8734 553 1393
1393 553 8734
553 1393 8734
9421 51 7284
7284 51 9421
51 7284 9421
5553 12867 13980
12867 5553 13980
13980 5553 12867
13723 6535 11336
11336 6535 13723
6535 11336 13723
7443 4775 6781
6781 4775 7443
4775 6781 7443
13867 5090 14068
14068 5090 13867
5090 13867 14068
2435 608 866
866 608 2435
608 866 2435
13572 4229 13673
4229 13572 13673
13673 4229 13572
163 5657 14408
5657 163 14408
14408 163 5657
10134 4085 14198
4085 10134 14198
14198 4085 10134
1284 8384 10545
8384 1284 10545
10545 1284 8384
10147 3941 8260
8260 3941 10147
3941 8260 10147
786 1855 9096
1855 786 9096
9096 786 1855
6216 14160 14461
14461 6216 14160
14160 6216 14461
4079 11483 13527
11483 4079 13527
13527 4079 11483
9370 6052 14324
6052 9370 14324
14324 6052 9370
6162 7733 10316
7733 6162 10316
10316 6162 7733
2712 4165 5092
4165 2712 5092
5092 2712 4165
2088 309 13927
309 2088 13927
13927 309 2088
14122 3631 8344
3631 8344 14122
8344 3631 14122
4288 4018 13001
4018 4288 13001
13001 4018 4288
12895 8819 13387
13387 8819 12895
8819 12895 13387
7855 8392 8851
8851 7855 8392
8392 7855 8851
5069 5197 5440
5197 5069 5440
5440 5069 5197
14303 2447 7584
7584 2447 14303
2447 7584 14303
5499 4689 12347
4689 5499 12347
12347 4689 5499
11894 1672 11272
11272 1672 11894
1672 11272 11894
4888 3223 8995
8995 3223 4888
3223 4888 8995
8176 2748 14821
2748 8176 14821
14821 2748 8176
12453 6055 10290
6055 10290 12453
10290 6055 12453
11088 178 2282
2282 178 11088
178 2282 11088
6668 4745 9694
4745 6668 9694
9694 4745 6668
1111 10062 14480
10062 1111 14480
14480 1111 10062
3508 7110 10559
10559 3508 7110
7110 3508 10559
14014 2058 8074
2058 8074 14014
8074 2058 14014
2238 1551 9422
9422 1551 2238
1551 2238 9422
14748 6843 8659
8659 6843 14748
6843 8659 14748
1655 5344 10690
5344 1655 10690
10690 1655 5344
2304 511 6337
511 2304 6337
6337 511 2304
13654 3465 6065
6065 3465 13654
3465 6065 13654
1209 278 11253
278 1209 11253
11253 278 1209
8944 8019 11615
11615 8019 8944
8019 8944 11615
9301 1976 14418
14418 1976 9301
1976 9301 14418
8653 6165 8039
8039 6165 8653
6165 8039 8653
11086 5589 8540
8540 5589 11086
5589 8540 11086
10882 8720 9142
8720 9142 10882
9142 8720 10882
8801 8430 13681
13681 8430 8801
8430 8801 13681
12195 7955 11532
11532 7955 12195
7955 11532 12195
5311 3264 6433
3264 5311 6433
6433 3264 5311
1876 9844 12341
9844 1876 12341
12341 1876 9844
10094 2572 10291
10291 2572 10094
2572 10094 10291
13504 17 9141
17 9141 13504
9141 17 13504
11898 12100 13807
12100 11898 13807
13807 11898 12100
6848 2931 14802
2931 6848 14802
14802 2931 6848
2230 1823 7928
7928 1823 2230
1823 2230 7928
2097 7276 8426
8426 2097 7276
7276 2097 8426
9565 13063 13519
13519 9565 13063
13063 9565 13519
10436 1966 5108
1966 5108 10436
5108 1966 10436
8868 4852 9396
4852 8868 9396
9396 4852 8868
6938 7721 13965
7721 6938 13965
13965 6938 7721
6182 5923 11469
5923 6182 11469
11469 5923 6182
11290 4372 13295
4372 11290 13295
13295 4372 11290
399 1191 5789
1191 399 5789
5789 399 1191
5126 961 5879
5879 961 5126
961 5126 5879
13676 2840 11081
11081 2840 13676
2840 11081 13676
3974 7187 9903
7187 3974 9903
9903 3974 7187
5047 338 5730
5730 338 5047
338 5047 5730
9564 10141 11285
11285 9564 10141
10141 9564 11285
13281 1337 4313
1337 4313 13281
4313 1337 13281
5084 8117 9970
8117 5084 9970
9970 5084 8117
1820 9076 13137
9076 1820 13137
13137 1820 9076
14633 6815 11225
6815 11225 14633
11225 6815 14633
2336 10662 10702
10662 2336 10702
10702 2336 10662
11353 7009 8731
7009 8731 11353
8731 7009 11353
12026 5360 9933
9933 5360 12026
5360 9933 12026
5071 1507 2217
1507 2217 5071
2217 1507 5071
1521 11795 13107
11795 1521 13107
13107 1521 11795
7381 6215 11009
6215 7381 11009
11009 6215 7381
7891 3510 14519
3510 7891 14519
14519 3510 7891
12319 8 493
8 493 12319
493 8 12319
12641 6507 9978
9978 6507 12641
6507 9978 12641
1148 8968 12156
12156 1148 8968
8968 1148 12156
5314 11 4811
11 4811 5314
4811 11 5314
14533 5943 9656
5943 9656 14533
9656 5943 14533
8871 6629 14900
14900 6629 8871
6629 8871 14900
5301 1836 4310
4310 1836 5301
1836 4310 5301
6417 8665 13269
13269 6417 8665
8665 6417 13269
12163 11802 12124
11802 12124 12163
12124 11802 12163
1477 4516 7898
4516 1477 7898
7898 1477 4516
7387 2332 6414
2332 6414 7387
6414 2332 7387
10665 4764 7573
7573 4764 10665
4764 7573 10665
764 6384 8569
6384 764 8569
8569 764 6384
5853 5816 11911
11911 5816 5853
5816 5853 11911
5439 3451 4801
3451 4801 5439
4801 3451 5439
5331 5451 7461
7461 5331 5451
5451 5331 7461
7008 10451 10735
10451 7008 10735
10735 7008 10451
7655 7055 14510
7055 7655 14510
14510 7055 7655
7903 5181 9255
9255 5181 7903
5181 7903 9255
12790 2631 4792
2631 4792 12790
4792 2631 12790
11395 6114 6143
6114 6143 11395
6143 6114 11395
3020 4697 13473
4697 3020 13473
13473 3020 4697
4513 8255 10504
8255 4513 10504
10504 4513 8255
477 2449 10884
10884 477 2449
2449 477 10884
9960 41 13247
13247 41 9960
41 9960 13247
10339 7248 14924
14924 7248 10339
7248 10339 14924
6176 168 497
497 168 6176
168 497 6176
12644 936 5671
5671 936 12644
936 5671 12644
14625 1663 5350
1663 5350 14625
5350 1663 14625
10189 12962 14576
12962 10189 14576
14576 10189 12962
13798 1586 5307
1586 5307 13798
5307 1586 13798
8732 10049 10895
10895 8732 10049
10049 8732 10895
5273 2658 9894
2658 5273 9894
9894 2658 5273
11331 2656 12600
2656 11331 12600
12600 2656 11331
13322 2677 3131
3131 2677 13322
2677 3131 13322
13058 1637 10301
10301 1637 13058
1637 10301 13058
3768 5239 8962
8962 3768 5239
5239 3768 8962
578 7152 12945
7152 578 12945
12945 578 7152
4622 8550 10105
8550 4622 10105
10105 4622 8550
2679 9943 11248
9943 2679 11248
11248 2679 9943
11973 4147 7101
4147 7101 11973
7101 4147 11973
9458 4061 6009
6009 4061 9458
4061 6009 9458
8508 3270 4754
4754 3270 8508
3270 4754 8508
13959 13264 14992
13264 13959 14992
14992 13264 13959
6195 9925 14753
9925 6195 14753
14753 6195 9925
11407 7521 10514
7521 10514 11407
10514 7521 11407
2962 6500 11083
11083 2962 6500
6500 2962 11083
3361 4441 4973
4441 3361 4973
4973 3361 4441
1762 1947 7783
7783 1762 1947
1947 1762 7783
10249 1358 13874
1358 10249 13874
13874 1358 10249
1213 1994 10721
10721 1213 1994
1994 1213 10721
9464 3124 5567
3124 5567 9464
5567 3124 9464
13949 11300 12139
12139 11300 13949
11300 12139 13949
9313 1000 10097
1000 9313 10097
10097 1000 9313
3964 10238 12340
10238 3964 12340
12340 3964 10238
464 2109 5176
2109 464 5176
5176 464 2109
1325 11650 12778
12778 1325 11650
11650 1325 12778
10135 1212 8272
1212 8272 10135
8272 1212 10135
9772 4383 4884
4884 4383 9772
4383 4884 9772
450 360 3442
360 450 3442
3442 360 450
12379 7196 10865
7196 10865 12379
10865 7196 12379
11614 455 6167
455 6167 11614
6167 455 11614
14749 6203 8253
8253 6203 14749
6203 8253 14749
1234 1482 13729
1482 1234 13729
13729 1234 1482
1374 7611 9828
9828 1374 7611
7611 1374 9828
12283 1272 5773
1272 5773 12283
5773 1272 12283
506 2471 11162
11162 506 2471
2471 506 11162
8315 955 10777
955 8315 10777
10777 955 8315
10156 2864 14375
2864 10156 14375
14375 2864 10156
6257 7257 10914
7257 6257 10914
10914 6257 7257
8212 12767 14944
12767 8212 14944
14944 8212 12767
4883 562 3807
562 3807 4883
3807 562 4883
7926 1043 2080
1043 2080 7926
2080 1043 7926
14783 3611 8407
3611 8407 14783
8407 3611 14783
12694 6016 10045
10045 6016 12694
6016 10045 12694
3327 6635 14270
6635 3327 14270
14270 3327 6635
10683 4301 7489
4301 7489 10683
7489 4301 10683
14739 1256 11348
1256 11348 14739
11348 1256 14739
1109 3476 6809
6809 1109 3476
3476 1109 6809
3622 540 862
862 540 3622
540 862 3622
930 863 11629
11629 863 930
863 930 11629
10479 4919 10802
4919 10479 10802
10802 4919 10479
10973 288 14436
288 10973 14436
14436 288 10973
11592 2935 12978
2935 11592 12978
12978 2935 11592
4731 1839 5170
1839 4731 5170
5170 1839 4731
6948 3299 6193
3299 6193 6948
6193 3299 6948
5200 10070 11422
10070 5200 11422
11422 5200 10070
4946 8802 14135
8802 4946 14135
14135 4946 8802
907 34 4922
4922 34 907
34 907 4922
6520 9315 12597
12597 6520 9315
9315 6520 12597
1609 13413 14425
13413 1609 14425
14425 1609 13413
12843 10343 11375
10343 11375 12843
11375 10343 12843
6690 8503 11398
11398 6690 8503
8503 6690 11398
2952 9697 9733
9697 2952 9733
9733 2952 9697
7865 498 11866
498 7865 11866
11866 498 7865
2081 8743 10352
8743 2081 10352
10352 2081 8743
13623 1116 6327
6327 1116 13623
1116 6327 13623
8867 3311 9804
3311 8867 9804
9804 3311 8867
7700 4305 5382
4305 5382 7700
5382 4305 7700
13843 4263 14055
14055 4263 13843
4263 13843 14055
14884 6209 13540
6209 13540 14884
13540 6209 14884
7415 1738 7153
7153 1738 7415
1738 7153 7415
7145 7553 12488
7553 7145 12488
12488 7145 7553
13518 11349 13014
13014 11349 13518
11349 13014 13518
14056 6667 13987
13987 6667 14056
6667 13987 14056
10722 2868 7498
2868 7498 10722
7498 2868 10722
13416 10528 10580
10528 10580 13416
10580 10528 13416
92 2824 7514
2824 92 7514
7514 92 2824
13087 6063 10816
6063 10816 13087
10816 6063 13087
10289 6979 11264
6979 10289 11264
11264 6979 10289
1370 7588 9490
9490 1370 7588
7588 1370 9490
8097 4609 9734
9734 4609 8097
4609 8097 9734
5874 7832 12310
7832 5874 12310
12310 5874 7832
12623 909 6213
6213 909 12623
909 6213 12623
6333 5096 6683
5096 6333 6683
6683 5096 6333
9347 9469 13440
13440 9347 9469
9469 9347 13440
12556 13214 14889
14889 12556 13214
13214 12556 14889
6622 8664 14415
8664 6622 14415
14415 6622 8664
4796 13500 14067
14067 4796 13500
13500 4796 14067
1505 12365 13355
13355 1505 12365
12365 1505 13355
712 9351 12134
12134 712 9351
9351 712 12134
12238 12639 13907
12639 12238 13907
13907 12238 12639
5901 10588 12585
10588 5901 12585
12585 5901 10588
257 4903 8225
4903 257 8225
8225 257 4903
8305 7111 10989
7111 8305 10989
10989 7111 8305
205 11249 13920
11249 205 13920
13920 205 11249
11379 5192 12777
12777 5192 11379
5192 11379 12777
7634 2174 5677
2174 5677 7634
5677 2174 7634
7849 5744 9326
5744 7849 9326
9326 5744 7849
13930 2929 3799
3799 2929 13930
2929 3799 13930
7717 259 13256
13256 259 7717
259 7717 13256
3705 3907 11200
11200 3705 3907
3907 3705 11200
2191 12951 13179
13179 2191 12951
12951 2191 13179
14027 6822 13478
13478 6822 14027
6822 13478 14027
14217 7168 8553
8553 7168 14217
7168 8553 14217
12128 8030 12029
12029 8030 12128
8030 12029 12128
1969 7143 13033
13033 1969 7143
7143 1969 13033
10335 2114 4329
2114 4329 10335
4329 2114 10335
3400 1456 11350
11350 1456 3400
1456 3400 11350
7007 9446 9964
9446 7007 9964
9964 7007 9446
13036 604 12126
604 12126 13036
12126 604 13036
14053 9074 14395
9074 14053 14395
14395 9074 14053
7426 392 10993
392 7426 10993
10993 392 7426
8269 60 11643
60 8269 11643
11643 60 8269
8837 5545 11873
11873 5545 8837
5545 8837 11873
8725 3600 9115
3600 8725 9115
9115 3600 8725
602 7799 9350
7799 602 9350
9350 602 7799
13614 969 13663
969 13614 13663
13663 969 13614
996 218 12566
12566 218 996
218 996 12566
8072 2969 12671
2969 8072 12671
12671 2969 8072
3811 7092 8409
7092 3811 8409
8409 3811 7092
3166 1238 1352
1352 1238 3166
1238 1352 3166
10418 177 5450
177 5450 10418
5450 177 10418
1420 1971 14507
14507 1420 1971
1971 1420 14507
1599 707 6858
707 1599 6858
6858 707 1599
1471 4182 7645
7645 1471 4182
4182 1471 7645
5626 7266 9138
7266 5626 9138
9138 5626 7266
2810 6540 8714
6540 2810 8714
8714 2810 6540
11935 733 3979
733 3979 11935
3979 733 11935
5989 2726 14207
14207 2726 5989
2726 5989 14207
6681 12959 13937
13937 6681 12959
12959 6681 13937
10110 5245 12152
5245 10110 12152
12152 5245 10110
14744 3749 12819
3749 12819 14744
12819 3749 14744
6322 405 8033
8033 405 6322
405 6322 8033
3162 6190 7086
7086 3162 6190
6190 3162 7086
12667 634 8191
8191 634 12667
634 8191 12667
4171 1857 7950
1857 4171 7950
7950 1857 4171
10792 2818 6297
2818 6297 10792
6297 2818 10792
3808 2646 14898
2646 3808 14898
14898 2646 3808
2157 4272 14727
4272 2157 14727
14727 2157 4272
4480 384 11070
11070 384 4480
384 4480 11070
7627 1808 7670
1808 7627 7670
7670 1808 7627
6268 6597 9735
6597 6268 9735
9735 6268 6597
7243 1859 8785
8785 1859 7243
1859 7243 8785
10176 3085 10475
3085 10176 10475
10475 3085 10176
5994 8749 11280
8749 5994 11280
11280 5994 8749
2540 3578 13249
13249 2540 3578
3578 2540 13249
7439 4575 10864
10864 4575 7439
4575 7439 10864
13585 3932 13850
3932 13585 13850
13850 3932 13585
11091 1013 11416
1013 11091 11416
11416 1013 11091
10782 1226 6379
1226 6379 10782
6379 1226 10782
8432 10509 12366
12366 8432 10509
10509 8432 12366
13989 12632 13777
12632 13777 13989
13777 12632 13989
7405 6306 6416
6306 6416 7405
6416 6306 7405
5336 2897 8856
2897 5336 8856
8856 2897 5336
8910 3243 14413
3243 8910 14413
14413 3243 8910
14169 2961 10277
10277 2961 14169
2961 10277 14169
5154 9741 10382
10382 5154 9741
9741 5154 10382
14714 8748 14958
8748 14714 14958
14958 8748 14714
2384 1898 13155
1898 2384 13155
13155 1898 2384
11125 5839 13199
5839 11125 13199
13199 5839 11125
3208 3305 6713
6713 3208 3305
3305 3208 6713
1033 9911 9947
9947 1033 9911
9911 1033 9947
4933 9404 13150
9404 4933 13150
13150 4933 9404
13390 3397 4239
3397 4239 13390
4239 3397 13390
2457 1750 5377
1750 2457 5377
5377 1750 2457
609 7757 14745
14745 609 7757
7757 609 14745
5825 8043 8575
8043 5825 8575
8575 5825 8043
2383 10247 11176
11176 2383 10247
10247 2383 11176
13353 1252 1893
1893 1252 13353
1252 1893 13353
9716 1070 13070
13070 1070 9716
1070 9716 13070
9898 516 6956
516 6956 9898
6956 516 9898
12976 3887 8954
3887 8954 12976
8954 3887 12976
14316 5267 5899
5267 5899 14316
5899 5267 14316
11770 6684 13404
13404 6684 11770
6684 11770 13404
11814 990 7371
7371 990 11814
990 7371 11814
3489 5441 11570
11570 3489 5441
5441 3489 11570
1834 2985 9508
9508 1834 2985
2985 1834 9508
10222 2104 7046
2104 7046 10222
7046 2104 10222
10295 8972 12605
12605 8972 10295
8972 10295 12605
6776 5454 9988
9988 5454 6776
5454 6776 9988
143 2687 8831
8831 143 2687
2687 143 8831
2083 818 12910
818 2083 12910
12910 818 2083
1642 4378 8531
4378 1642 8531
8531 1642 4378
9880 3707 10550
10550 3707 9880
3707 9880 10550
813 4809 11644
4809 813 11644
11644 813 4809
1591 11172 12881
12881 1591 11172
11172 1591 12881
7998 1085 5134
1085 5134 7998
5134 1085 7998
1224 3576 10354
3576 1224 10354
10354 1224 3576
11657 3835 13359
13359 3835 11657
3835 11657 13359
3784 1852 8810
8810 1852 3784
1852 3784 8810
6104 9160 10887
10887 6104 9160
9160 6104 10887
13923 3098 7083
7083 3098 13923
3098 7083 13923
8199 8630 8639
8639 8199 8630
8630 8199 8639
742 3884 13447
3884 742 13447
13447 742 3884
13926 8502 12946
8502 12946 13926
12946 8502 13926
4093 4726 6277
4726 4093 6277
6277 4093 4726
14738 3266 9497
9497 3266 14738
3266 9497 14738
6289 3023 6554
3023 6289 6554
6554 3023 6289
14617 4983 9440
4983 9440 14617
9440 4983 14617
5218 8486 10379
8486 5218 10379
10379 5218 8486
14903 11722 14856
14856 11722 14903
11722 14856 14903
29 2427 4179
4179 29 2427
2427 29 4179
10763 1276 4138
4138 1276 10763
1276 4138 10763
11883 8917 13994
8917 11883 13994
13994 8917 11883
13549 3556 12398
12398 3556 13549
3556 12398 13549
1566 10891 12546
12546 1566 10891
10891 1566 12546
3742 14262 14485
14485 3742 14262
14262 3742 14485
9270 4084 12335
12335 4084 9270
4084 9270 12335
12672 14378 14393
14378 12672 14393
14393 12672 14378
14227 6867 10231
10231 6867 14227
6867 10231 14227
14777 1399 7713
1399 7713 14777
7713 1399 14777
11889 9536 13282
9536 11889 13282
13282 9536 11889
14403 7290 11796
11796 7290 14403
7290 11796 14403
13253 1012 8231
1012 8231 13253
8231 1012 13253
12456 4561 14132
4561 12456 14132
14132 4561 12456
4124 1741 6413
1741 4124 6413
6413 1741 4124
8685 11239 11332
11332 8685 11239
11239 8685 11332
8121 3527 4900
4900 3527 8121
3527 4900 8121
8258 2028 6551
6551 2028 8258
2028 6551 8258
3985 2402 3013
2402 3013 3985
3013 2402 3985
9126 4040 13402
13402 4040 9126
4040 9126 13402
7132 13054 14561
14561 7132 13054
13054 7132 14561
10819 7335 14428
14428 7335 10819
7335 10819 14428
6901 2143 10068
10068 2143 6901
2143 6901 10068
7688 2330 6267
2330 6267 7688
6267 2330 7688
14896 10590 11903
10590 11903 14896
11903 10590 14896
3191 1356 1671
1671 1356 3191
1356 1671 3191
14129 7220 12703
7220 12703 14129
12703 7220 14129
172 3535 14804
3535 172 14804
14804 172 3535
10041 4791 13996
4791 10041 13996
13996 4791 10041
6987 11202 12538
12538 6987 11202
11202 6987 12538
13301 7672 10427
7672 10427 13301
10427 7672 13301
3659 6006 14488
14488 3659 6006
6006 3659 14488
381 4133 13589
13589 381 4133
4133 381 13589
13419 11330 13809
13809 11330 13419
11330 13419 13809
7323 252 4321
252 4321 7323
4321 252 7323
7927 11457 13350
11457 7927 13350
13350 7927 11457
12988 11035 14682
14682 11035 12988
11035 12988 14682
14638 6234 6555
6555 6234 14638
6234 6555 14638
6386 688 11803
688 6386 11803
11803 688 6386
8870 3096 9093
9093 3096 8870
3096 8870 9093
14690 13161 13376
13161 13376 14690
13376 13161 14690
11666 5799 13225
5799 11666 13225
13225 5799 11666
10272 2742 9224
9224 2742 10272
2742 9224 10272
2641 758 5660
758 2641 5660
5660 758 2641
14258 296 10492
10492 296 14258
296 10492 14258
11335 8679 14063
8679 11335 14063
14063 8679 11335
12855 1061 3450
1061 3450 12855
3450 1061 12855
3222 402 12761
402 3222 12761
12761 402 3222
9252 3188 9559
9559 3188 9252
3188 9252 9559
12250 8557 14628
14628 8557 12250
8557 12250 14628
4925 4981 6940
4981 4925 6940
6940 4925 4981
10603 1401 4100
1401 4100 10603
4100 1401 10603
14301 11528 12036
12036 11528 14301
11528 12036 14301
7476 3209 14070
14070 3209 7476
3209 7476 14070
1759 2306 2921
2306 1759 2921
2921 1759 2306
10804 5083 10572
10572 5083 10804
5083 10572 10804
2179 9355 9613
9613 2179 9355
9355 2179 9613
647 3429 5346
3429 647 5346
5346 647 3429
11001 10942 14051
10942 11001 14051
14051 10942 11001
6132 80 9937
9937 80 6132
80 6132 9937
12892 2265 3301
2265 3301 12892
3301 2265 12892
12688 2234 4645
2234 4645 12688
4645 2234 12688
849 8747 11513
8747 849 11513
11513 849 8747
8961 12033 13336
12033 8961 13336
13336 8961 12033
13720 4196 9760
9760 4196 13720
4196 9760 13720
1167 3409 7288
3409 1167 7288
7288 1167 3409
9737 9083 11588
9083 9737 11588
11588 9083 9737
6726 5684 9143
5684 6726 9143
9143 5684 6726
4126 10198 14618
14618 4126 10198
10198 4126 14618
2478 6005 14849
14849 2478 6005
6005 2478 14849
626 7529 12853
7529 626 12853
12853 626 7529
6656 3857 13653
3857 6656 13653
13653 3857 6656
13831 2479 2906
2906 2479 13831
2479 2906 13831
11732 1314 8908
8908 1314 11732
1314 8908 11732
757 931 6755
931 757 6755
6755 757 931
12520 7633 8198
8198 7633 12520
7633 8198 12520
8003 1751 12545
1751 8003 12545
12545 1751 8003
13615 2516 12860
2516 12860 13615
12860 2516 13615
13260 6470 12078
6470 12078 13260
12078 6470 13260
6066 109 10213
10213 109 6066
109 6066 10213
8974 7164 8992
8992 7164 8974
7164 8974 8992
9423 7680 12628
12628 7680 9423
7680 9423 12628
14170 588 6802
6802 588 14170
588 6802 14170
413 4253 10119
4253 413 10119
10119 413 4253
10092 5379 11737
5379 10092 11737
11737 5379 10092
14535 2968 10824
2968 10824 14535
10824 2968 14535
5455 3962 12432
3962 5455 12432
12432 3962 5455
3135 3671 12223
12223 3135 3671
3671 3135 12223
4535 409 7638
7638 409 4535
409 4535 7638
4037 4352 13219
13219 4037 4352
4352 4037 13219
6444 1576 12198
1576 6444 12198
12198 1576 6444
7801 4856 6692
4856 6692 7801
6692 4856 7801
9386 14159 14334
14334 9386 14159
14159 9386 14334
14828 12130 13882
13882 12130 14828
12130 13882 14828
699 8478 14043
14043 699 8478
8478 699 14043
7781 5426 6518
5426 6518 7781
6518 5426 7781
4640 4759 4877
4759 4640 4877
4877 4640 4759
8501 9757 12712
9757 8501 12712
12712 8501 9757
5918 2334 2664
2334 2664 5918
2664 2334 5918
8905 6606 13709
13709 6606 8905
6606 8905 13709
4161 558 1346
1346 558 4161
558 1346 4161
11931 8751 13299
13299 8751 11931
8751 11931 13299
892 3761 13481
3761 892 13481
13481 892 3761
7032 3813 6261
6261 3813 7032
3813 6261 7032
6630 9117 14379
9117 6630 14379
14379 6630 9117
11295 1308 4151
1308 4151 11295
4151 1308 11295
13656 3793 12217
12217 3793 13656
3793 12217 13656
7212 4638 14755
14755 4638 7212
4638 7212 14755
1315 3271 11986
3271 1315 11986
11986 1315 3271
2325 12559 12570
12570 2325 12559
12559 2325 12570
12758 3274 8469
3274 8469 12758
8469 3274 12758
7495 5427 9013
9013 5427 7495
5427 7495 9013
9465 8613 12106
8613 9465 12106
12106 8613 9465
14401 5733 13906
13906 5733 14401
5733 13906 14401
5788 929 7687
7687 929 5788
929 5788 7687
14920 9164 13501
13501 9164 14920
9164 13501 14920
11293 1241 7773
7773 1241 11293
1241 7773 11293
717 7222 14905
14905 717 7222
7222 717 14905
1077 11721 11913
11721 1077 11913
11913 1077 11721
10102 3414 11207
11207 3414 10102
3414 10102 11207
2139 3574 12150
12150 2139 3574
3574 2139 12150
12272 6735 7794
7794 6735 12272
6735 7794 12272
14776 723 10020
723 10020 14776
10020 723 14776
12678 161 10190
161 10190 12678
10190 161 12678
770 3872 6102
6102 770 3872
3872 770 6102
11438 6259 6999
6999 6259 11438
6259 6999 11438
4220 4523 13154
4523 4220 13154
13154 4220 4523
415 1267 2867
1267 415 2867
2867 415 1267
3017 153 12807
153 3017 12807
12807 153 3017
3005 1379 7641
7641 1379 3005
1379 3005 7641
6041 697 13793
13793 697 6041
697 6041 13793
12172 656 13814
13814 656 12172
656 12172 13814
2314 13116 13655
13116 2314 13655
13655 2314 13116
2360 3497 8367
8367 2360 3497
3497 2360 8367
10601 8329 14248
8329 10601 14248
14248 8329 10601
4340 7897 9543
7897 4340 9543
9543 4340 7897
9233 1465 11580
11580 1465 9233
1465 9233 11580
12266 5650 11861
11861 5650 12266
5650 11861 12266
9430 4326 10493
10493 4326 9430
4326 9430 10493
1299 8114 10639
8114 1299 10639
10639 1299 8114
9087 7540 7800
7800 7540 9087
7540 7800 9087
6198 1602 14010
1602 6198 14010
14010 1602 6198
10860 1458 9794
1458 9794 10860
9794 1458 10860
8828 1737 14989
14989 1737 8828
1737 8828 14989
5265 7119 14581
14581 5265 7119
7119 5265 14581
1219 10803 14952
14952 1219 10803
10803 1219 14952
5375 3469 6545
6545 3469 5375
3469 5375 6545
13881 3663 9276
9276 3663 13881
3663 9276 13881
6743 5355 6495
5355 6495 6743
6495 5355 6743
157 7790 10288
10288 157 7790
7790 157 10288
13508 4601 14286
4601 13508 14286
14286 4601 13508
3947 5111 7028
7028 3947 5111
5111 3947 7028
5896 783 5611
783 5611 5896
5611 783 5896
9792 8224 8709
8224 8709 9792
8709 8224 9792
7660 362 5167
5167 362 7660
362 5167 7660
10052 10982 14580
14580 10052 10982
10982 10052 14580
9969 1001 14757
1001 9969 14757
14757 1001 9969
1175 660 4190
660 1175 4190
4190 660 1175
6982 11850 13351
11850 6982 13351
13351 6982 11850
13044 2728 11988
2728 11988 13044
11988 2728 13044
888 3021 4248
3021 888 4248
4248 888 3021
10905 4964 9914
9914 4964 10905
4964 9914 10905
12573 6281 9287
9287 6281 12573
6281 9287 12573
10144 7756 12165
12165 7756 10144
7756 10144 12165
421 3408 9333
9333 421 3408
3408 421 9333
926 4637 13250
13250 926 4637
4637 926 13250
1697 3352 5537
3352 1697 5537
5537 1697 3352
3567 2686 9810
9810 2686 3567
2686 3567 9810
4356 12985 14440
12985 4356 14440
14440 4356 12985
240 2298 8200
2298 240 8200
8200 240 2298
14792 2973 14016
14016 2973 14792
2973 14016 14792
7836 1524 12925
1524 7836 12925
12925 1524 7836
7483 4529 5140
5140 4529 7483
4529 5140 7483
10085 6638 11144
6638 10085 11144
11144 6638 10085
94 11970 14733
14733 94 11970
11970 94 14733
11084 5256 14813
14813 5256 11084
5256 11084 14813
858 12288 14587
14587 858 12288
12288 858 14587
14768 1415 13716
13716 1415 14768
1415 13716 14768
4642 2561 14157
14157 2561 4642
2561 4642 14157
6122 9609 10399
10399 6122 9609
9609 6122 10399
12937 5123 10199
5123 10199 12937
10199 5123 12937
7139 1493 12338
12338 1493 7139
1493 7139 12338
4646 3704 8528
8528 3704 4646
3704 4646 8528
13311 825 8275
8275 825 13311
825 8275 13311
12998 6140 14087
6140 12998 14087
14087 6140 12998
8189 2135 14038
14038 2135 8189
2135 8189 14038
10775 2950 12748
12748 2950 10775
2950 10775 12748
12202 985 9944
985 9944 12202
9944 985 12202
14688 1139 7777
7777 1139 14688
1139 7777 14688
6377 9167 13347
13347 6377 9167
9167 6377 13347
14085 2887 3869
2887 3869 14085
3869 2887 14085
12339 10308 11687
10308 11687 12339
11687 10308 12339
3719 9444 12059
9444 3719 12059
12059 3719 9444
1244 2847 8598
8598 1244 2847
2847 1244 8598
3816 6923 7728
6923 3816 7728
7728 3816 6923
10229 7038 11637
11637 7038 10229
7038 10229 11637
10464 11871 14585
14585 10464 11871
11871 10464 14585
9939 4675 14981
14981 4675 9939
4675 9939 14981
4396 554 13288
554 4396 13288
13288 554 4396
12050 4149 12725
12725 4149 12050
4149 12050 12725
6717 4021 10693
10693 4021 6717
4021 6717 10693
13119 3847 5254
3847 5254 13119
5254 3847 13119
1885 6602 12897
12897 1885 6602
6602 1885 12897
9771 8054 9516
8054 9516 9771
9516 8054 9771
8617 2056 12841
2056 8617 12841
12841 2056 8617
3121 28 8299
8299 28 3121
28 3121 8299
9174 1547 4191
4191 1547 9174
1547 4191 9174
6286 1037 11463
1037 6286 11463
11463 1037 6286
12709 1568 8051
1568 8051 12709
8051 1568 12709
13246 1770 14225
1770 13246 14225
14225 1770 13246
664 8798 13332
8798 664 13332
13332 664 8798
3236 3385 6343
3385 3236 6343
6343 3236 3385
4054 8554 10128
10128 4054 8554
8554 4054 10128
11490 13331 13755
13755 11490 13331
13331 11490 13755
7364 8982 13290
8982 7364 13290
13290 7364 8982
5996 3043 9742
3043 5996 9742
9742 3043 5996
5257 7720 12008
7720 5257 12008
12008 5257 7720
9236 1940 9522
1940 9236 9522
9522 1940 9236
13766 6461 11673
11673 6461 13766
6461 11673 13766
6906 2356 7699
7699 2356 6906
2356 6906 7699
13954 6614 7825
7825 6614 13954
6614 7825 13954
12687 11334 13752
13752 11334 12687
11334 12687 13752
1392 1249 2615
2615 1249 1392
1249 1392 2615
7979 3825 4405
4405 3825 7979
3825 4405 7979
7397 9555 14106
14106 7397 9555
9555 7397 14106
3468 1056 3048
3048 1056 3468
1056 3048 3468
794 11703 14342
11703 794 14342
14342 794 11703
3577 3199 4997
4997 3199 3577
3199 3577 4997
4015 5629 7646
5629 4015 7646
7646 4015 5629
7857 1581 13969
13969 1581 7857
1581 7857 13969
13093 832 6007
832 6007 13093
6007 832 13093
2350 6978 9891
6978 2350 9891
9891 2350 6978
1623 6832 12612
12612 1623 6832
6832 1623 12612
7435 4104 5605
5605 4104 7435
4104 5605 7435
1400 6981 8440
6981 1400 8440
8440 1400 6981
3976 1495 9088
1495 3976 9088
9088 1495 3976
9584 953 8148
8148 953 9584
953 8148 9584
5144 6220 12850
12850 5144 6220
6220 5144 12850
9300 1503 14678
1503 9300 14678
14678 1503 9300
6072 2913 14935
14935 2913 6072
2913 6072 14935
1131 4212 4847
4847 1131 4212
4212 1131 4847
11257 4494 13041
13041 4494 11257
4494 11257 13041
9546 345 1170
1170 345 9546
345 1170 9546
6939 4756 13475
13475 4756 6939
4756 6939 13475
12454 3295 3384
3384 3295 12454
3295 3384 12454
5435 1113 6272
1113 5435 6272
6272 1113 5435
12061 186 13978
13978 186 12061
186 12061 13978
9282 7142 8152
8152 7142 9282
7142 8152 9282
10739 8719 13046
13046 8719 10739
8719 10739 13046
7960 12606 12764
12764 7960 12606
12606 7960 12764
5312 2184 7177
7177 2184 5312
2184 5312 7177
1638 8890 14352
14352 1638 8890
8890 1638 14352
4586 9917 14082
14082 4586 9917
9917 4586 14082
3095 4156 11965
4156 3095 11965
11965 3095 4156
4048 7732 8307
7732 4048 8307
8307 4048 7732
6032 2020 6274
2020 6032 6274
6274 2020 6032
14724 4137 9200
4137 9200 14724
9200 4137 14724
7184 491 5476
491 5476 7184
5476 491 7184
13428 958 5161
958 5161 13428
5161 958 13428
10009 1266 9460
9460 1266 10009
1266 9460 10009
2003 4427 8110
4427 2003 8110
8110 2003 4427
6741 7990 10981
7990 6741 10981
10981 6741 7990
1201 5146 13574
5146 1201 13574
13574 1201 5146
12916 8990 12806
8990 12806 12916
12806 8990 12916
5550 8373 9512
8373 5550 9512
9512 5550 8373
10570 6144 12136
6144 10570 12136
12136 6144 10570
10056 3743 13620
3743 10056 13620
13620 3743 10056
1784 5155 7738
5155 1784 7738
7738 1784 5155
1670 3828 6232
6232 1670 3828
3828 1670 6232
7871 747 11624
11624 747 7871
747 7871 11624
3454 4514 6187
6187 3454 4514
4514 3454 6187
6478 3826 6600
6600 3826 6478
3826 6478 6600
114 9550 12999
12999 114 9550
9550 114 12999
670 675 2967
2967 670 675
675 670 2967
12933 7475 11361
11361 7475 12933
7475 11361 12933
9802 9146 12935
12935 9146 9802
9146 9802 12935
12977 2134 8893
8893 2134 12977
2134 8893 12977
2260 544 5739
5739 544 2260
544 2260 5739
2915 5706 8167
8167 2915 5706
5706 2915 8167
6054 1747 2451
2451 1747 6054
1747 2451 6054
98 4752 12005
12005 98 4752
4752 98 12005
8971 6124 12169
