4447 6952 7793
7793 4447 6952
6952 4447 7793
7360 7783 10913
7783 7360 10913
10913 7360 7783
4600 1336 6278
1336 4600 6278
6278 1336 4600
6781 6240 9788
6240 6781 9788
9788 6240 6781
4081 8903 9648
9648 4081 8903
8903 4081 9648
11554 251 704
704 251 11554
251 704 11554
10496 8628 11437
11437 8628 10496
8628 10496 11437
5674 4532 6241
6241 4532 5674
4532 5674 6241
9349 5159 14735
14735 5159 9349
5159 9349 14735
239 2412 12837
2412 239 12837
12837 239 2412
13626 2397 4455
4455 2397 13626
2397 4455 13626
13065 4853 11051
11051 4853 13065
4853 11051 13065
10609 3674 6649
3674 6649 10609
6649 3674 10609
6067 3350 9407
9407 3350 6067
3350 6067 9407
9373 1440 9837
9837 1440 9373
1440 9373 9837
11044 4546 9868
9868 4546 11044
4546 9868 11044
2598 12793 13789
12793 2598 13789
13789 2598 12793
5353 815 3600
3600 815 5353
815 3600 5353
150 8351 12773
8351 150 12773
12773 150 8351
395 7875 11186
7875 395 11186
11186 395 7875
4567 5101 13869
5101 4567 13869
13869 4567 5101
2520 2964 11728
11728 2520 2964
2964 2520 11728
13158 3247 4308
4308 3247 13158
3247 4308 13158
9198 8293 10183
8293 9198 10183
10183 8293 9198
886 221 2514
221 886 2514
2514 221 886
4904 10635 11974
10635 4904 11974
11974 4904 10635
7566 3229 13001
3229 7566 13001
13001 3229 7566
5927 1138 4266
4266 1138 5927
1138 4266 5927
7705 7516 12410
12410 7516 7705
7516 7705 12410
2850 2375 9573
2375 2850 9573
9573 2375 2850
6735 6439 7038
6439 6735 7038
7038 6439 6735
3972 4268 13397
13397 3972 4268
4268 3972 13397
1689 4415 14477
4415 1689 14477
14477 1689 4415
5357 6787 9780
6787 5357 9780
9780 5357 6787
14949 4311 13479
4311 13479 14949
13479 4311 14949
5233 423 3388
3388 423 5233
423 3388 5233
5047 4595 6727
4595 5047 6727
6727 4595 5047
12892 4578 6686
4578 6686 12892
6686 4578 12892
8288 5103 12501
5103 8288 12501
12501 5103 8288
8091 9892 10172
9892 8091 10172
10172 8091 9892
14160 2640 9791
9791 2640 14160
2640 9791 14160
10747 4974 6238
4974 6238 10747
6238 4974 10747
3639 10856 14717
10856 3639 14717
14717 3639 10856
14306 707 14208
707 14208 14306
14208 707 14306
1179 2511 12603
2511 1179 12603
12603 1179 2511
13526 1775 6463
1775 6463 13526
6463 1775 13526
4593 1264 3221
3221 1264 4593
1264 3221 4593
2268 3549 9106
9106 2268 3549
3549 2268 9106
9012 4818 11653
11653 4818 9012
4818 9012 11653
7796 1576 11414
1576 7796 11414
11414 1576 7796
11494 3725 6108
3725 6108 11494
6108 3725 11494
10208 10112 11535
11535 10112 10208
10112 10208 11535
12985 4464 9134
4464 9134 12985
9134 4464 12985
2564 2071 14784
14784 2071 2564
2071 2564 14784
1520 7070 9317
7070 1520 9317
9317 1520 7070
8199 5273 11252
5273 8199 11252
11252 5273 8199
11442 119 14099
119 11442 14099
14099 119 11442
9740 10603 10720
10603 9740 10720
10720 9740 10603
6926 7856 10074
10074 6926 7856
7856 6926 10074
7350 1978 2678
2678 1978 7350
1978 2678 7350
10905 1211 5815
1211 5815 10905
5815 1211 10905
3828 5906 13948
5906 3828 13948
13948 3828 5906
8907 9233 9259
9233 8907 9259
9259 8907 9233
14937 1896 4594
4594 1896 14937
1896 4594 14937
4693 32 1077
32 1077 4693
1077 32 4693
2878 2069 6956
6956 2069 2878
2069 2878 6956
9339 996 12741
12741 996 9339
996 9339 12741
6158 3514 8284
3514 6158 8284
8284 3514 6158
146 8117 14944
8117 146 14944
14944 146 8117
9666 9591 10851
10851 9591 9666
9591 9666 10851
11633 11427 13677
11427 11633 13677
13677 11427 11633
9515 10880 11016
10880 9515 11016
11016 9515 10880
13748 11498 14379
11498 13748 14379
14379 11498 13748
10342 6570 8065
8065 6570 10342
6570 8065 10342
10390 7929 10551
7929 10390 10551
10551 7929 10390
3154 4431 14915
4431 3154 14915
14915 3154 4431
6676 2672 6613
2672 6613 6676
6613 2672 6676
12180 10313 13921
10313 12180 13921
13921 10313 12180
5071 11965 14624
14624 5071 11965
11965 5071 14624
7953 2043 7169
2043 7169 7953
7169 2043 7953
13346 9886 11919
11919 9886 13346
9886 11919 13346
8713 1510 3148
3148 1510 8713
1510 3148 8713
3922 10607 14407
10607 3922 14407
14407 3922 10607
9897 2367 12916
2367 9897 12916
12916 2367 9897
8862 5250 8287
8287 5250 8862
5250 8287 8862
12381 1565 1708
1565 1708 12381
1708 1565 12381
12561 4213 14527
14527 4213 12561
4213 12561 14527
12466 768 6863
6863 768 12466
768 6863 12466
8450 4005 4703
4703 4005 8450
4005 4703 8450
7544 4211 13294
13294 4211 7544
4211 7544 13294
2921 2343 2592
2343 2592 2921
2592 2343 2921
12446 2047 3713
3713 2047 12446
2047 3713 12446
2148 13 441
13 441 2148
441 13 2148
11767 9863 10741
9863 10741 11767
10741 9863 11767
7722 6483 6776
6483 6776 7722
6776 6483 7722
1283 3322 12118
3322 1283 12118
12118 1283 3322
847 1310 13027
1310 847 13027
13027 847 1310
2689 615 14261
615 2689 14261
14261 615 2689
1212 6001 6348
6001 1212 6348
6348 1212 6001
5746 4063 7655
7655 4063 5746
4063 5746 7655
12621 4231 8322
8322 4231 12621
4231 8322 12621
14830 13015 14323
14323 13015 14830
13015 14323 14830
14173 2961 3928
3928 2961 14173
2961 3928 14173
6584 1870 14044
14044 1870 6584
1870 6584 14044
5628 2996 12656
12656 2996 5628
2996 5628 12656
6217 8963 14423
14423 6217 8963
8963 6217 14423
6992 5897 14884
14884 5897 6992
5897 6992 14884
12889 2113 11495
11495 2113 12889
2113 11495 12889
14266 2017 3859
2017 3859 14266
3859 2017 14266
10308 2142 11830
2142 10308 11830
11830 2142 10308
12164 1062 9486
9486 1062 12164
1062 9486 12164
1331 8594 9530
8594 1331 9530
9530 1331 8594
3797 2491 10992
10992 2491 3797
2491 3797 10992
4106 1061 10812
1061 4106 10812
10812 1061 4106
4589 6312 13004
13004 4589 6312
6312 4589 13004
9069 2770 4157
2770 4157 9069
4157 2770 9069
6967 10223 10455
10223 6967 10455
10455 6967 10223
12513 1665 8384
1665 8384 12513
8384 1665 12513
7922 5302 7988
5302 7922 7988
7988 5302 7922
13270 7088 10459
10459 7088 13270
7088 10459 13270
2656 3379 8595
3379 2656 8595
8595 2656 3379
5557 3170 13325
3170 5557 13325
13325 3170 5557
8183 6862 12395
6862 8183 12395
12395 6862 8183
12549 12258 14991
14991 12258 12549
12258 12549 14991
5630 59 8879
8879 59 5630
59 5630 8879
2281 182 6290
6290 182 2281
182 2281 6290
5947 4 12720
4 5947 12720
12720 4 5947
12987 831 12784
12784 831 12987
831 12784 12987
5224 3883 8104
3883 5224 8104
8104 3883 5224
10895 6839 13082
13082 6839 10895
6839 10895 13082
14688 1946 5033
5033 1946 14688
1946 5033 14688
11679 2869 12629
12629 2869 11679
2869 11679 12629
2707 11410 14438
14438 2707 11410
11410 2707 14438
4437 4705 8531
8531 4437 4705
4705 4437 8531
11445 12006 12514
12006 11445 12514
12514 11445 12006
11376 11440 13310
13310 11376 11440
11440 11376 13310
12156 946 11865
946 11865 12156
11865 946 12156
12597 7862 13089
13089 7862 12597
7862 12597 13089
9243 2120 3036
3036 2120 9243
2120 3036 9243
5235 624 12623
624 5235 12623
12623 624 5235
12530 8369 13794
13794 8369 12530
8369 12530 13794
12393 2765 4142
2765 4142 12393
4142 2765 12393
8576 1945 7955
1945 7955 8576
7955 1945 8576
11145 10597 13218
10597 11145 13218
13218 10597 11145
11453 7382 7896
7382 7896 11453
7896 7382 11453
6106 2734 6629
6629 2734 6106
2734 6106 6629
6307 353 7133
353 6307 7133
7133 353 6307
13788 5427 13954
5427 13788 13954
13954 5427 13788
12961 10731 11530
10731 11530 12961
11530 10731 12961
1793 2620 9383
9383 1793 2620
2620 1793 9383
10406 1372 2147
1372 2147 10406
2147 1372 10406
8513 4805 10751
4805 8513 10751
10751 4805 8513
8722 1132 14127
1132 8722 14127
14127 1132 8722
4325 5467 7479
7479 4325 5467
5467 4325 7479
9286 3124 8179
8179 3124 9286
3124 8179 9286
12066 1366 8787
8787 1366 12066
1366 8787 12066
12637 3971 6457
6457 3971 12637
3971 6457 12637
1987 4570 12041
4570 1987 12041
12041 1987 4570
495 7124 12353
12353 495 7124
7124 495 12353
14902 5562 8224
5562 8224 14902
8224 5562 14902
14497 5609 14344
14344 5609 14497
5609 14344 14497
14623 3786 9136
9136 3786 14623
3786 9136 14623
2717 2029 13945
2029 2717 13945
13945 2029 2717
4671 10493 12414
12414 4671 10493
10493 4671 12414
12157 2901 10448
2901 10448 12157
10448 2901 12157
4104 213 5209
213 4104 5209
5209 213 4104
8422 355 12106
12106 355 8422
355 8422 12106
13380 2659 12803
12803 2659 13380
2659 12803 13380
10418 6542 13068
6542 10418 13068
13068 6542 10418
2749 804 13577
13577 804 2749
804 2749 13577
12653 4293 7684
7684 4293 12653
4293 7684 12653
5492 8095 11360
8095 5492 11360
11360 5492 8095
12484 8805 9955
8805 9955 12484
9955 8805 12484
14523 309 5758
309 5758 14523
5758 309 14523
296 3248 5880
3248 296 5880
5880 296 3248
1543 2652 6397
6397 1543 2652
2652 1543 6397
2061 299 7632
299 2061 7632
7632 299 2061
10742 1751 12018
1751 10742 12018
12018 1751 10742
11128 7199 13396
7199 11128 13396
13396 7199 11128
10744 6748 12461
6748 10744 12461
12461 6748 10744
11356 454 6854
454 6854 11356
6854 454 11356
14992 540 14762
14762 540 14992
540 14762 14992
3540 3670 4519
4519 3540 3670
3670 3540 4519
192 735 1097
735 192 1097
1097 192 735
4168 11630 11950
11950 4168 11630
11630 4168 11950
6195 11178 12655
12655 6195 11178
11178 6195 12655
8738 856 3645
3645 856 8738
856 3645 8738
11649 1485 9026
1485 9026 11649
9026 1485 11649
6631 6330 8416
8416 6330 6631
6330 6631 8416
13046 1006 10236
10236 1006 13046
1006 10236 13046
10997 1914 14006
14006 1914 10997
1914 10997 14006
12397 4244 13470
13470 4244 12397
4244 12397 13470
14178 6430 9687
9687 6430 14178
6430 9687 14178
7938 6299 14151
6299 7938 14151
14151 6299 7938
10790 3558 13874
3558 10790 13874
13874 3558 10790
11431 3100 14056
14056 3100 11431
3100 11431 14056
986 5878 13323
5878 986 13323
13323 986 5878
2533 4220 14576
14576 2533 4220
4220 2533 14576
4949 3196 6476
6476 3196 4949
3196 4949 6476
11786 1663 11859
1663 11786 11859
11859 1663 11786
12801 4367 12735
12735 4367 12801
4367 12735 12801
11962 7969 14619
7969 11962 14619
14619 7969 11962
1361 9622 10668
9622 1361 10668
10668 1361 9622
7687 11764 12355
11764 7687 12355
12355 7687 11764
5478 3638 12990
3638 5478 12990
12990 3638 5478
7062 9654 10655
10655 7062 9654
9654 7062 10655
9601 5378 10463
10463 5378 9601
5378 9601 10463
8804 1747 5046
5046 1747 8804
1747 5046 8804
3716 320 7877
7877 320 3716
320 3716 7877
10617 2856 6760
6760 2856 10617
2856 6760 10617
9982 2293 5142
2293 5142 9982
5142 2293 9982
6018 3594 10817
10817 3594 6018
3594 6018 10817
4947 9244 11856
11856 4947 9244
9244 4947 11856
8374 6488 11446
11446 6488 8374
6488 8374 11446
5725 1074 11054
11054 1074 5725
1074 5725 11054
10285 6662 11255
6662 10285 11255
11255 6662 10285
8056 5787 11342
11342 5787 8056
5787 8056 11342
11033 11862 14555
11862 11033 14555
14555 11033 11862
4916 632 5022
5022 632 4916
632 4916 5022
7838 3073 14270
3073 7838 14270
14270 3073 7838
5334 3695 9277
9277 3695 5334
3695 5334 9277
9939 13625 14260
13625 9939 14260
14260 9939 13625
12881 3765 12975
3765 12881 12975
12975 3765 12881
3138 5620 10886
5620 3138 10886
10886 3138 5620
8976 3412 14265
14265 3412 8976
3412 8976 14265
11976 6184 6210
6184 6210 11976
6210 6184 11976
11481 1405 13044
1405 11481 13044
13044 1405 11481
5570 5825 10067
10067 5570 5825
5825 5570 10067
4164 5321 7227
7227 4164 5321
5321 4164 7227
1152 7536 14960
14960 1152 7536
7536 1152 14960
14239 3119 5426
5426 3119 14239
3119 5426 14239
14620 4926 5702
5702 4926 14620
4926 5702 14620
8996 2772 9494
2772 8996 9494
9494 2772 8996
5296 1358 12403
12403 1358 5296
1358 5296 12403
13127 11418 13041
13041 11418 13127
11418 13041 13127
11322 3399 13769
3399 11322 13769
13769 3399 11322
28 698 7567
7567 28 698
698 28 7567
1625 3402 7167
3402 1625 7167
7167 1625 3402
12550 4337 7697
4337 7697 12550
7697 4337 12550
11752 3647 13393
13393 3647 11752
3647 11752 13393
8891 1979 8446
1979 8446 8891
8446 1979 8891
13237 4191 4313
4191 4313 13237
4313 4191 13237
3711 2949 11420
11420 2949 3711
2949 3711 11420
3838 2758 6940
6940 2758 3838
2758 3838 6940
1164 6214 9023
9023 1164 6214
6214 1164 9023
13728 8786 13098
8786 13098 13728
13098 8786 13728
12589 12027 14322
14322 12027 12589
12027 12589 14322
8435 7128 9842
9842 7128 8435
7128 8435 9842
11003 10701 14711
10701 11003 14711
14711 10701 11003
13815 1974 4419
4419 1974 13815
1974 4419 13815
14467 3045 5293
3045 5293 14467
5293 3045 14467
5945 438 2223
2223 438 5945
438 2223 5945
1209 9414 13875
9414 1209 13875
13875 1209 9414
6564 10491 12457
10491 6564 12457
12457 6564 10491
7786 1560 8398
1560 7786 8398
8398 1560 7786
208 3568 3664
3664 208 3568
3568 208 3664
8460 1501 11551
1501 8460 11551
11551 1501 8460
12123 9158 14024
9158 12123 14024
14024 9158 12123
2739 9155 13765
9155 2739 13765
13765 2739 9155
10943 13792 14677
13792 10943 14677
14677 10943 13792
6959 2261 7570
2261 6959 7570
7570 2261 6959
953 6212 12178
12178 953 6212
6212 953 12178
124 332 1089
332 124 1089
1089 124 332
891 3666 4368
3666 891 4368
4368 891 3666
8001 1684 7958
1684 7958 8001
7958 1684 8001
14007 10420 14012
14012 10420 14007
10420 14007 14012
14885 8029 13052
8029 13052 14885
13052 8029 14885
5175 12517 14698
14698 5175 12517
12517 5175 14698
2126 4384 9159
9159 2126 4384
4384 2126 9159
13263 9195 11963
9195 11963 13263
11963 9195 13263
6888 7948 13818
7948 6888 13818
13818 6888 7948
9207 2099 13866
13866 2099 9207
2099 9207 13866
10161 11413 12346
12346 10161 11413
11413 10161 12346
11239 1641 9760
9760 1641 11239
1641 9760 11239
10191 7962 12520
12520 7962 10191
7962 10191 12520
13655 1389 3760
3760 1389 13655
1389 3760 13655
2338 166 11093
166 2338 11093
11093 166 2338
11061 9967 12482
9967 11061 12482
12482 9967 11061
10181 6803 10954
6803 10181 10954
10954 6803 10181
721 8725 9568
9568 721 8725
8725 721 9568
733 10346 11946
11946 733 10346
10346 733 11946
1112 637 1251
1251 637 1112
637 1112 1251
3818 6611 7477
7477 3818 6611
6611 3818 7477
3867 8358 10145
10145 3867 8358
8358 3867 10145
8404 140 2409
2409 140 8404
140 2409 8404
7723 6053 12023
12023 6053 7723
6053 7723 12023
858 408 5647
408 858 5647
5647 408 858
8080 3172 7918
3172 7918 8080
7918 3172 8080
871 8024 8653
8653 871 8024
8024 871 8653
11835 2586 6380
2586 6380 11835
6380 2586 11835
14524 2009 2374
2009 2374 14524
2374 2009 14524
6132 724 1398
1398 724 6132
724 1398 6132
14665 4670 14138
4670 14138 14665
14138 4670 14665
14366 7686 14289
14289 7686 14366
7686 14289 14366
11591 11990 13796
11990 11591 13796
13796 11591 11990
7949 6028 6151
6151 6028 7949
6028 6151 7949
11901 2206 10117
10117 2206 11901
2206 10117 11901
6540 8859 12034
8859 6540 12034
12034 6540 8859
5732 1767 8437
8437 1767 5732
1767 5732 8437
3216 2833 7601
7601 2833 3216
2833 3216 7601
10093 8749 10212
10212 8749 10093
8749 10093 10212
10709 4493 4495
4493 4495 10709
4495 4493 10709
10177 6073 9679
6073 9679 10177
9679 6073 10177
7859 330 13608
330 7859 13608
13608 330 7859
11594 13030 14058
14058 11594 13030
13030 11594 14058
2473 2373 4302
2373 2473 4302
4302 2373 2473
13975 5105 13140
5105 13140 13975
13140 5105 13975
7672 1860 6691
6691 1860 7672
1860 6691 7672
2787 7607 14921
7607 2787 14921
14921 2787 7607
9538 1769 8981
8981 1769 9538
1769 8981 9538
452 5667 14603
5667 452 14603
14603 452 5667
785 2306 8760
8760 785 2306
2306 785 8760
14890 10473 14593
10473 14593 14890
14593 10473 14890
2140 2860 3422
3422 2140 2860
2860 2140 3422
9079 5575 13615
13615 5575 9079
5575 9079 13615
1593 13353 14146
14146 1593 13353
13353 1593 14146
6879 772 3687
3687 772 6879
772 3687 6879
14343 2547 7885
7885 2547 14343
2547 7885 14343
3467 2653 2840
2653 2840 3467
2840 2653 3467
11257 137 6459
6459 137 11257
137 6459 11257
10604 4934 13146
13146 4934 10604
4934 10604 13146
3591 6103 6345
6345 3591 6103
6103 3591 6345
8915 5475 11565
5475 8915 11565
11565 5475 8915
570 3783 9597
9597 570 3783
3783 570 9597
9540 2789 10034
10034 2789 9540
2789 9540 10034
5533 3387 13882
3387 5533 13882
13882 3387 5533
12971 2733 7593
2733 7593 12971
7593 2733 12971
5558 8955 11667
8955 5558 11667
11667 5558 8955
12218 3304 14334
14334 3304 12218
3304 12218 14334
11517 9099 12345
9099 11517 12345
12345 9099 11517
911 2970 4202
4202 911 2970
2970 911 4202
11768 201 3839
3839 201 11768
201 3839 11768
11149 5003 13639
13639 5003 11149
5003 11149 13639
12411 6418 8744
6418 8744 12411
8744 6418 12411
7623 6598 12378
6598 7623 12378
12378 6598 7623
4253 7394 13344
7394 4253 13344
13344 4253 7394
12878 7748 12357
12357 7748 12878
7748 12357 12878
558 7194 8768
8768 558 7194
7194 558 8768
8840 13864 14356
14356 8840 13864
13864 8840 14356
7120 3862 8898
8898 3862 7120
3862 7120 8898
7200 2628 6929
6929 2628 7200
2628 6929 7200
5480 12214 14002
12214 5480 14002
14002 5480 12214
10178 2369 7941
2369 7941 10178
7941 2369 10178
12805 2610 14597
2610 12805 14597
14597 2610 12805
6314 424 13676
424 6314 13676
13676 424 6314
14094 3763 14180
3763 14094 14180
14180 3763 14094
9371 1696 3381
1696 3381 9371
3381 1696 9371
8917 4185 4664
4185 4664 8917
4664 4185 8917
13371 12605 13134
12605 13134 13371
13134 12605 13371
9832 6247 13803
13803 6247 9832
6247 9832 13803
4965 5035 13039
13039 4965 5035
5035 4965 13039
3471 476 10550
476 3471 10550
10550 476 3471
4364 2394 13787
2394 4364 13787
13787 2394 4364
9944 6124 8735
6124 8735 9944
8735 6124 9944
3225 11381 14190
11381 3225 14190
14190 3225 11381
8473 5858 8830
5858 8473 8830
8830 5858 8473
8792 4440 7072
7072 4440 8792
4440 7072 8792
12015 331 13307
13307 331 12015
331 12015 13307
9218 3175 10073
3175 9218 10073
10073 3175 9218
7262 2179 4385
4385 2179 7262
2179 4385 7262
1705 13049 14280
14280 1705 13049
13049 1705 14280
11803 3341 6434
3341 6434 11803
6434 3341 11803
9664 8208 13420
8208 9664 13420
13420 8208 9664
13735 8354 11184
11184 8354 13735
8354 11184 13735
596 10890 14560
14560 596 10890
10890 596 14560
9779 6683 6744
6683 6744 9779
6744 6683 9779
253 1525 13938
1525 253 13938
13938 253 1525
5238 2593 7068
7068 2593 5238
2593 5238 7068
2814 5411 7495
5411 2814 7495
7495 2814 5411
7473 3851 13638
3851 7473 13638
13638 3851 7473
6633 3293 9027
9027 3293 6633
3293 6633 9027
188 9290 13096
9290 188 13096
13096 188 9290
53 9959 13539
13539 53 9959
9959 53 13539
14846 678 3369
3369 678 14846
678 3369 14846
13367 1339 2747
1339 2747 13367
2747 1339 13367
12273 2827 7458
7458 2827 12273
2827 7458 12273
6973 818 3224
3224 818 6973
818 3224 6973
4932 1668 14238
14238 1668 4932
1668 4932 14238
9526 2109 5648
5648 2109 9526
2109 5648 9526
10694 10235 13466
13466 10235 10694
10235 10694 13466
5914 3655 14595
3655 5914 14595
14595 3655 5914
6960 11508 14177
14177 6960 11508
11508 6960 14177
6999 511 9772
9772 511 6999
511 6999 9772
13114 3538 10983
10983 3538 13114
3538 10983 13114
6429 12122 12521
12122 6429 12521
12521 6429 12122
8821 7391 14473
14473 7391 8821
7391 8821 14473
2531 5924 6899
5924 2531 6899
6899 2531 5924
631 5613 8521
5613 631 8521
8521 631 5613
8119 3889 4497
3889 4497 8119
4497 3889 8119
13658 7403 9248
7403 9248 13658
9248 7403 13658
14772 5868 10027
10027 5868 14772
5868 10027 14772
9284 2287 10297
2287 9284 10297
10297 2287 9284
5727 579 13667
579 5727 13667
13667 579 5727
14943 9257 9870
9257 9870 14943
9870 9257 14943
12388 4646 14836
4646 12388 14836
14836 4646 12388
5058 11516 14849
11516 5058 14849
14849 5058 11516
4320 2064 5929
5929 2064 4320
2064 4320 5929
8815 1621 12319
12319 1621 8815
1621 8815 12319
13906 8901 12116
12116 8901 13906
8901 12116 13906
8582 8382 14368
14368 8382 8582
8382 8582 14368
8525 3499 4289
4289 3499 8525
3499 4289 8525
12361 6481 12788
6481 12361 12788
12788 6481 12361
2720 7414 14768
7414 2720 14768
14768 2720 7414
12077 2694 6792
6792 2694 12077
2694 6792 12077
6127 2404 8560
8560 2404 6127
2404 6127 8560
4970 4991 6866
6866 4970 4991
4991 4970 6866
9632 11719 14283
14283 9632 11719
11719 9632 14283
10510 1086 13166
13166 1086 10510
1086 10510 13166
2722 2715 11484
2715 2722 11484
11484 2715 2722
5583 2090 14832
2090 5583 14832
14832 2090 5583
5460 3732 4262
3732 4262 5460
4262 3732 5460
9620 11836 14496
11836 9620 14496
14496 9620 11836
1904 440 9700
440 1904 9700
9700 440 1904
12510 257 14511
14511 257 12510
257 12510 14511
562 4535 10329
10329 562 4535
4535 562 10329
12970 1927 13143
1927 12970 13143
13143 1927 12970
6427 9867 10759
9867 6427 10759
10759 6427 9867
935 409 4649
409 935 4649
4649 409 935
14399 7422 11509
11509 7422 14399
7422 11509 14399
12380 8887 10431
10431 8887 12380
8887 10431 12380
869 8362 12316
12316 869 8362
8362 869 12316
6915 11377 11938
11938 6915 11377
11377 6915 11938
9652 1355 14045
1355 9652 14045
14045 1355 9652
12765 6790 9318
6790 9318 12765
9318 6790 12765
2316 759 8592
8592 759 2316
759 2316 8592
2021 4860 8544
8544 2021 4860
4860 2021 8544
1490 567 6161
567 1490 6161
6161 567 1490
3827 8827 14513
14513 3827 8827
8827 3827 14513
12438 3253 6197
6197 3253 12438
3253 6197 12438
7759 6032 7523
7523 6032 7759
6032 7523 7759
2855 10227 10499
10227 2855 10499
10499 2855 10227
6556 7520 10272
10272 6556 7520
7520 6556 10272
14156 11612 14203
14203 11612 14156
11612 14156 14203
4153 1245 8067
1245 4153 8067
8067 1245 4153
11635 5544 5802
5544 5802 11635
5802 5544 11635
415 48 13170
48 415 13170
13170 48 415
12449 1660 14649
14649 1660 12449
1660 12449 14649
8778 4835 11855
4835 8778 11855
11855 4835 8778
1351 1088 14817
14817 1088 1351
1088 1351 14817
5167 708 8271
8271 708 5167
708 5167 8271
2517 12184 14009
12184 2517 14009
14009 2517 12184
11642 1814 3272
1814 3272 11642
3272 1814 11642
10820 1836 13518
1836 10820 13518
13518 1836 10820
10593 12299 12702
12299 10593 12702
12702 10593 12299
6504 7219 11398
11398 6504 7219
7219 6504 11398
14129 1931 11617
11617 1931 14129
1931 11617 14129
1231 2636 12540
12540 1231 2636
2636 1231 12540
14904 6713 8657
8657 6713 14904
6713 8657 14904
1486 1826 4027
1826 1486 4027
4027 1486 1826
14744 2812 8472
8472 2812 14744
2812 8472 14744
11779 3858 14642
3858 11779 14642
14642 3858 11779
13184 4924 14549
14549 4924 13184
4924 13184 14549
3021 4258 14207
4258 3021 14207
14207 3021 4258
8679 3366 6522
6522 3366 8679
3366 6522 8679
9331 5698 10671
5698 9331 10671
10671 5698 9331
4259 12259 13768
12259 4259 13768
13768 4259 12259
10439 9007 12472
9007 10439 12472
12472 9007 10439
4731 874 11549
874 4731 11549
11549 874 4731
9811 685 2330
685 2330 9811
2330 685 9811
11858 1568 9272
1568 9272 11858
9272 1568 11858
9672 2723 2998
2998 2723 9672
2723 2998 9672
8638 2051 14994
2051 8638 14994
14994 2051 8638
7972 7057 7266
7057 7266 7972
7266 7057 7972
2137 4521 13443
4521 2137 13443
13443 2137 4521
2865 7082 10576
7082 2865 10576
10576 2865 7082
5873 4863 11345
11345 4863 5873
4863 5873 11345
7499 3825 6022
3825 6022 7499
6022 3825 7499
262 1594 11691
11691 262 1594
1594 262 11691
10025 2185 13135
13135 2185 10025
2185 10025 13135
5986 921 4936
921 4936 5986
4936 921 5986
656 1743 2587
2587 656 1743
1743 656 2587
5226 1432 5430
1432 5226 5430
5430 1432 5226
12505 10368 13375
10368 12505 13375
13375 10368 12505
4538 6557 13474
6557 4538 13474
13474 4538 6557
5530 4291 9790
9790 4291 5530
4291 5530 9790
4119 1848 11994
11994 1848 4119
1848 4119 11994
9379 474 11197
474 9379 11197
11197 474 9379
13989 5788 10438
5788 10438 13989
10438 5788 13989
5081 998 3814
998 3814 5081
3814 998 5081
3592 3296 10068
3296 3592 10068
10068 3296 3592
1816 7404 8682
8682 1816 7404
7404 1816 8682
5726 13306 14785
14785 5726 13306
13306 5726 14785
5225 9426 9989
9989 5225 9426
9426 5225 9989
11306 319 5957
5957 319 11306
319 5957 11306
10123 5704 12761
12761 5704 10123
5704 10123 12761
6896 1756 1846
1846 1756 6896
1756 1846 6896
165 3139 14057
14057 165 3139
3139 165 14057
5140 6450 11723
11723 5140 6450
6450 5140 11723
9531 11700 11924
11924 9531 11700
11700 9531 11924
10810 9107 14928
14928 9107 10810
9107 10810 14928
8933 1749 8017
1749 8017 8933
8017 1749 8933
9757 7995 9553
7995 9553 9757
9553 7995 9757
11164 3728 7005
7005 3728 11164
3728 7005 11164
1410 12560 14742
14742 1410 12560
12560 1410 14742
8148 286 8688
8688 286 8148
286 8148 8688
10347 2873 12686
12686 2873 10347
2873 10347 12686
8904 2570 7539
7539 2570 8904
2570 7539 8904
3440 9997 10858
9997 3440 10858
10858 3440 9997
7868 2544 5524
2544 5524 7868
5524 2544 7868
5048 1480 4561
4561 1480 5048
1480 4561 5048
10518 2513 10397
2513 10397 10518
10397 2513 10518
11849 3197 13603
3197 11849 13603
13603 3197 11849
4628 6250 7531
6250 4628 7531
7531 4628 6250
2322 9918 10042
10042 2322 9918
9918 2322 10042
12141 2918 13705
2918 12141 13705
13705 2918 12141
7024 1443 1901
1901 1443 7024
1443 1901 7024
3340 3878 5029
3878 3340 5029
5029 3340 3878
10539 12678 14859
12678 10539 14859
14859 10539 12678
3008 10884 12826
10884 3008 12826
12826 3008 10884
12454 4969 5907
4969 5907 12454
5907 4969 12454
14733 4158 13162
13162 4158 14733
4158 13162 14733
1195 997 11640
11640 997 1195
997 1195 11640
12201 8929 9575
8929 9575 12201
9575 8929 12201
11766 1515 10952
1515 10952 11766
10952 1515 11766
11325 226 12350
12350 226 11325
226 11325 12350
3824 4056 5277
5277 3824 4056
4056 3824 5277
5080 5789 8082
5789 5080 8082
8082 5080 5789
2676 7780 11666
7780 2676 11666
11666 2676 7780
13382 1192 7739
1192 7739 13382
7739 1192 13382
4680 9401 10578
10578 4680 9401
9401 4680 10578
4069 9367 14052
14052 4069 9367
9367 4069 14052
2880 1930 13205
1930 2880 13205
13205 1930 2880
8663 379 9057
379 8663 9057
9057 379 8663
1530 3691 5255
3691 1530 5255
5255 1530 3691
7163 1230 5750
5750 1230 7163
1230 5750 7163
7622 7827 10532
7827 7622 10532
10532 7622 7827
1634 1726 5675
1726 1634 5675
5675 1634 1726
14361 25 5869
25 5869 14361
5869 25 14361
8225 4815 12228
12228 4815 8225
4815 8225 12228
8520 3191 12208
12208 3191 8520
3191 8520 12208
6245 5961 8927
8927 5961 6245
5961 6245 8927
944 3069 14445
14445 944 3069
3069 944 14445
14212 790 7579
790 7579 14212
7579 790 14212
3118 11639 13199
13199 3118 11639
11639 3118 13199
6416 4468 12217
12217 4468 6416
4468 6416 12217
3975 345 6339
6339 345 3975
345 3975 6339
11740 7012 10490
7012 10490 11740
10490 7012 11740
10599 7879 13616
7879 10599 13616
13616 7879 10599
3007 7946 12233
12233 3007 7946
7946 3007 12233
13537 4353 9353
9353 4353 13537
4353 9353 13537
2429 1628 8146
1628 2429 8146
8146 1628 2429
9644 1883 11191
1883 9644 11191
11191 1883 9644
5019 11931 14730
11931 5019 14730
14730 5019 11931
14011 5051 11789
11789 5051 14011
5051 11789 14011
483 5882 10919
10919 483 5882
5882 483 10919
2450 9727 13119
9727 2450 13119
13119 2450 9727
9298 9718 13154
9718 9298 13154
13154 9298 9718
5039 1151 2015
1151 2015 5039
2015 1151 5039
581 114 11468
114 581 11468
11468 114 581
7805 12685 14432
14432 7805 12685
12685 7805 14432
11646 207 6694
207 6694 11646
6694 207 11646
9347 3955 5545
3955 5545 9347
5545 3955 9347
7852 5916 8863
8863 5916 7852
5916 7852 8863
6806 2154 11939
11939 2154 6806
2154 6806 11939
4243 1071 5741
5741 1071 4243
1071 4243 5741
259 473 1318
473 259 1318
1318 259 473
10457 4811 9865
9865 4811 10457
4811 9865 10457
7729 2777 12460
12460 2777 7729
2777 7729 12460
2019 2377 3003
2377 2019 3003
3003 2019 2377
3915 1388 13519
13519 1388 3915
1388 3915 13519
2336 7781 12554
7781 2336 12554
12554 2336 7781
2668 5373 9180
5373 2668 9180
9180 2668 5373
8965 3370 8570
8570 3370 8965
3370 8570 8965
3423 4370 14064
4370 3423 14064
14064 3423 4370
7867 1250 10678
10678 1250 7867
1250 7867 10678
2396 6799 8464
8464 2396 6799
6799 2396 8464
9774 11123 13047
11123 9774 13047
13047 9774 11123
7648 3794 11582
3794 7648 11582
11582 3794 7648
5468 1723 3790
1723 3790 5468
3790 1723 5468
3770 10468 12552
12552 3770 10468
10468 3770 12552
6592 7397 10270
10270 6592 7397
7397 6592 10270
5589 6390 14110
6390 5589 14110
14110 5589 6390
1462 2042 2283
2042 1462 2283
2283 1462 2042
2478 1840 11890
1840 2478 11890
11890 1840 2478
1353 2526 11672
11672 1353 2526
2526 1353 11672
11952 9255 13703
13703 9255 11952
9255 11952 13703
14211 11383 12862
12862 11383 14211
11383 12862 14211
4209 1252 7604
1252 4209 7604
7604 1252 4209
10375 5484 11618
5484 10375 11618
11618 5484 10375
14184 3709 12126
12126 3709 14184
3709 12126 14184
13674 1396 8761
8761 1396 13674
1396 8761 13674
8111 12037 13515
13515 8111 12037
12037 8111 13515
5621 590 8411
8411 590 5621
590 5621 8411
2202 10160 11566
11566 2202 10160
10160 2202 11566
11467 2022 12240
12240 2022 11467
2022 11467 12240
2951 4728 8724
8724 2951 4728
4728 2951 8724
7156 12579 14155
14155 7156 12579
12579 7156 14155
13795 10110 12973
12973 10110 13795
10110 12973 13795
5572 7085 9692
9692 5572 7085
7085 5572 9692
5600 4515 6934
6934 4515 5600
4515 5600 6934
1335 9755 14969
14969 1335 9755
9755 1335 14969
3938 285 8090
8090 285 3938
285 3938 8090
9421 9265 13775
9265 9421 13775
13775 9265 9421
13462 2436 5187
5187 2436 13462
2436 5187 13462
1542 3283 11183
3283 1542 11183
11183 1542 3283
11669 5654 10736
10736 5654 11669
5654 10736 11669
6859 746 2323
2323 746 6859
746 2323 6859
10280 1295 6912
6912 1295 10280
1295 6912 10280
1866 6541 13260
6541 1866 13260
13260 1866 6541
11958 7396 9594
9594 7396 11958
7396 9594 11958
13980 4427 4623
4623 4427 13980
4427 4623 13980
12778 3822 6770
3822 6770 12778
6770 3822 12778
13630 8495 8619
8619 8495 13630
8495 8619 13630
8916 6125 12508
12508 6125 8916
6125 8916 12508
9690 9637 13761
13761 9637 9690
9637 9690 13761
4637 5539 11399
11399 4637 5539
5539 4637 11399
11619 2800 3810
2800 3810 11619
3810 2800 11619
13276 6183 9537
9537 6183 13276
6183 9537 13276
10589 7059 11112
11112 7059 10589
7059 10589 11112
13153 5322 12756
12756 5322 13153
5322 12756 13153
10084 10711 12108
12108 10084 10711
10711 10084 12108
10826 6958 7656
7656 6958 10826
6958 7656 10826
14585 7985 10114
10114 7985 14585
7985 10114 14585
11889 967 8182
8182 967 11889
967 8182 11889
11782 7225 9550
9550 7225 11782
7225 9550 11782
4756 3171 6543
3171 4756 6543
6543 3171 4756
13366 14489 14693
14693 13366 14489
14489 13366 14693
10343 5417 11444
5417 10343 11444
11444 5417 10343
6227 4085 9521
9521 4085 6227
4085 6227 9521
5197 2626 12875
2626 5197 12875
12875 2626 5197
13656 2841 4773
4773 2841 13656
2841 4773 13656
11850 3920 9889
3920 9889 11850
9889 3920 11850
14013 1539 7315
7315 1539 14013
1539 7315 14013
1582 8457 10088
10088 1582 8457
8457 1582 10088
9021 987 4121
987 4121 9021
4121 987 9021
7727 6297 14089
6297 7727 14089
14089 6297 7727
12096 2713 5289
2713 5289 12096
5289 2713 12096
6123 11232 11969
11232 6123 11969
11969 6123 11232
9084 11944 14340
11944 9084 14340
14340 9084 11944
9225 2080 2416
2416 2080 9225
2080 2416 9225
6990 8806 10901
8806 6990 10901
10901 6990 8806
4491 1764 7400
7400 1764 4491
1764 4491 7400
13678 3669 10454
3669 10454 13678
10454 3669 13678
327 2046 10964
2046 327 10964
10964 327 2046
2344 2569 2809
2569 2344 2809
2809 2344 2569
7920 2571 10859
10859 2571 7920
2571 7920 10859
2978 5853 9424
9424 2978 5853
5853 2978 9424
7817 11820 12966
12966 7817 11820
11820 7817 12966
10827 8826 12487
12487 8826 10827
8826 10827 12487
2212 4286 14102
4286 2212 14102
14102 2212 4286
9267 621 1020
621 1020 9267
1020 621 9267
11927 405 1326
1326 405 11927
405 1326 11927
8213 9545 12777
12777 8213 9545
9545 8213 12777
7410 8145 11436
8145 7410 11436
11436 7410 8145
8972 2265 7441
2265 7441 8972
7441 2265 8972
11479 12937 14083
14083 11479 12937
12937 11479 14083
6141 10951 11839
11839 6141 10951
10951 6141 11839
10848 344 2731
2731 344 10848
344 2731 10848
7180 1242 11867
11867 1242 7180
1242 7180 11867
11957 7206 13464
7206 11957 13464
13464 7206 11957
10006 1966 14010
14010 1966 10006
1966 10006 14010
13157 1908 11804
1908 11804 13157
11804 1908 13157
13911 2910 9817
9817 2910 13911
2910 9817 13911
3987 9415 14622
14622 3987 9415
9415 3987 14622
4647 12669 13291
13291 4647 12669
12669 4647 13291
6057 4060 7950
7950 4060 6057
4060 6057 7950
12962 6665 10865
10865 6665 12962
6665 10865 12962
3532 6771 11736
6771 3532 11736
11736 3532 6771
11291 7571 9042
7571 9042 11291
9042 7571 11291
11147 1850 14710
14710 1850 11147
1850 11147 14710
14553 7190 13523
13523 7190 14553
7190 13523 14553
9003 7165 12842
12842 7165 9003
7165 9003 12842
14429 2097 10819
10819 2097 14429
2097 10819 14429
7915 4872 7692
7692 4872 7915
4872 7692 7915
5150 4821 9285
9285 4821 5150
4821 5150 9285
7178 758 4383
4383 758 7178
758 4383 7178
9370 2332 11707
11707 2332 9370
2332 9370 11707
10032 2760 5068
5068 2760 10032
2760 5068 10032
6695 4400 10224
10224 4400 6695
4400 6695 10224
8517 4267 8074
4267 8074 8517
8074 4267 8517
6690 954 9848
9848 954 6690
954 6690 9848
14042 1900 11780
11780 1900 14042
1900 11780 14042
9792 3863 13600
3863 9792 13600
13600 3863 9792
1274 11798 13779
13779 1274 11798
11798 1274 13779
13129 3011 5198
5198 3011 13129
3011 5198 13129
12823 250 5217
5217 250 12823
250 5217 12823
5199 3872 14985
3872 5199 14985
14985 3872 5199
11925 1834 14424
14424 1834 11925
1834 11925 14424
4576 3630 12059
3630 4576 12059
12059 3630 4576
9375 8290 14051
8290 9375 14051
14051 8290 9375
8770 7897 8310
8310 7897 8770
7897 8310 8770
1745 4257 6591
6591 1745 4257
4257 1745 6591
1079 10745 13972
10745 1079 13972
13972 1079 10745
6784 6080 14633
14633 6080 6784
6080 6784 14633
14162 3094 14135
3094 14135 14162
14135 3094 14162
13009 5034 5728
5034 5728 13009
5728 5034 13009
2037 4176 11079
11079 2037 4176
4176 2037 11079
3249 8721 12519
8721 3249 12519
12519 3249 8721
9050 6311 9751
6311 9050 9751
9751 6311 9050
7616 5887 6840
5887 6840 7616
6840 5887 7616
10290 2630 7719
7719 2630 10290
2630 7719 10290
4988 9250 9334
9334 4988 9250
9250 4988 9334
11024 3689 3948
3689 3948 11024
3948 3689 11024
7329 3044 8565
3044 7329 8565
8565 3044 7329
12308 1897 12496
12496 1897 12308
1897 12308 12496
5309 603 10838
603 5309 10838
10838 603 5309
4481 905 12060
905 4481 12060
12060 905 4481
4499 6780 14475
6780 4499 14475
14475 4499 6780
5960 3546 13451
13451 3546 5960
3546 5960 13451
5534 7773 10130
10130 5534 7773
7773 5534 10130
161 3126 6524
6524 161 3126
3126 161 6524
10200 5942 8386
8386 5942 10200
5942 8386 10200
852 7792 12610
12610 852 7792
7792 852 12610
10686 4780 7138
7138 4780 10686
4780 7138 10686
3627 3055 13582
3055 3627 13582
13582 3055 3627
11259 3516 9734
9734 3516 11259
3516 9734 11259
14755 3967 10816
3967 10816 14755
10816 3967 14755
5962 2399 3779
3779 2399 5962
2399 3779 5962
9702 5124 13580
5124 9702 13580
13580 5124 9702
7210 1070 1500
1070 1500 7210
1500 1070 7210
10769 1534 5895
5895 1534 10769
1534 5895 10769
2718 1533 12383
12383 1533 2718
1533 2718 12383
3850 3080 10649
3080 3850 10649
10649 3080 3850
14154 3109 14704
14704 3109 14154
3109 14154 14704
13654 3661 7734
3661 7734 13654
7734 3661 13654
4110 13415 14974
13415 4110 14974
14974 4110 13415
3616 8172 12722
8172 3616 12722
12722 3616 8172
8928 4865 7589
4865 7589 8928
7589 4865 8928
3596 6980 7361
7361 3596 6980
6980 3596 7361
5086 7226 9393
7226 5086 9393
9393 5086 7226
11106 9154 13889
9154 11106 13889
13889 9154 11106
13740 4003 13886
13886 4003 13740
4003 13740 13886
11297 4676 12227
4676 11297 12227
12227 4676 11297
5207 5782 6282
5782 5207 6282
6282 5207 5782
9204 14115 14811
14115 9204 14811
14811 9204 14115
1392 11871 13927
13927 1392 11871
11871 1392 13927
11015 3757 12696
3757 11015 12696
12696 3757 11015
11729 1033 6589
1033 6589 11729
6589 1033 11729
5510 10279 12860
10279 5510 12860
12860 5510 10279
6259 357 8076
8076 357 6259
357 6259 8076
5739 5977 6004
6004 5739 5977
5977 5739 6004
1030 638 13341
13341 638 1030
638 1030 13341
12057 4843 12291
12291 4843 12057
4843 12057 12291
3344 517 14175
14175 517 3344
517 3344 14175
1294 1610 4362
1610 1294 4362
4362 1294 1610
3613 5306 10505
5306 3613 10505
10505 3613 5306
4204 8617 8833
8617 4204 8833
8833 4204 8617
4306 2372 3712
3712 2372 4306
2372 3712 4306
3106 6521 14142
6521 3106 14142
14142 3106 6521
7064 4139 9364
9364 4139 7064
4139 7064 9364
7158 11872 12809
11872 7158 12809
12809 7158 11872
14442 2186 6998
6998 2186 14442
2186 6998 14442
873 4404 12062
12062 873 4404
4404 873 12062
12553 4996 11361
4996 11361 12553
11361 4996 12553
2804 940 4096
940 2804 4096
4096 940 2804
10087 11934 14519
14519 10087 11934
11934 10087 14519
982 7534 11230
11230 982 7534
7534 982 11230
11029 8583 10735
8583 10735 11029
10735 8583 11029
10807 12153 13698
13698 10807 12153
12153 10807 13698
11726 2969 7121
2969 7121 11726
7121 2969 11726
7071 3531 9856
3531 7071 9856
9856 3531 7071
2122 10743 11759
10743 2122 11759
11759 2122 10743
8952 527 4398
527 4398 8952
4398 527 8952
382 2510 9202
2510 382 9202
9202 382 2510
4350 337 6010
6010 337 4350
337 4350 6010
5892 3515 10962
3515 5892 10962
10962 3515 5892
7195 387 3404
3404 387 7195
387 3404 7195
12670 1210 12946
12946 1210 12670
1210 12670 12946
11065 6772 12407
6772 11065 12407
12407 6772 11065
9934 4013 11506
4013 9934 11506
11506 4013 9934
13493 9482 13671
13671 9482 13493
9482 13493 13671
4526 4711 12475
12475 4526 4711
4711 4526 12475
2556 542 4645
542 2556 4645
4645 542 2556
10038 3376 9443
3376 9443 10038
9443 3376 10038
3773 2632 3256
2632 3256 3773
3256 2632 3773
14791 4138 10621
10621 4138 14791
4138 10621 14791
14919 6763 9994
6763 9994 14919
9994 6763 14919
8246 2280 11993
11993 2280 8246
2280 8246 11993
8163 6726 11686
6726 8163 11686
11686 6726 8163
14792 4414 13123
13123 4414 14792
4414 13123 14792
7218 3746 5573
3746 5573 7218
5573 3746 7218
2219 3802 14564
3802 2219 14564
14564 2219 3802
10474 8607 14896
8607 10474 14896
14896 8607 10474
9503 2167 11365
11365 2167 9503
2167 9503 11365
4181 2208 10326
10326 2208 4181
2208 4181 10326
6828 4987 12349
12349 4987 6828
4987 6828 12349
8350 839 1256
1256 839 8350
839 1256 8350
4332 1201 4876
1201 4332 4876
4876 1201 4332
11017 4938 5658
5658 4938 11017
4938 5658 11017
7863 3478 6704
3478 6704 7863
6704 3478 7863
11001 7432 14520
7432 11001 14520
14520 7432 11001
3186 5041 11478
11478 3186 5041
5041 3186 11478
11469 7803 10719
7803 10719 11469
10719 7803 11469
14460 6414 9168
6414 9168 14460
9168 6414 14460
749 3374 7014
7014 749 3374
3374 749 7014
6906 5809 14776
14776 5809 6906
5809 6906 14776
4216 4199 10210
10210 4199 4216
4199 4216 10210
14352 681 9343
681 9343 14352
9343 681 14352
8736 880 9804
880 8736 9804
9804 880 8736
535 4953 8156
4953 535 8156
8156 535 4953
392 5327 11599
11599 392 5327
5327 392 11599
10538 3383 5344
5344 3383 10538
3383 5344 10538
5286 3334 11685
11685 3334 5286
3334 5286 11685
8784 6740 11229
11229 6740 8784
6740 8784 11229
14897 7587 14422
14422 7587 14897
7587 14422 14897
2806 3261 6974
3261 2806 6974
6974 2806 3261
7051 11225 11656
11225 7051 11656
11656 7051 11225
4636 2004 10620
2004 4636 10620
10620 2004 4636
13502 7022 10947
7022 10947 13502
10947 7022 13502
5804 273 12753
273 5804 12753
12753 273 5804
3208 6462 11366
6462 3208 11366
11366 3208 6462
528 4784 5778
5778 528 4784
4784 528 5778
269 8261 14464
8261 269 14464
14464 269 8261
3088 6256 10786
6256 3088 10786
10786 3088 6256
1554 3710 12288
12288 1554 3710
3710 1554 12288
1299 5993 6320
6320 1299 5993
5993 1299 6320
5009 1444 4195
4195 1444 5009
1444 4195 5009
6364 13173 14258
14258 6364 13173
13173 6364 14258
5201 8710 14905
8710 5201 14905
14905 5201 8710
14297 3564 11747
3564 11747 14297
11747 3564 14297
5288 3386 14948
14948 3386 5288
3386 5288 14948
9901 6701 7798
6701 7798 9901
7798 6701 9901
8357 10173 11911
10173 8357 11911
11911 8357 10173
8219 1205 13139
13139 1205 8219
1205 8219 13139
2554 11307 13799
13799 2554 11307
11307 2554 13799
2314 1285 1535
1285 1535 2314
1535 1285 2314
11510 9279 13722
13722 9279 11510
9279 11510 13722
13827 1524 7405
1524 7405 13827
7405 1524 13827
8475 2329 5107
5107 2329 8475
2329 5107 8475
1970 604 12811
12811 604 1970
604 1970 12811
12565 4848 9556
4848 9556 12565
9556 4848 12565
9682 8534 13604
8534 9682 13604
13604 8534 9682
7097 2169 10152
10152 2169 7097
2169 7097 10152
13198 3835 5073
5073 3835 13198
3835 5073 13198
4018 4460 13272
13272 4018 4460
4460 4018 13272
12146 12235 13186
12235 12146 13186
13186 12146 12235
4627 4101 8695
8695 4101 4627
4101 4627 8695
10941 1798 11823
1798 10941 11823
11823 1798 10941
1113 9966 10369
10369 1113 9966
9966 1113 10369
1 8969 13357
8969 1 13357
13357 1 8969
11894 761 10484
761 10484 11894
10484 761 11894
3120 220 6585
6585 220 3120
220 3120 6585
3243 1681 3845
3845 1681 3243
1681 3243 3845
7763 1197 3000
1197 3000 7763
3000 1197 7763
6228 57 519
519 57 6228
57 519 6228
11788 7161 12698
12698 7161 11788
7161 11788 12698
1133 2052 6752
6752 1133 2052
2052 1133 6752
11846 2859 2871
2871 2859 11846
2859 2871 11846
4428 4225 6572
6572 4225 4428
4225 4428 6572
4490 861 12676
861 4490 12676
12676 861 4490
509 3684 13482
13482 509 3684
3684 509 13482
6582 828 4715
4715 828 6582
828 4715 6582
12963 4762 6119
