79371 19819 101944
101944 19819 79371
19819 79371 101944
119144 31239 134353
134353 31239 119144
31239 119144 134353
30620 11262 139166
139166 11262 30620
11262 30620 139166
61692 79930 117426
117426 61692 79930
79930 61692 117426
114072 546 48461
546 48461 114072
48461 546 114072
58960 74497 103462
103462 58960 74497
74497 58960 103462
103563 2647 77278
77278 2647 103563
2647 77278 103563
86407 43275 71070
43275 71070 86407
71070 43275 86407
123687 92130 149146
92130 123687 149146
149146 92130 123687
5951 97618 122150
122150 5951 97618
97618 5951 122150
90827 13654 42529
42529 13654 90827
13654 42529 90827
120554 82790 145130
145130 82790 120554
82790 120554 145130
94071 5161 18618
5161 18618 94071
18618 5161 94071
79465 19423 39672
39672 19423 79465
19423 39672 79465
112279 51867 114435
114435 51867 112279
51867 112279 114435
141223 48281 62861
48281 62861 141223
62861 48281 141223
23626 59524 134208
59524 23626 134208
134208 23626 59524
70397 54792 83936
83936 54792 70397
54792 70397 83936
106757 53314 149152
53314 106757 149152
149152 53314 106757
58053 112115 139389
139389 58053 112115
112115 58053 139389
69867 32671 107593
107593 32671 69867
32671 69867 107593
22996 7908 47534
7908 22996 47534
47534 7908 22996
29976 60701 118835
60701 29976 118835
118835 29976 60701
68721 15129 129029
129029 15129 68721
15129 68721 129029
134514 49924 140265
140265 49924 134514
49924 134514 140265
64803 111948 141832
111948 64803 141832
141832 64803 111948
123644 25782 84820
25782 84820 123644
84820 25782 123644
15753 12634 67344
12634 15753 67344
67344 12634 15753
105268 41658 118693
41658 105268 118693
118693 41658 105268
123960 49777 53687
53687 49777 123960
49777 53687 123960
60437 3891 63368
3891 60437 63368
63368 3891 60437
47513 10531 86152
10531 47513 86152
86152 10531 47513
30552 38633 40797
40797 30552 38633
38633 30552 40797
136834 9570 120655
9570 120655 136834
120655 9570 136834
64062 69243 76330
76330 64062 69243
69243 64062 76330
94129 7554 23655
23655 7554 94129
7554 23655 94129
47286 43536 62984
43536 47286 62984
62984 43536 47286
71722 106875 138892
106875 71722 138892
138892 71722 106875
113214 60983 114804
60983 113214 114804
114804 60983 113214
65751 119009 126496
119009 65751 126496
126496 65751 119009
94282 68964 145897
68964 94282 145897
145897 68964 94282
93082 146081 149873
149873 93082 146081
146081 93082 149873
3594 13411 26753
13411 3594 26753
26753 3594 13411
113360 96117 143386
96117 113360 143386
143386 96117 113360
80755 120806 144008
144008 80755 120806
120806 80755 144008
57319 83809 109628
109628 57319 83809
83809 57319 109628
113961 50713 136060
50713 113961 136060
136060 50713 113961
66954 50835 72569
72569 50835 66954
50835 66954 72569
80634 21457 83508
21457 80634 83508
83508 21457 80634
120420 32196 85387
85387 32196 120420
32196 85387 120420
71623 13871 96277
13871 71623 96277
96277 13871 71623
128838 70886 89806
89806 70886 128838
70886 89806 128838
135699 90289 91930
91930 90289 135699
90289 91930 135699
31494 17998 90721
90721 17998 31494
17998 31494 90721
1992 6456 62898
6456 1992 62898
62898 1992 6456
129929 57035 91876
57035 91876 129929
91876 57035 129929
98706 28323 77676
77676 28323 98706
28323 77676 98706
50929 17614 63364
63364 17614 50929
17614 50929 63364
17154 125689 146986
146986 17154 125689
125689 17154 146986
78767 25440 127523
127523 25440 78767
25440 78767 127523
104503 44783 120138
44783 104503 120138
120138 44783 104503
19396 14783 82716
82716 14783 19396
14783 19396 82716
112142 8908 61833
61833 8908 112142
8908 61833 112142
84607 23858 136225
136225 23858 84607
23858 84607 136225
139910 101343 129310
101343 129310 139910
129310 101343 139910
35269 110611 125394
125394 35269 110611
110611 35269 125394
85896 113935 118515
113935 85896 118515
118515 85896 113935
89908 1559 112281
1559 89908 112281
112281 1559 89908
9686 32313 37154
32313 9686 37154
37154 9686 32313
21989 56956 100245
56956 21989 100245
100245 21989 56956
111495 12417 114500
114500 12417 111495
12417 111495 114500
135072 88026 102386
102386 88026 135072
88026 102386 135072
68512 22094 113757
113757 22094 68512
22094 68512 113757
118342 17866 70452
17866 70452 118342
70452 17866 118342
111702 73260 125347
125347 73260 111702
73260 111702 125347
71975 18919 36636
36636 18919 71975
18919 36636 71975
126559 33294 71457
33294 71457 126559
71457 33294 126559
56069 60435 141129
141129 56069 60435
60435 56069 141129
25044 100304 136398
100304 25044 136398
136398 25044 100304
10866 7198 44243
7198 10866 44243
44243 7198 10866
115706 106227 148703
106227 115706 148703
148703 106227 115706
148148 66103 135823
66103 135823 148148
135823 66103 148148
86036 45897 137981
45897 86036 137981
137981 45897 86036
86698 32659 119090
119090 32659 86698
32659 86698 119090
142786 26276 122497
26276 122497 142786
122497 26276 142786
17287 28989 60657
28989 17287 60657
60657 17287 28989
42747 14947 67808
67808 14947 42747
14947 42747 67808
107411 42834 84647
42834 84647 107411
84647 42834 107411
125 57883 147007
147007 125 57883
57883 125 147007
143085 8385 69736
8385 69736 143085
69736 8385 143085
36943 10263 146512
146512 10263 36943
10263 36943 146512
53037 94601 127644
127644 53037 94601
94601 53037 127644
95304 73332 136514
136514 73332 95304
73332 95304 136514
90858 23230 80438
80438 23230 90858
23230 80438 90858
7080 42785 146559
146559 7080 42785
42785 7080 146559
53672 41862 131439
41862 53672 131439
131439 41862 53672
135923 45268 100724
100724 45268 135923
45268 100724 135923
148024 76783 90962
76783 90962 148024
90962 76783 148024
90019 2366 25182
25182 2366 90019
2366 25182 90019
90627 14538 41174
41174 14538 90627
14538 41174 90627
26258 104763 118961
104763 26258 118961
118961 26258 104763
21807 85139 144167
144167 21807 85139
85139 21807 144167
87147 14277 32463
14277 32463 87147
32463 14277 87147
3323 71590 146393
71590 3323 146393
146393 3323 71590
78645 128036 136546
136546 78645 128036
128036 78645 136546
75839 80252 82005
82005 75839 80252
80252 75839 82005
142164 134319 141820
141820 134319 142164
134319 141820 142164
42857 63612 133039
63612 42857 133039
133039 42857 63612
117611 1786 52813
1786 52813 117611
52813 1786 117611
113448 92759 117842
117842 92759 113448
92759 113448 117842
7211 22620 25733
22620 7211 25733
25733 7211 22620
134394 51554 129739
129739 51554 134394
51554 129739 134394
69488 5794 55663
55663 5794 69488
5794 55663 69488
73286 24490 66070
24490 66070 73286
66070 24490 73286
65744 111916 119969
111916 65744 119969
119969 65744 111916
136826 37992 46553
46553 37992 136826
37992 46553 136826
51704 85802 137421
85802 51704 137421
137421 51704 85802
89423 63103 129115
63103 89423 129115
129115 63103 89423
14219 97352 134959
97352 14219 134959
134959 14219 97352
37957 89994 147442
147442 37957 89994
89994 37957 147442
92172 28757 136538
28757 92172 136538
136538 28757 92172
97715 5542 47970
47970 5542 97715
5542 47970 97715
61023 87324 101713
101713 61023 87324
87324 61023 101713
88582 28536 148887
148887 28536 88582
28536 88582 148887
117240 38222 45663
38222 45663 117240
45663 38222 117240
89074 134776 141011
141011 89074 134776
134776 89074 141011
96990 11451 91349
11451 91349 96990
91349 11451 96990
31062 63124 99481
63124 31062 99481
99481 31062 63124
3894 114390 147196
147196 3894 114390
114390 3894 147196
106177 101208 132902
101208 106177 132902
132902 101208 106177
12210 82652 103521
82652 12210 103521
103521 12210 82652
7575 107211 140446
140446 7575 107211
107211 7575 140446
104171 21182 140789
140789 21182 104171
21182 104171 140789
50636 55780 103743
103743 50636 55780
55780 50636 103743
74290 33650 137456
33650 74290 137456
137456 33650 74290
61711 10310 109474
109474 10310 61711
10310 61711 109474
117302 59096 65984
65984 59096 117302
59096 65984 117302
88902 96104 107810
107810 88902 96104
96104 88902 107810
111096 20413 139843
20413 111096 139843
139843 20413 111096
12206 53621 101242
53621 12206 101242
101242 12206 53621
96662 2045 99005
2045 96662 99005
99005 2045 96662
70025 93257 132941
93257 70025 132941
132941 70025 93257
145905 69742 126675
69742 126675 145905
126675 69742 145905
120270 97093 124325
124325 97093 120270
97093 120270 124325
48947 14363 52479
14363 48947 52479
52479 14363 48947
11377 52278 60128
52278 11377 60128
60128 11377 52278
141363 16690 59040
16690 59040 141363
59040 16690 141363
111291 49982 50188
50188 49982 111291
49982 50188 111291
149659 108354 118114
108354 118114 149659
118114 108354 149659
31803 50215 125889
50215 31803 125889
125889 31803 50215
97399 92422 103081
92422 97399 103081
103081 92422 97399
141787 77215 96612
77215 96612 141787
96612 77215 141787
30277 28609 119230
119230 28609 30277
28609 30277 119230
4169 73816 126998
126998 4169 73816
73816 4169 126998
138169 70694 115791
70694 115791 138169
115791 70694 138169
130059 26270 54123
26270 54123 130059
54123 26270 130059
94884 6029 122156
6029 94884 122156
122156 6029 94884
75822 118062 128336
128336 75822 118062
118062 75822 128336
118312 63184 69786
63184 69786 118312
69786 63184 118312
7334 48719 55805
55805 7334 48719
48719 7334 55805
144195 109393 131588
109393 131588 144195
131588 109393 144195
77509 25855 80496
80496 25855 77509
25855 77509 80496
142122 53023 80651
53023 80651 142122
80651 53023 142122
143375 28351 118206
28351 118206 143375
118206 28351 143375
97105 76244 144613
144613 76244 97105
76244 97105 144613
54771 140495 144481
144481 54771 140495
140495 54771 144481
90692 57950 93279
93279 57950 90692
57950 90692 93279
47117 80131 102334
80131 47117 102334
102334 47117 80131
132603 142670 143501
143501 132603 142670
142670 132603 143501
4470 49493 147576
49493 4470 147576
147576 4470 49493
74651 21614 87211
21614 74651 87211
87211 21614 74651
97102 21364 25483
25483 21364 97102
21364 25483 97102
125634 65793 69346
69346 65793 125634
65793 69346 125634
89754 94435 136358
94435 89754 136358
136358 89754 94435
113346 7689 72061
72061 7689 113346
7689 72061 113346
84966 7518 147812
147812 7518 84966
7518 84966 147812
119603 41257 63907
41257 63907 119603
63907 41257 119603
140184 40296 63618
63618 40296 140184
40296 63618 140184
20503 31947 90344
31947 20503 90344
90344 20503 31947
135238 62071 86303
62071 86303 135238
86303 62071 135238
141345 51659 78974
78974 51659 141345
51659 78974 141345
111559 12262 25944
12262 25944 111559
25944 12262 111559
25899 80482 144861
80482 25899 144861
144861 25899 80482
66240 22990 67682
67682 22990 66240
22990 66240 67682
758 929 23437
929 758 23437
23437 758 929
25261 78779 86697
78779 25261 86697
86697 25261 78779
86502 9879 61989
61989 9879 86502
9879 61989 86502
128746 15644 147606
147606 15644 128746
15644 128746 147606
86700 110921 144373
144373 86700 110921
110921 86700 144373
2067 76572 116833
116833 2067 76572
76572 2067 116833
72131 124221 144980
144980 72131 124221
124221 72131 144980
22794 302 28698
28698 302 22794
302 22794 28698
87839 27184 113258
27184 87839 113258
113258 27184 87839
20037 92293 139544
92293 20037 139544
139544 20037 92293
129809 78751 122567
122567 78751 129809
78751 122567 129809
114861 65265 110936
65265 110936 114861
110936 65265 114861
30533 9586 11554
9586 11554 30533
11554 9586 30533
88858 39633 86301
39633 86301 88858
86301 39633 88858
68588 110919 149191
149191 68588 110919
110919 68588 149191
141327 7436 90039
7436 90039 141327
90039 7436 141327
140455 51456 87739
51456 87739 140455
87739 51456 140455
77925 24546 121333
121333 24546 77925
24546 77925 121333
32797 53258 136462
53258 32797 136462
136462 32797 53258
108071 27665 110164
110164 27665 108071
27665 108071 110164
148928 67493 122691
122691 67493 148928
67493 122691 148928
99269 119911 142041
142041 99269 119911
119911 99269 142041
41439 54844 131692
54844 41439 131692
131692 41439 54844
136391 18529 32525
32525 18529 136391
18529 32525 136391
91587 102190 109368
102190 91587 109368
109368 91587 102190
78028 137373 140432
137373 78028 140432
140432 78028 137373
104710 20929 70580
70580 20929 104710
20929 70580 104710
26290 2689 123381
123381 2689 26290
2689 26290 123381
49513 129014 135432
135432 49513 129014
129014 49513 135432
105848 63916 91149
91149 63916 105848
63916 91149 105848
88040 32539 61407
32539 61407 88040
61407 32539 88040
65075 71092 77559
71092 65075 77559
77559 65075 71092
83132 6437 19352
6437 19352 83132
19352 6437 83132
50011 37289 106851
37289 50011 106851
106851 37289 50011
131941 9243 94829
94829 9243 131941
9243 94829 131941
147907 61135 84942
61135 84942 147907
84942 61135 147907
114043 43540 44249
44249 43540 114043
43540 44249 114043
131771 5013 41850
5013 41850 131771
41850 5013 131771
43450 64616 144339
144339 43450 64616
64616 43450 144339
145965 23860 28593
23860 28593 145965
28593 23860 145965
55765 105308 108297
108297 55765 105308
105308 55765 108297
130062 63604 72102
63604 72102 130062
72102 63604 130062
56132 1795 8694
8694 1795 56132
1795 8694 56132
141849 78536 99879
99879 78536 141849
78536 99879 141849
78474 9536 129444
9536 78474 129444
129444 9536 78474
90119 3107 83823
3107 83823 90119
83823 3107 90119
4717 63678 126002
126002 4717 63678
63678 4717 126002
17750 28778 60005
28778 17750 60005
60005 17750 28778
82744 41256 58659
41256 58659 82744
58659 41256 82744
77242 59152 108913
59152 77242 108913
108913 59152 77242
72107 10032 82001
10032 72107 82001
82001 10032 72107
68560 25634 129062
25634 68560 129062
129062 25634 68560
122023 54994 143354
54994 122023 143354
143354 54994 122023
65368 45553 73279
73279 45553 65368
45553 65368 73279
121911 30483 101632
101632 30483 121911
30483 101632 121911
92964 72356 85803
72356 85803 92964
85803 72356 92964
90800 84219 129269
129269 84219 90800
84219 90800 129269
75626 62742 70431
70431 62742 75626
62742 70431 75626
38024 15259 78877
78877 15259 38024
15259 38024 78877
49540 61719 63517
61719 49540 63517
63517 49540 61719
97158 6232 19855
19855 6232 97158
6232 19855 97158
136226 66583 86730
86730 66583 136226
66583 86730 136226
70564 66424 93375
66424 70564 93375
93375 66424 70564
50838 121218 136027
136027 50838 121218
121218 50838 136027
104408 33653 97935
97935 33653 104408
33653 97935 104408
82204 6044 52901
6044 52901 82204
52901 6044 82204
40010 57041 70729
57041 40010 70729
70729 40010 57041
3374 19019 93161
93161 3374 19019
19019 3374 93161
29291 66323 88390
66323 29291 88390
88390 29291 66323
34871 74215 128859
74215 34871 128859
128859 34871 74215
65437 7339 22073
22073 7339 65437
7339 22073 65437
9080 2261 110648
110648 2261 9080
2261 9080 110648
76441 46416 59287
59287 46416 76441
46416 59287 76441
140375 18948 84127
18948 84127 140375
84127 18948 140375
143026 74926 79933
79933 74926 143026
74926 79933 143026
125598 11266 59066
59066 11266 125598
11266 59066 125598
66919 55796 134857
55796 66919 134857
134857 55796 66919
91627 17761 142391
17761 91627 142391
142391 17761 91627
71544 87978 96069
96069 71544 87978
87978 71544 96069
93831 21226 21262
21226 21262 93831
21262 21226 93831
117924 30539 57984
30539 57984 117924
57984 30539 117924
99218 26927 106502
26927 99218 106502
106502 26927 99218
143097 55811 68709
55811 68709 143097
68709 55811 143097
126125 60858 141153
60858 126125 141153
141153 60858 126125
124628 80407 89728
89728 80407 124628
80407 89728 124628
86166 26695 38246
38246 26695 86166
26695 38246 86166
124947 10439 37965
10439 37965 124947
37965 10439 124947
66588 56724 104683
56724 66588 104683
104683 56724 66588
23349 50390 88349
88349 23349 50390
50390 23349 88349
98030 36060 115353
36060 98030 115353
115353 36060 98030
6720 125961 142927
125961 6720 142927
142927 6720 125961
35387 10217 30126
10217 30126 35387
30126 10217 35387
39964 49225 72240
72240 39964 49225
49225 39964 72240
68072 6057 64950
64950 6057 68072
6057 64950 68072
23693 50423 116694
50423 23693 116694
116694 23693 50423
48630 136168 136612
136612 48630 136168
136168 48630 136612
54859 116934 145576
116934 54859 145576
145576 54859 116934
47905 5961 65829
65829 5961 47905
5961 47905 65829
102658 101672 142177
101672 102658 142177
142177 101672 102658
46851 100766 119768
119768 46851 100766
100766 46851 119768
117954 41697 83998
41697 83998 117954
83998 41697 117954
108382 126905 138451
126905 108382 138451
138451 108382 126905
133296 65411 95508
95508 65411 133296
65411 95508 133296
4223 57957 135706
57957 4223 135706
135706 4223 57957
77847 57372 96764
96764 57372 77847
57372 77847 96764
75165 100923 108467
108467 75165 100923
100923 75165 108467
97343 11570 99918
11570 97343 99918
99918 11570 97343
35876 62441 70224
70224 35876 62441
62441 35876 70224
18898 70254 141119
141119 18898 70254
70254 18898 141119
81887 48985 125213
48985 81887 125213
125213 48985 81887
41117 9039 38770
38770 9039 41117
9039 38770 41117
19122 15667 112906
15667 19122 112906
112906 15667 19122
114563 37951 143664
143664 37951 114563
37951 114563 143664
133850 33831 45762
45762 33831 133850
33831 45762 133850
28201 45574 145900
145900 28201 45574
45574 28201 145900
75893 89483 131103
89483 75893 131103
131103 75893 89483
121267 71805 124527
71805 121267 124527
124527 71805 121267
123804 14714 93789
14714 93789 123804
93789 14714 123804
51358 119772 128977
128977 51358 119772
119772 51358 128977
43109 58192 99925
99925 43109 58192
58192 43109 99925
112508 30294 94257
94257 30294 112508
30294 94257 112508
119633 70077 123562
70077 119633 123562
123562 70077 119633
33656 101386 142646
101386 33656 142646
142646 33656 101386
93853 66153 106655
106655 66153 93853
66153 93853 106655
102332 101836 136608
101836 102332 136608
136608 101836 102332
35743 62366 76685
76685 35743 62366
62366 35743 76685
78736 36857 59663
59663 36857 78736
36857 59663 78736
59094 50128 144851
50128 59094 144851
144851 50128 59094
15539 73192 75080
75080 15539 73192
73192 15539 75080
142452 26536 43920
26536 43920 142452
43920 26536 142452
73002 46584 89470
46584 73002 89470
89470 46584 73002
63215 56447 83235
56447 63215 83235
83235 56447 63215
48302 507 35363
507 35363 48302
35363 507 48302
57155 42525 61352
61352 42525 57155
42525 57155 61352
99443 10939 141881
10939 99443 141881
141881 10939 99443
82825 37307 77988
37307 77988 82825
77988 37307 82825
128963 27762 123041
123041 27762 128963
27762 123041 128963
101358 77104 109578
109578 77104 101358
77104 101358 109578
19549 28359 53234
53234 19549 28359
28359 19549 53234
83871 30135 142660
30135 83871 142660
142660 30135 83871
122049 46928 48528
46928 48528 122049
48528 46928 122049
134611 92191 144752
144752 92191 134611
92191 134611 144752
520 46625 84811
46625 520 84811
84811 520 46625
51933 17839 97318
97318 17839 51933
17839 51933 97318
25050 38519 118058
38519 25050 118058
118058 25050 38519
61810 12950 99317
12950 61810 99317
99317 12950 61810
120969 42102 132945
132945 42102 120969
42102 120969 132945
47412 87097 148540
87097 47412 148540
148540 47412 87097
107883 24865 92744
24865 92744 107883
92744 24865 107883
130280 81717 96740
96740 81717 130280
81717 96740 130280
76594 16763 113046
113046 16763 76594
16763 76594 113046
53085 42230 118912
118912 42230 53085
42230 53085 118912
49581 17471 88783
88783 17471 49581
17471 49581 88783
32257 41382 43145
43145 32257 41382
41382 32257 43145
77277 99658 131180
99658 77277 131180
131180 77277 99658
11834 39804 81998
81998 11834 39804
39804 11834 81998
97601 106333 119103
119103 97601 106333
106333 97601 119103
130895 37701 133605
37701 130895 133605
133605 37701 130895
37326 20643 54118
20643 37326 54118
54118 20643 37326
79534 72142 96748
96748 72142 79534
72142 79534 96748
118699 9016 60485
60485 9016 118699
9016 60485 118699
146936 21140 57731
21140 57731 146936
57731 21140 146936
50395 85490 134026
85490 50395 134026
134026 50395 85490
81270 109554 128277
128277 81270 109554
109554 81270 128277
127351 25260 136857
25260 127351 136857
136857 25260 127351
9011 73710 127146
73710 9011 127146
127146 9011 73710
23641 29199 81373
81373 23641 29199
29199 23641 81373
56891 52640 61507
52640 56891 61507
61507 52640 56891
109908 95391 139236
95391 109908 139236
139236 95391 109908
104636 147 91798
147 91798 104636
91798 147 104636
62957 18933 57586
18933 57586 62957
57586 18933 62957
102402 2533 143074
2533 102402 143074
143074 2533 102402
44758 78971 93521
93521 44758 78971
78971 44758 93521
128984 7816 132953
132953 7816 128984
7816 128984 132953
56570 131237 135164
135164 56570 131237
131237 56570 135164
20871 113651 116389
113651 20871 116389
116389 20871 113651
95704 5621 145486
145486 5621 95704
5621 95704 145486
7888 74305 91677
91677 7888 74305
74305 7888 91677
71533 72877 149452
72877 71533 149452
149452 71533 72877
112479 393 31812
31812 393 112479
393 31812 112479
108363 121946 133718
133718 108363 121946
121946 108363 133718
108775 14819 105502
14819 105502 108775
105502 14819 108775
5763 58894 83733
58894 5763 83733
83733 5763 58894
66083 57590 137186
137186 57590 66083
57590 66083 137186
111348 2351 11826
11826 2351 111348
2351 11826 111348
85397 114840 146731
114840 85397 146731
146731 85397 114840
47952 79383 95305
79383 47952 95305
95305 47952 79383
54020 25637 124241
124241 25637 54020
25637 54020 124241
65410 60652 126239
126239 60652 65410
60652 65410 126239
45026 56250 59764
59764 45026 56250
56250 45026 59764
27134 24710 113540
24710 27134 113540
113540 24710 27134
13750 18809 49075
49075 13750 18809
18809 13750 49075
116167 97559 147894
97559 116167 147894
147894 97559 116167
120009 123249 129193
129193 120009 123249
123249 120009 129193
56591 41159 69828
41159 56591 69828
69828 41159 56591
102559 29556 75828
29556 75828 102559
75828 29556 102559
99121 16819 39870
16819 39870 99121
39870 16819 99121
104239 13842 29162
29162 13842 104239
13842 29162 104239
128505 85864 103296
103296 85864 128505
85864 103296 128505
18816 39303 44143
44143 18816 39303
39303 18816 44143
110773 13940 138909
138909 13940 110773
13940 110773 138909
64066 18408 142451
142451 18408 64066
18408 64066 142451
65224 82008 112439
112439 65224 82008
82008 65224 112439
119408 28191 35553
35553 28191 119408
28191 35553 119408
87816 109246 109380
109246 87816 109380
109380 87816 109246
55315 85699 129812
85699 55315 129812
129812 55315 85699
19725 30355 101330
101330 19725 30355
30355 19725 101330
144793 103946 116455
103946 116455 144793
116455 103946 144793
6119 6713 29684
29684 6119 6713
6713 6119 29684
105532 4041 144031
4041 105532 144031
144031 4041 105532
136798 54782 112758
54782 112758 136798
112758 54782 136798
68685 8960 146968
8960 68685 146968
146968 8960 68685
10613 4566 43975
43975 4566 10613
4566 10613 43975
60376 76865 92286
76865 60376 92286
92286 60376 76865
96388 50505 118138
118138 50505 96388
50505 96388 118138
107661 59555 122665
59555 107661 122665
122665 59555 107661
141016 39335 128240
128240 39335 141016
39335 128240 141016
74298 98437 106607
98437 74298 106607
106607 74298 98437
73353 10767 47084
10767 47084 73353
47084 10767 73353
147279 30158 133408
30158 133408 147279
133408 30158 147279
139985 50104 56880
50104 56880 139985
56880 50104 139985
3061 75171 126565
75171 3061 126565
126565 3061 75171
52729 44901 57910
44901 52729 57910
57910 44901 52729
103730 102537 116867
102537 103730 116867
116867 102537 103730
92505 62304 129485
129485 62304 92505
62304 92505 129485
87226 49791 139298
49791 87226 139298
139298 49791 87226
38870 65316 95886
95886 38870 65316
65316 38870 95886
127808 141749 149557
149557 127808 141749
141749 127808 149557
90077 130631 139815
139815 90077 130631
130631 90077 139815
61949 8912 44549
8912 44549 61949
44549 8912 61949
21554 73166 108517
73166 21554 108517
108517 21554 73166
19116 74256 101618
101618 19116 74256
74256 19116 101618
127962 109280 120652
109280 120652 127962
120652 109280 127962
12439 23343 145541
23343 12439 145541
145541 12439 23343
72355 82407 139971
82407 72355 139971
139971 72355 82407
140056 25927 48244
48244 25927 140056
25927 48244 140056
28980 80081 97855
80081 28980 97855
97855 28980 80081
147433 113818 126345
126345 113818 147433
113818 126345 147433
122924 49702 108751
49702 108751 122924
108751 49702 122924
84594 52198 73492
73492 52198 84594
52198 73492 84594
143996 33840 46823
46823 33840 143996
33840 46823 143996
141034 8839 84989
84989 8839 141034
8839 84989 141034
103844 66936 136653
136653 66936 103844
66936 103844 136653
148212 38860 148225
148225 38860 148212
38860 148212 148225
101630 118437 130353
118437 101630 130353
130353 101630 118437
62963 66413 143010
143010 62963 66413
66413 62963 143010
34740 58054 122737
122737 34740 58054
58054 34740 122737
447 92577 95314
95314 447 92577
92577 447 95314
81935 32030 70701
32030 70701 81935
70701 32030 81935
119404 81937 101252
101252 81937 119404
81937 101252 119404
133483 136272 143982
143982 133483 136272
136272 133483 143982
78858 2962 83412
2962 78858 83412
83412 2962 78858
122266 52809 56427
52809 56427 122266
56427 52809 122266
23183 10792 84720
84720 10792 23183
10792 23183 84720
132635 106476 131971
106476 131971 132635
131971 106476 132635
35753 84009 85856
85856 35753 84009
84009 35753 85856
123624 41124 54153
41124 54153 123624
54153 41124 123624
119864 21558 108336
21558 108336 119864
108336 21558 119864
96186 39352 115363
115363 39352 96186
39352 96186 115363
36172 92305 128892
128892 36172 92305
92305 36172 128892
32078 10966 78852
10966 32078 78852
78852 10966 32078
137922 75934 130975
75934 130975 137922
130975 75934 137922
121166 497 14834
497 14834 121166
14834 497 121166
28558 91602 133101
91602 28558 133101
133101 28558 91602
130558 9187 130602
130602 9187 130558
9187 130558 130602
37776 106591 112087
112087 37776 106591
106591 37776 112087
94996 51284 143791
143791 51284 94996
51284 94996 143791
119499 27947 57951
57951 27947 119499
27947 57951 119499
121695 1553 15934
15934 1553 121695
1553 15934 121695
146924 114680 117469
117469 114680 146924
114680 117469 146924
124918 57654 80296
57654 80296 124918
80296 57654 124918
142948 10513 27084
10513 27084 142948
27084 10513 142948
47959 70044 109098
109098 47959 70044
70044 47959 109098
25936 73343 87203
87203 25936 73343
73343 25936 87203
20246 12320 31535
12320 20246 31535
31535 12320 20246
85572 8998 97504
97504 8998 85572
8998 85572 97504
128510 42445 73976
42445 73976 128510
73976 42445 128510
125870 10211 115178
115178 10211 125870
10211 115178 125870
62850 94666 102153
102153 62850 94666
94666 62850 102153
140608 43751 142636
43751 140608 142636
142636 43751 140608
139782 52834 61044
52834 61044 139782
61044 52834 139782
92208 83326 139767
83326 92208 139767
139767 83326 92208
77161 45343 46171
45343 46171 77161
46171 45343 77161
111592 131810 144230
144230 111592 131810
131810 111592 144230
78911 4496 109038
4496 78911 109038
109038 4496 78911
126580 5389 63203
5389 63203 126580
63203 5389 126580
139525 25205 128438
25205 128438 139525
128438 25205 139525
141461 48283 49993
48283 49993 141461
49993 48283 141461
29602 12411 34199
12411 29602 34199
34199 12411 29602
5922 61552 128624
128624 5922 61552
61552 5922 128624
110167 59941 75650
75650 59941 110167
59941 75650 110167
61603 38653 41656
38653 41656 61603
41656 38653 61603
39217 17593 47654
17593 39217 47654
47654 17593 39217
115832 89069 117674
117674 89069 115832
89069 115832 117674
53232 58798 60279
58798 53232 60279
60279 53232 58798
140871 137382 143100
137382 140871 143100
143100 137382 140871
17543 54633 75409
75409 17543 54633
54633 17543 75409
108404 7770 131570
131570 7770 108404
7770 108404 131570
32906 58536 129053
58536 32906 129053
129053 32906 58536
19580 97 48266
97 19580 48266
48266 97 19580
5346 20886 143999
143999 5346 20886
20886 5346 143999
36282 61683 81876
81876 36282 61683
61683 36282 81876
133330 5169 136016
5169 133330 136016
136016 5169 133330
72612 51544 136318
136318 51544 72612
51544 72612 136318
1592 59347 96156
59347 1592 96156
96156 1592 59347
85973 7693 22929
22929 7693 85973
7693 22929 85973
3178 17719 62634
17719 3178 62634
62634 3178 17719
81712 23644 116850
116850 23644 81712
23644 81712 116850
108626 11952 73676
11952 73676 108626
73676 11952 108626
29025 93571 103936
103936 29025 93571
93571 29025 103936
83033 39082 72543
39082 72543 83033
72543 39082 83033
42942 22691 133656
133656 22691 42942
22691 42942 133656
116738 11578 95901
11578 95901 116738
95901 11578 116738
131114 92796 113394
92796 113394 131114
113394 92796 131114
86092 25448 75032
75032 25448 86092
25448 75032 86092
48668 49089 87605
49089 48668 87605
87605 48668 49089
26120 73527 140460
140460 26120 73527
73527 26120 140460
45460 73186 115019
115019 45460 73186
73186 45460 115019
93094 35985 98965
35985 93094 98965
98965 35985 93094
41964 7464 61679
7464 41964 61679
61679 7464 41964
19184 128221 134085
128221 19184 134085
134085 19184 128221
33527 92521 149201
149201 33527 92521
92521 33527 149201
41778 91052 137032
137032 41778 91052
91052 41778 137032
27070 45144 56725
45144 27070 56725
56725 27070 45144
49 104339 123481
123481 49 104339
104339 49 123481
28644 9636 13619
9636 13619 28644
13619 9636 28644
137214 106895 122975
122975 106895 137214
106895 122975 137214
135273 19826 55524
19826 55524 135273
55524 19826 135273
23078 114035 121432
121432 23078 114035
114035 23078 121432
47962 25482 146725
25482 47962 146725
146725 25482 47962
30525 8590 87686
87686 8590 30525
8590 30525 87686
28811 44969 140139
140139 28811 44969
44969 28811 140139
122841 93548 113475
113475 93548 122841
93548 113475 122841
123459 93687 105399
105399 93687 123459
93687 105399 123459
56581 128923 138468
138468 56581 128923
128923 56581 138468
65409 10074 128780
128780 10074 65409
10074 65409 128780
96609 54281 74852
74852 54281 96609
54281 74852 96609
1985 36009 49160
49160 1985 36009
36009 1985 49160
94013 54012 101307
54012 94013 101307
101307 54012 94013
43715 9276 46568
46568 9276 43715
9276 43715 46568
60799 39190 128013
128013 39190 60799
39190 60799 128013
148897 110933 118326
118326 110933 148897
110933 118326 148897
94000 2133 7111
7111 2133 94000
2133 7111 94000
88025 25026 87437
87437 25026 88025
25026 87437 88025
142529 21337 51151
21337 51151 142529
51151 21337 142529
19799 28192 93736
28192 19799 93736
93736 19799 28192
45011 83482 132158
132158 45011 83482
83482 45011 132158
110991 21935 146112
21935 110991 146112
146112 21935 110991
72800 85411 116158
85411 72800 116158
116158 72800 85411
125188 45230 101394
101394 45230 125188
45230 101394 125188
133743 26772 33206
33206 26772 133743
26772 33206 133743
139189 108830 148714
148714 108830 139189
108830 139189 148714
87100 56661 128436
56661 87100 128436
128436 56661 87100
60319 32669 118235
118235 32669 60319
32669 60319 118235
96591 26095 122811
26095 96591 122811
122811 26095 96591
120661 4362 46666
46666 4362 120661
4362 46666 120661
40916 17463 71139
71139 17463 40916
17463 40916 71139
102059 39702 102978
102978 39702 102059
39702 102059 102978
94043 51776 58168
51776 58168 94043
58168 51776 94043
44755 51944 83413
51944 44755 83413
83413 44755 51944
27139 114785 122546
114785 27139 122546
122546 27139 114785
51585 37689 101168
101168 37689 51585
37689 51585 101168
11075 87010 126169
126169 11075 87010
87010 11075 126169
100010 66341 87624
66341 87624 100010
87624 66341 100010
77965 60764 62833
62833 60764 77965
60764 62833 77965
79137 126369 140833
140833 79137 126369
126369 79137 140833
52566 76283 90405
90405 52566 76283
76283 52566 90405
145856 43370 121164
43370 121164 145856
121164 43370 145856
28822 2363 102945
102945 2363 28822
2363 28822 102945
104638 30989 71755
30989 71755 104638
71755 30989 104638
113350 20530 140181
20530 113350 140181
140181 20530 113350
42715 58504 114509
58504 42715 114509
114509 42715 58504
99169 102106 136933
102106 99169 136933
136933 99169 102106
64546 46440 53715
46440 53715 64546
53715 46440 64546
146678 69594 126810
69594 126810 146678
126810 69594 146678
72128 6173 83491
6173 72128 83491
83491 6173 72128
39285 824 20213
20213 824 39285
824 20213 39285
30111 62334 145211
145211 30111 62334
62334 30111 145211
63445 20421 34498
20421 34498 63445
34498 20421 63445
109278 44578 109846
109846 44578 109278
44578 109278 109846
89877 6417 112833
112833 6417 89877
6417 89877 112833
140061 76506 87844
76506 87844 140061
87844 76506 140061
26309 35510 135815
135815 26309 35510
35510 26309 135815
116263 11165 34058
11165 34058 116263
34058 11165 116263
108248 55075 146085
55075 108248 146085
146085 55075 108248
24025 38560 130561
130561 24025 38560
38560 24025 130561
108870 11469 72989
72989 11469 108870
11469 72989 108870
80084 143989 146039
146039 80084 143989
143989 80084 146039
68850 11482 84022
84022 11482 68850
11482 68850 84022
24953 7311 108788
108788 7311 24953
7311 24953 108788
6377 75021 135993
135993 6377 75021
75021 6377 135993
99719 107929 135935
135935 99719 107929
107929 99719 135935
110407 72402 121400
121400 72402 110407
72402 110407 121400
122395 49429 70189
70189 49429 122395
49429 70189 122395
60817 45838 116301
116301 45838 60817
45838 60817 116301
85138 33729 130267
130267 33729 85138
33729 85138 130267
6331 17919 50895
50895 6331 17919
17919 6331 50895
101302 16485 66156
16485 66156 101302
66156 16485 101302
55046 68208 124269
68208 55046 124269
124269 55046 68208
26351 67658 131659
131659 26351 67658
67658 26351 131659
126639 58056 130784
130784 58056 126639
58056 126639 130784
35061 104070 118576
104070 35061 118576
118576 35061 104070
44345 15788 55375
55375 15788 44345
15788 44345 55375
133425 78166 95042
78166 95042 133425
95042 78166 133425
93152 385 14320
385 14320 93152
14320 385 93152
86911 23893 139014
23893 86911 139014
139014 23893 86911
112972 1952 89548
1952 89548 112972
89548 1952 112972
36435 8599 114775
114775 8599 36435
8599 36435 114775
46138 41538 137485
137485 41538 46138
41538 46138 137485
115921 93455 116714
93455 115921 116714
116714 93455 115921
127886 13249 135616
135616 13249 127886
13249 127886 135616
62755 47808 93208
47808 62755 93208
93208 47808 62755
145501 63693 149533
63693 145501 149533
149533 63693 145501
11755 7179 50168
7179 11755 50168
50168 7179 11755
38969 24775 125191
125191 24775 38969
24775 38969 125191
8906 30890 78529
78529 8906 30890
30890 8906 78529
92352 62863 68875
68875 62863 92352
62863 68875 92352
50675 15215 109113
15215 50675 109113
109113 15215 50675
33560 82925 91541
82925 33560 91541
91541 33560 82925
122370 36396 143856
36396 122370 143856
143856 36396 122370
44286 4249 135990
135990 4249 44286
4249 44286 135990
138692 59725 85519
85519 59725 138692
59725 85519 138692
29227 34143 136964
136964 29227 34143
34143 29227 136964
9015 16555 92206
92206 9015 16555
16555 9015 92206
116261 53597 63056
53597 63056 116261
63056 53597 116261
113478 9689 28194
9689 28194 113478
28194 9689 113478
56681 30129 41854
30129 41854 56681
41854 30129 56681
121484 55608 128115
55608 121484 128115
128115 55608 121484
114611 10678 60647
60647 10678 114611
10678 60647 114611
134903 22969 119138
22969 119138 134903
119138 22969 134903
149402 44133 123829
44133 123829 149402
123829 44133 149402
140316 82496 83190
82496 83190 140316
83190 82496 140316
60177 37817 78329
37817 60177 78329
78329 37817 60177
128836 35450 119223
119223 35450 128836
35450 119223 128836
122385 20363 133638
20363 122385 133638
133638 20363 122385
87602 115508 116935
116935 87602 115508
115508 87602 116935
70682 57969 71909
57969 70682 71909
71909 57969 70682
75293 106416 120881
120881 75293 106416
106416 75293 120881
134244 11427 115473
11427 115473 134244
115473 11427 134244
30239 47063 103130
103130 30239 47063
47063 30239 103130
38343 5260 92971
5260 38343 92971
92971 5260 38343
3695 38244 101825
101825 3695 38244
38244 3695 101825
7756 28892 57101
57101 7756 28892
28892 7756 57101
26315 19875 32478
19875 26315 32478
32478 19875 26315
3528 51724 90794
90794 3528 51724
51724 3528 90794
77770 55218 107874
107874 55218 77770
55218 77770 107874
61464 1423 71381
1423 61464 71381
71381 1423 61464
126377 42882 68302
68302 42882 126377
42882 68302 126377
103091 42586 94655
94655 42586 103091
42586 94655 103091
115009 16250 34526
16250 34526 115009
34526 16250 115009
23513 121096 131296
121096 23513 131296
131296 23513 121096
128204 46382 54243
54243 46382 128204
46382 54243 128204
79242 32901 69491
69491 32901 79242
32901 69491 79242
107574 73946 96979
96979 73946 107574
73946 96979 107574
98065 49648 146698
146698 49648 98065
49648 98065 146698
12105 48359 132984
48359 12105 132984
132984 12105 48359
66841 45444 78079
78079 45444 66841
45444 66841 78079
139045 27751 61150
61150 27751 139045
27751 61150 139045
9099 33121 105010
33121 9099 105010
105010 9099 33121
146095 35871 76373
35871 76373 146095
76373 35871 146095
89071 30824 90628
90628 30824 89071
30824 89071 90628
341 50234 118528
118528 341 50234
50234 341 118528
121184 19938 99418
99418 19938 121184
19938 99418 121184
22615 106572 107426
106572 22615 107426
107426 22615 106572
121951 21898 129961
21898 121951 129961
129961 21898 121951
85750 14631 60379
60379 14631 85750
14631 60379 85750
47287 125563 137346
125563 47287 137346
137346 47287 125563
120657 64957 149219
149219 64957 120657
64957 120657 149219
126951 37102 140860
140860 37102 126951
37102 126951 140860
119895 106079 106537
106537 106079 119895
106079 106537 119895
66221 31916 79807
31916 66221 79807
79807 31916 66221
126304 80399 139926
139926 80399 126304
80399 126304 139926
60993 84812 127650
127650 60993 84812
84812 60993 127650
285 7116 93988
7116 285 93988
93988 285 7116
9420 112135 138302
138302 9420 112135
112135 9420 138302
129846 16585 137935
16585 129846 137935
137935 16585 129846
45581 48365 58315
48365 45581 58315
58315 45581 48365
111425 7346 72089
7346 72089 111425
72089 7346 111425
66113 334 34173
34173 334 66113
334 34173 66113
12183 114453 130376
130376 12183 114453
114453 12183 130376
16176 6789 132128
132128 6789 16176
6789 16176 132128
22492 41719 137125
41719 22492 137125
137125 22492 41719
122353 4462 139168
139168 4462 122353
4462 122353 139168
99384 50663 133223
50663 99384 133223
133223 50663 99384
97790 45690 141428
141428 45690 97790
45690 97790 141428
46787 7129 80388
7129 46787 80388
80388 7129 46787
17429 23030 55036
23030 17429 55036
55036 17429 23030
42109 9901 38192
38192 9901 42109
9901 38192 42109
39211 61518 86826
61518 39211 86826
86826 39211 61518
10268 58764 116706
58764 10268 116706
116706 10268 58764
42086 6337 99152
99152 6337 42086
6337 42086 99152
23312 77398 88232
77398 23312 88232
88232 23312 77398
134030 133302 149326
133302 134030 149326
149326 133302 134030
115937 110989 141488
110989 115937 141488
141488 110989 115937
139646 64979 89659
89659 64979 139646
64979 89659 139646
70939 13666 57382
13666 57382 70939
57382 13666 70939
82069 6746 133415
133415 6746 82069
6746 82069 133415
83256 44427 143022
143022 44427 83256
44427 83256 143022
42692 130141 146663
146663 42692 130141
130141 42692 146663
76779 102321 115251
115251 76779 102321
102321 76779 115251
149638 137113 143094
143094 137113 149638
137113 143094 149638
2833 25707 101264
25707 2833 101264
101264 2833 25707
52489 23008 23756
23008 23756 52489
23756 23008 52489
66160 86773 121907
86773 66160 121907
121907 66160 86773
142408 18782 107229
107229 18782 142408
18782 107229 142408
21865 39372 117092
39372 21865 117092
117092 21865 39372
96972 96774 101090
96774 96972 101090
101090 96774 96972
140498 29136 77846
29136 77846 140498
77846 29136 140498
38945 90527 124787
124787 38945 90527
90527 38945 124787
100393 12198 119242
119242 12198 100393
12198 100393 119242
8476 33442 139039
139039 8476 33442
33442 8476 139039
120982 29068 136722
136722 29068 120982
29068 120982 136722
94766 44857 106332
44857 94766 106332
106332 44857 94766
106440 9048 141801
9048 106440 141801
141801 9048 106440
53922 45218 138240
138240 45218 53922
45218 53922 138240
134555 61605 120903
61605 120903 134555
120903 61605 134555
66007 99951 142146
99951 66007 142146
142146 66007 99951
61756 25366 141673
141673 25366 61756
25366 61756 141673
61716 82865 96330
96330 61716 82865
82865 61716 96330
109905 13675 80842
13675 80842 109905
80842 13675 109905
130285 6860 27223
27223 6860 130285
6860 27223 130285
136665 46198 46441
46198 46441 136665
46441 46198 136665
97149 61913 105752
61913 97149 105752
105752 61913 97149
32747 79537 101111
79537 32747 101111
101111 32747 79537
31529 62748 63794
62748 31529 63794
63794 31529 62748
32789 57286 128880
