79626 63459 88739
88739 63459 79626
63459 79626 88739
46279 103682 134649
134649 46279 103682
103682 46279 134649
2631 12610 30049
30049 2631 12610
12610 2631 30049
100433 86051 141669
141669 86051 100433
86051 100433 141669
91417 80178 126249
126249 80178 91417
80178 91417 126249
55866 50249 135871
135871 50249 55866
50249 55866 135871
29256 9919 10644
9919 10644 29256
10644 9919 29256
56250 41251 75417
75417 41251 56250
41251 56250 75417
61401 95229 99866
99866 61401 95229
95229 61401 99866
104184 20780 80784
20780 80784 104184
80784 20780 104184
89022 43218 45166
43218 45166 89022
45166 43218 89022
110874 92263 142940
92263 110874 142940
142940 92263 110874
101672 30531 128753
30531 101672 128753
128753 30531 101672
41780 51788 137314
51788 41780 137314
137314 41780 51788
101515 27360 33980
33980 27360 101515
27360 33980 101515
131354 35410 47822
35410 47822 131354
47822 35410 131354
41617 85025 100110
85025 41617 100110
100110 41617 85025
80398 22748 69592
22748 69592 80398
69592 22748 80398
17817 1758 104966
104966 1758 17817
1758 17817 104966
59950 129568 134761
129568 59950 134761
134761 59950 129568
129848 128079 137794
137794 128079 129848
128079 129848 137794
74553 99829 128897
128897 74553 99829
99829 74553 128897
108236 33173 77780
33173 77780 108236
77780 33173 108236
127300 35635 125991
125991 35635 127300
35635 125991 127300
94697 33681 45421
45421 33681 94697
33681 45421 94697
100903 26299 127288
26299 100903 127288
127288 26299 100903
75977 65650 129247
65650 75977 129247
129247 65650 75977
33954 42292 134250
134250 33954 42292
42292 33954 134250
1340 82567 97266
82567 1340 97266
97266 1340 82567
111332 71237 108610
108610 71237 111332
71237 108610 111332
92314 61105 84183
61105 84183 92314
84183 61105 92314
130760 131937 133730
133730 130760 131937
131937 130760 133730
19202 39278 82557
82557 19202 39278
39278 19202 82557
140514 55644 90526
55644 90526 140514
90526 55644 140514
78296 10432 36201
36201 10432 78296
10432 36201 78296
118123 73614 106282
73614 106282 118123
106282 73614 118123
90037 40479 64091
40479 64091 90037
64091 40479 90037
97588 12186 20886
12186 20886 97588
20886 12186 97588
78859 65137 117551
117551 65137 78859
65137 78859 117551
47997 39227 73161
39227 47997 73161
73161 39227 47997
140229 58556 111057
111057 58556 140229
58556 111057 140229
132639 127700 130560
127700 130560 132639
130560 127700 132639
146839 617 93340
617 93340 146839
93340 617 146839
149332 11617 144962
11617 144962 149332
144962 11617 149332
28114 77191 81792
81792 28114 77191
77191 28114 81792
2836 75528 106544
106544 2836 75528
75528 2836 106544
32327 60065 89266
60065 32327 89266
89266 32327 60065
137615 140822 149812
149812 137615 140822
140822 137615 149812
37659 9136 76249
76249 9136 37659
9136 37659 76249
27237 53197 92568
92568 27237 53197
53197 27237 92568
37828 66996 72741
72741 37828 66996
66996 37828 72741
61491 49092 92063
49092 61491 92063
92063 49092 61491
63768 5719 135188
5719 63768 135188
135188 5719 63768
34723 1360 49828
1360 34723 49828
49828 1360 34723
76133 56707 58073
58073 56707 76133
56707 58073 76133
92874 42474 128198
42474 92874 128198
128198 42474 92874
144350 36305 39112
39112 36305 144350
36305 39112 144350
50523 1322 103416
103416 1322 50523
1322 50523 103416
99069 27066 34363
27066 34363 99069
34363 27066 99069
39329 42525 104174
104174 39329 42525
42525 39329 104174
70130 57075 148200
57075 70130 148200
148200 57075 70130
103272 71550 92350
71550 92350 103272
92350 71550 103272
129662 102157 117473
117473 102157 129662
102157 117473 129662
148835 57145 76966
76966 57145 148835
57145 76966 148835
96438 34113 70649
34113 70649 96438
70649 34113 96438
76398 109812 134166
134166 76398 109812
109812 76398 134166
70975 31541 125236
125236 31541 70975
31541 70975 125236
109126 80339 101350
101350 80339 109126
80339 101350 109126
38765 71570 72034
71570 38765 72034
72034 38765 71570
3339 47606 125379
125379 3339 47606
47606 3339 125379
128934 120001 135223
120001 128934 135223
135223 120001 128934
132242 26954 35044
26954 35044 132242
35044 26954 132242
49374 120521 141368
141368 49374 120521
120521 49374 141368
34488 60947 119206
60947 34488 119206
119206 34488 60947
50504 13585 118343
118343 13585 50504
13585 50504 118343
143063 44621 105734
44621 105734 143063
105734 44621 143063
52139 88338 148416
148416 52139 88338
88338 52139 148416
80016 33677 123091
33677 80016 123091
123091 33677 80016
105648 21367 145305
21367 105648 145305
145305 21367 105648
133085 32864 72224
32864 72224 133085
72224 32864 133085
117430 45943 119228
45943 117430 119228
119228 45943 117430
71433 12264 132373
132373 12264 71433
12264 71433 132373
75070 36136 116414
36136 75070 116414
116414 36136 75070
89124 51286 86918
86918 51286 89124
51286 86918 89124
149429 19274 114946
114946 19274 149429
19274 114946 149429
81215 52532 114012
52532 81215 114012
114012 52532 81215
100021 3615 130909
130909 3615 100021
3615 100021 130909
106927 40803 58109
58109 40803 106927
40803 58109 106927
54336 53638 87846
87846 53638 54336
53638 54336 87846
60220 74699 104261
104261 60220 74699
74699 60220 104261
110719 42382 45196
42382 45196 110719
45196 42382 110719
38272 79932 98919
98919 38272 79932
79932 38272 98919
141105 28491 140498
140498 28491 141105
28491 140498 141105
62498 20524 79368
79368 20524 62498
20524 62498 79368
7451 30874 57725
30874 7451 57725
57725 7451 30874
85994 33893 51515
51515 33893 85994
33893 51515 85994
147771 12326 58757
12326 58757 147771
58757 12326 147771
53127 92563 108618
108618 53127 92563
92563 53127 108618
21258 94122 106772
106772 21258 94122
94122 21258 106772
58491 63578 146528
63578 58491 146528
146528 58491 63578
16191 26942 84260
84260 16191 26942
26942 16191 84260
92990 44043 58087
58087 44043 92990
44043 58087 92990
52678 36243 37036
36243 37036 52678
37036 36243 52678
112603 89119 97523
97523 89119 112603
89119 97523 112603
102394 96211 140684
140684 96211 102394
96211 102394 140684
90663 44868 87013
44868 87013 90663
87013 44868 90663
66261 86739 125348
125348 66261 86739
86739 66261 125348
122616 104347 113816
113816 104347 122616
104347 113816 122616
52625 3692 147935
3692 52625 147935
147935 3692 52625
23140 89982 101150
89982 23140 101150
101150 23140 89982
63830 61642 69411
69411 61642 63830
61642 63830 69411
93965 1160 137876
1160 93965 137876
137876 1160 93965
145575 4351 120803
120803 4351 145575
4351 120803 145575
134695 1438 143708
1438 134695 143708
143708 1438 134695
18419 48911 131157
131157 18419 48911
48911 18419 131157
146402 107232 112696
107232 112696 146402
112696 107232 146402
26930 11926 132380
132380 11926 26930
11926 26930 132380
144719 20559 144134
20559 144134 144719
144134 20559 144719
130748 117414 141539
117414 130748 141539
141539 117414 130748
43840 111124 132023
111124 43840 132023
132023 43840 111124
61265 6536 18954
6536 18954 61265
18954 6536 61265
29985 3900 48765
3900 29985 48765
48765 3900 29985
128672 49754 69389
49754 69389 128672
69389 49754 128672
127547 57458 79248
57458 79248 127547
79248 57458 127547
32854 67047 80552
80552 32854 67047
67047 32854 80552
85214 37346 138714
37346 85214 138714
138714 37346 85214
60610 39194 89969
89969 39194 60610
39194 60610 89969
126310 11974 107136
11974 107136 126310
107136 11974 126310
65783 98279 143041
98279 65783 143041
143041 65783 98279
134148 1896 144106
144106 1896 134148
1896 134148 144106
91664 1448 96173
96173 1448 91664
1448 91664 96173
41760 17460 127511
17460 41760 127511
127511 17460 41760
104955 12545 17033
12545 17033 104955
17033 12545 104955
60218 19259 130211
130211 19259 60218
19259 60218 130211
35022 62767 89178
89178 35022 62767
62767 35022 89178
102375 36566 145403
145403 36566 102375
36566 102375 145403
114075 35131 72634
35131 72634 114075
72634 35131 114075
128765 133639 140712
133639 128765 140712
140712 128765 133639
84137 137317 137547
137547 84137 137317
137317 84137 137547
126866 94709 111029
111029 94709 126866
94709 111029 126866
717 5743 21026
5743 717 21026
21026 717 5743
119868 64499 122717
122717 64499 119868
64499 119868 122717
114113 10926 37309
10926 37309 114113
37309 10926 114113
93979 83396 91222
83396 91222 93979
91222 83396 93979
68639 72704 75017
72704 68639 75017
75017 68639 72704
128984 100716 145619
145619 100716 128984
100716 128984 145619
8086 31401 118683
31401 8086 118683
118683 8086 31401
124167 29452 102932
29452 102932 124167
102932 29452 124167
32595 86751 129601
129601 32595 86751
86751 32595 129601
88886 52219 132915
132915 52219 88886
52219 88886 132915
122075 47408 80676
47408 80676 122075
80676 47408 122075
12883 23048 109023
109023 12883 23048
23048 12883 109023
127455 5832 26909
5832 26909 127455
26909 5832 127455
43459 6892 29429
29429 6892 43459
6892 29429 43459
147189 16299 16758
16758 16299 147189
16299 16758 147189
83323 18274 112713
112713 18274 83323
18274 83323 112713
45500 113857 115135
115135 45500 113857
113857 45500 115135
96340 38337 93331
38337 93331 96340
93331 38337 96340
44435 42497 42917
42497 42917 44435
42917 42497 44435
54189 12039 117447
12039 54189 117447
117447 12039 54189
86274 129269 131120
131120 86274 129269
129269 86274 131120
64078 6499 87491
87491 6499 64078
6499 64078 87491
110904 65 81293
65 81293 110904
81293 65 110904
72194 3139 31909
31909 3139 72194
3139 31909 72194
50920 85685 122234
85685 50920 122234
122234 50920 85685
95040 61768 102231
61768 95040 102231
102231 61768 95040
107527 25987 69195
69195 25987 107527
25987 69195 107527
15446 3994 112481
112481 3994 15446
3994 15446 112481
26723 17447 144642
17447 26723 144642
144642 17447 26723
98127 6443 92064
6443 92064 98127
92064 6443 98127
44305 14910 19116
19116 14910 44305
14910 19116 44305
147843 33423 57486
33423 57486 147843
57486 33423 147843
134332 30824 77416
30824 77416 134332
77416 30824 134332
113557 58325 119419
119419 58325 113557
58325 113557 119419
34598 62198 77356
62198 34598 77356
77356 34598 62198
132611 45263 125774
45263 125774 132611
125774 45263 132611
127757 23372 146460
146460 23372 127757
23372 127757 146460
149414 63840 121892
63840 121892 149414
121892 63840 149414
143206 1750 105835
1750 105835 143206
105835 1750 143206
144297 94566 108690
94566 108690 144297
108690 94566 144297
43978 6752 120046
6752 43978 120046
120046 6752 43978
82838 6962 133891
133891 6962 82838
6962 82838 133891
12438 121759 145272
145272 12438 121759
121759 12438 145272
75491 26912 145109
26912 75491 145109
145109 26912 75491
72901 76436 124273
76436 72901 124273
124273 72901 76436
129571 63393 145257
63393 129571 145257
145257 63393 129571
3162 82375 135082
135082 3162 82375
82375 3162 135082
35621 59846 144328
144328 35621 59846
59846 35621 144328
57596 55386 71276
55386 57596 71276
71276 55386 57596
124895 74228 145419
74228 124895 145419
145419 74228 124895
112475 107040 123840
107040 112475 123840
123840 107040 112475
52893 46053 76030
76030 46053 52893
46053 52893 76030
24499 6357 146812
146812 6357 24499
6357 24499 146812
146336 38120 126644
38120 126644 146336
126644 38120 146336
63765 2126 66113
66113 2126 63765
2126 63765 66113
10717 22226 60935
22226 10717 60935
60935 10717 22226
105460 62671 99079
99079 62671 105460
62671 99079 105460
147923 27591 129391
27591 129391 147923
129391 27591 147923
15735 26591 104925
26591 15735 104925
104925 15735 26591
23304 18605 119335
18605 23304 119335
119335 18605 23304
124394 41041 48311
41041 48311 124394
48311 41041 124394
76971 59897 122045
122045 59897 76971
59897 76971 122045
24359 116785 121533
121533 24359 116785
116785 24359 121533
29276 64716 68207
64716 29276 68207
68207 29276 64716
125366 8060 11173
11173 8060 125366
8060 11173 125366
145225 29487 113536
113536 29487 145225
29487 113536 145225
60877 7625 116497
116497 7625 60877
7625 60877 116497
123450 63561 141204
141204 63561 123450
63561 123450 141204
12717 59348 120316
120316 12717 59348
59348 12717 120316
24873 99521 113313
99521 24873 113313
113313 24873 99521
81646 43365 89339
43365 81646 89339
89339 43365 81646
125416 17747 124456
124456 17747 125416
17747 124456 125416
112769 73621 93416
73621 93416 112769
93416 73621 112769
43646 50024 82293
82293 43646 50024
50024 43646 82293
27392 8603 136443
136443 8603 27392
8603 27392 136443
101232 129862 136085
136085 101232 129862
129862 101232 136085
145138 91311 105822
105822 91311 145138
91311 105822 145138
47600 70217 136436
70217 47600 136436
136436 47600 70217
104611 52672 141573
141573 52672 104611
52672 104611 141573
33338 72167 123325
123325 33338 72167
72167 33338 123325
121428 18462 114458
114458 18462 121428
18462 114458 121428
5958 19941 52490
52490 5958 19941
19941 5958 52490
14551 31370 54778
31370 14551 54778
54778 14551 31370
141512 21893 125580
21893 125580 141512
125580 21893 141512
115720 11496 142551
142551 11496 115720
11496 115720 142551
119337 109366 112424
112424 109366 119337
109366 112424 119337
49900 8186 90232
90232 8186 49900
8186 49900 90232
96875 96613 99220
96613 96875 99220
99220 96613 96875
103822 54959 107967
54959 103822 107967
107967 54959 103822
80680 40051 67754
67754 40051 80680
40051 67754 80680
61648 24063 148715
24063 61648 148715
148715 24063 61648
68313 10075 78851
78851 10075 68313
10075 68313 78851
122703 22824 60742
60742 22824 122703
22824 60742 122703
27376 71816 83502
83502 27376 71816
71816 27376 83502
29067 119393 131638
119393 29067 131638
131638 29067 119393
74068 11546 105790
11546 74068 105790
105790 11546 74068
146939 85773 115259
115259 85773 146939
85773 115259 146939
115767 95780 141751
141751 95780 115767
95780 115767 141751
146422 56633 143400
143400 56633 146422
56633 143400 146422
99062 17429 96053
17429 96053 99062
96053 17429 99062
20755 49441 90865
90865 20755 49441
49441 20755 90865
36986 81021 96229
96229 36986 81021
81021 36986 96229
137280 1291 9962
1291 9962 137280
9962 1291 137280
20560 66531 146446
146446 20560 66531
66531 20560 146446
53829 123070 146820
146820 53829 123070
123070 53829 146820
55394 3164 52417
3164 52417 55394
52417 3164 55394
2075 84830 95360
84830 2075 95360
95360 2075 84830
56964 77850 111630
111630 56964 77850
77850 56964 111630
69058 113928 118036
113928 69058 118036
118036 69058 113928
104335 110239 118029
118029 104335 110239
110239 104335 118029
136732 42758 76583
76583 42758 136732
42758 76583 136732
129983 2860 55133
2860 55133 129983
55133 2860 129983
27984 78686 137220
137220 27984 78686
78686 27984 137220
112866 32503 73156
73156 32503 112866
32503 73156 112866
17258 49219 146194
146194 17258 49219
49219 17258 146194
102249 8380 79630
8380 79630 102249
79630 8380 102249
33305 13328 108598
13328 33305 108598
108598 13328 33305
117335 34999 80192
80192 34999 117335
34999 80192 117335
56015 53356 95045
53356 56015 95045
95045 53356 56015
5256 3200 128047
3200 5256 128047
128047 3200 5256
114495 983 108397
983 108397 114495
108397 983 114495
67252 38629 40224
38629 40224 67252
40224 38629 67252
30562 100261 139788
100261 30562 139788
139788 30562 100261
122473 19877 133689
19877 122473 133689
133689 19877 122473
77733 74759 120114
120114 74759 77733
74759 77733 120114
128688 104507 109768
109768 104507 128688
104507 109768 128688
36047 58127 104422
104422 36047 58127
58127 36047 104422
144788 41026 96657
41026 96657 144788
96657 41026 144788
146302 19588 104357
19588 104357 146302
104357 19588 146302
21004 86840 108223
86840 21004 108223
108223 21004 86840
56458 5673 74742
5673 56458 74742
74742 5673 56458
29146 7632 87655
7632 29146 87655
87655 7632 29146
44068 144143 148935
144143 44068 148935
148935 44068 144143
142015 6291 31704
6291 31704 142015
31704 6291 142015
22236 38947 55199
55199 22236 38947
38947 22236 55199
85910 93110 107211
93110 85910 107211
107211 85910 93110
134970 2300 34423
34423 2300 134970
2300 34423 134970
49318 101810 130668
130668 49318 101810
101810 49318 130668
138345 73618 114504
73618 114504 138345
114504 73618 138345
67302 58605 73146
73146 58605 67302
58605 67302 73146
10233 3416 72087
72087 3416 10233
3416 10233 72087
101359 1029 118426
1029 101359 118426
118426 1029 101359
60611 68875 113403
113403 60611 68875
68875 60611 113403
58649 15406 73216
15406 58649 73216
73216 15406 58649
82354 45173 93893
93893 45173 82354
45173 82354 93893
78491 107450 127710
107450 78491 127710
127710 78491 107450
88535 47455 147883
147883 47455 88535
47455 88535 147883
117671 118063 149899
118063 117671 149899
149899 117671 118063
56902 15784 54683
54683 15784 56902
15784 54683 56902
106777 127169 132546
127169 106777 132546
132546 106777 127169
92485 69119 148248
148248 69119 92485
69119 92485 148248
72564 45647 136053
136053 45647 72564
45647 72564 136053
83972 21140 113036
21140 83972 113036
113036 21140 83972
56668 61844 81785
61844 56668 81785
81785 56668 61844
103443 56234 145777
145777 56234 103443
56234 103443 145777
1813 9328 22164
9328 1813 22164
22164 1813 9328
100045 15360 122896
15360 100045 122896
122896 15360 100045
35384 57314 116927
57314 35384 116927
116927 35384 57314
101362 15851 138458
138458 15851 101362
15851 101362 138458
61267 5358 20951
5358 20951 61267
20951 5358 61267
149609 8510 101602
101602 8510 149609
8510 101602 149609
70517 22945 61492
22945 61492 70517
61492 22945 70517
48415 48026 138827
48026 48415 138827
138827 48026 48415
130695 28611 121670
28611 121670 130695
121670 28611 130695
55977 91031 102523
102523 55977 91031
91031 55977 102523
57223 10313 77985
77985 10313 57223
10313 57223 77985
56955 77764 81139
81139 56955 77764
77764 56955 81139
38248 18607 41633
18607 38248 41633
41633 18607 38248
96583 26735 30627
30627 26735 96583
26735 30627 96583
124043 66633 72107
72107 66633 124043
66633 72107 124043
26374 4664 66974
66974 4664 26374
4664 26374 66974
47730 45137 110474
45137 47730 110474
110474 45137 47730
24918 6130 49108
49108 6130 24918
6130 24918 49108
53725 20667 112142
112142 20667 53725
20667 53725 112142
65744 30158 109284
30158 65744 109284
109284 30158 65744
59241 4946 8291
8291 4946 59241
4946 8291 59241
124992 101320 108747
101320 108747 124992
108747 101320 124992
65952 129933 149952
129933 65952 149952
149952 65952 129933
33260 31620 125268
31620 33260 125268
125268 31620 33260
25126 36688 87453
36688 25126 87453
87453 25126 36688
61514 28884 76881
28884 61514 76881
76881 28884 61514
134869 16674 82578
16674 82578 134869
82578 16674 134869
94772 62902 111705
111705 62902 94772
62902 94772 111705
60111 26848 31993
26848 31993 60111
31993 26848 60111
47789 31657 140386
31657 47789 140386
140386 31657 47789
144960 50272 138919
50272 138919 144960
138919 50272 144960
148087 91026 110356
110356 91026 148087
91026 110356 148087
41159 33991 127527
127527 33991 41159
33991 41159 127527
111849 47324 65350
65350 47324 111849
47324 65350 111849
136628 59653 98098
59653 98098 136628
98098 59653 136628
38939 42143 101084
42143 38939 101084
101084 38939 42143
82575 41573 67158
67158 41573 82575
41573 67158 82575
142704 32998 132196
32998 132196 142704
132196 32998 142704
43894 21526 81309
81309 21526 43894
21526 43894 81309
137154 14606 27541
27541 14606 137154
14606 27541 137154
44144 10720 94146
94146 10720 44144
10720 44144 94146
103011 30029 76918
76918 30029 103011
30029 76918 103011
59833 81918 109065
81918 59833 109065
109065 59833 81918
41529 97718 122121
122121 41529 97718
97718 41529 122121
76057 3946 38333
38333 3946 76057
3946 38333 76057
33989 9993 32418
32418 9993 33989
9993 32418 33989
51494 53820 108904
108904 51494 53820
53820 51494 108904
132408 46912 130083
130083 46912 132408
46912 130083 132408
75507 68040 97577
97577 68040 75507
68040 75507 97577
39738 41577 43648
43648 39738 41577
41577 39738 43648
42391 80064 145559
80064 42391 145559
145559 42391 80064
56187 36164 88763
36164 56187 88763
88763 36164 56187
139630 14781 58420
58420 14781 139630
14781 58420 139630
50847 49673 63054
49673 50847 63054
63054 49673 50847
17281 138015 143770
143770 17281 138015
138015 17281 143770
111072 53838 54830
54830 53838 111072
53838 54830 111072
90221 23820 39253
23820 39253 90221
39253 23820 90221
22587 21772 110180
110180 21772 22587
21772 22587 110180
83 130215 140874
130215 83 140874
140874 83 130215
140409 50252 63605
50252 63605 140409
63605 50252 140409
103786 45906 140335
45906 103786 140335
140335 45906 103786
55475 37000 101683
101683 37000 55475
37000 55475 101683
71273 144414 145927
145927 71273 144414
144414 71273 145927
127995 40604 105703
105703 40604 127995
40604 105703 127995
1251 91113 143751
143751 1251 91113
91113 1251 143751
140310 5763 40331
40331 5763 140310
5763 40331 140310
128315 14353 109079
14353 109079 128315
109079 14353 128315
13853 33140 79123
79123 13853 33140
33140 13853 79123
68930 80586 131784
80586 68930 131784
131784 68930 80586
100111 78054 114298
78054 100111 114298
114298 78054 100111
131718 26293 122527
122527 26293 131718
26293 122527 131718
25548 9471 63822
63822 9471 25548
9471 25548 63822
36564 33956 36963
36963 33956 36564
33956 36564 36963
49980 23525 112038
23525 49980 112038
112038 23525 49980
102600 79337 83392
79337 83392 102600
83392 79337 102600
363 41433 105676
105676 363 41433
41433 363 105676
113542 48688 53995
48688 53995 113542
53995 48688 113542
88317 83859 107542
83859 88317 107542
107542 83859 88317
135130 49112 134635
134635 49112 135130
49112 134635 135130
11594 34048 42966
42966 11594 34048
34048 11594 42966
96322 31013 31975
31975 31013 96322
31013 31975 96322
109673 6876 23007
6876 23007 109673
23007 6876 109673
50877 2265 14119
14119 2265 50877
2265 14119 50877
139761 35169 72269
72269 35169 139761
35169 72269 139761
98591 84053 120161
120161 84053 98591
84053 98591 120161
102098 60600 77205
60600 77205 102098
77205 60600 102098
94788 113804 135425
113804 94788 135425
135425 94788 113804
12651 39202 130075
39202 12651 130075
130075 12651 39202
147574 74271 95455
95455 74271 147574
74271 95455 147574
52041 124987 134868
134868 52041 124987
124987 52041 134868
106518 43062 119727
119727 43062 106518
43062 106518 119727
128188 137661 147764
147764 128188 137661
137661 128188 147764
142312 16793 53102
53102 16793 142312
16793 53102 142312
44470 61522 131622
131622 44470 61522
61522 44470 131622
106582 11960 113684
11960 106582 113684
113684 11960 106582
113894 108977 123026
108977 113894 123026
123026 108977 113894
62172 133627 136421
133627 62172 136421
136421 62172 133627
20120 109447 112791
109447 20120 112791
112791 20120 109447
108779 15819 126413
15819 108779 126413
126413 15819 108779
53333 11528 84500
11528 53333 84500
84500 11528 53333
115621 63235 64238
63235 64238 115621
64238 63235 115621
35727 73550 145233
73550 35727 145233
145233 35727 73550
133643 27971 104159
27971 104159 133643
104159 27971 133643
24741 79253 98803
79253 24741 98803
98803 24741 79253
115872 49667 72995
72995 49667 115872
49667 72995 115872
38565 32924 55342
32924 38565 55342
55342 32924 38565
101605 55544 92729
55544 92729 101605
92729 55544 101605
77243 22035 77896
22035 77243 77896
77896 22035 77243
112627 86892 92861
92861 86892 112627
86892 92861 112627
4417 67577 139976
139976 4417 67577
67577 4417 139976
109769 1678 39921
1678 39921 109769
39921 1678 109769
42901 21623 137978
137978 21623 42901
21623 42901 137978
137529 22117 81546
22117 81546 137529
81546 22117 137529
38735 91258 129909
129909 38735 91258
91258 38735 129909
93016 85810 108225
108225 85810 93016
85810 93016 108225
134188 88446 107185
88446 107185 134188
107185 88446 134188
132733 69769 148330
148330 69769 132733
69769 132733 148330
13403 58026 120345
120345 13403 58026
58026 13403 120345
29054 139184 144700
144700 29054 139184
139184 29054 144700
139027 37694 73322
73322 37694 139027
37694 73322 139027
21498 6484 54908
54908 6484 21498
6484 21498 54908
48821 52361 140136
140136 48821 52361
52361 48821 140136
23264 92046 126809
92046 23264 126809
126809 23264 92046
480 11290 58850
11290 480 58850
58850 480 11290
126226 59801 108999
108999 59801 126226
59801 108999 126226
138654 27084 57130
27084 57130 138654
57130 27084 138654
14890 75686 126088
126088 14890 75686
75686 14890 126088
94939 1376 140339
1376 94939 140339
140339 1376 94939
79582 125635 146978
146978 79582 125635
125635 79582 146978
121930 65281 144526
65281 121930 144526
144526 65281 121930
16020 16118 16436
16118 16020 16436
16436 16020 16118
56248 147758 149857
149857 56248 147758
147758 56248 149857
82994 52598 62301
62301 52598 82994
52598 62301 82994
113059 99522 110658
99522 110658 113059
110658 99522 113059
26752 416 9600
416 9600 26752
9600 416 26752
70013 11956 146882
11956 70013 146882
146882 11956 70013
85224 487 16815
16815 487 85224
487 16815 85224
56928 59293 122568
59293 56928 122568
122568 56928 59293
10594 89735 91644
91644 10594 89735
89735 10594 91644
42608 83795 131414
131414 42608 83795
83795 42608 131414
6412 8141 132547
8141 6412 132547
132547 6412 8141
77609 6968 33189
6968 33189 77609
33189 6968 77609
25675 98463 112701
112701 25675 98463
98463 25675 112701
81583 72865 139019
139019 72865 81583
72865 81583 139019
149009 137089 139848
139848 137089 149009
137089 139848 149009
18367 78933 81996
78933 18367 81996
81996 18367 78933
64452 49804 58093
49804 58093 64452
58093 49804 64452
9028 64257 67839
64257 9028 67839
67839 9028 64257
9206 59217 147929
59217 9206 147929
147929 9206 59217
42299 9916 85797
9916 42299 85797
85797 9916 42299
135452 101169 122609
122609 101169 135452
101169 122609 135452
66391 58868 123307
123307 58868 66391
58868 66391 123307
7862 100638 113708
113708 7862 100638
100638 7862 113708
29253 88410 105085
105085 29253 88410
88410 29253 105085
40193 8971 11554
8971 11554 40193
11554 8971 40193
98009 63396 73776
73776 63396 98009
63396 73776 98009
35084 16113 71763
71763 16113 35084
16113 35084 71763
143634 11015 139009
139009 11015 143634
11015 139009 143634
10139 125763 138648
125763 10139 138648
138648 10139 125763
38280 85497 139727
85497 38280 139727
139727 38280 85497
113614 7360 106066
7360 106066 113614
106066 7360 113614
113248 32222 57344
32222 57344 113248
57344 32222 113248
69440 8914 80938
80938 8914 69440
8914 69440 80938
122496 17267 92534
92534 17267 122496
17267 92534 122496
40054 13191 31783
31783 13191 40054
13191 31783 40054
135139 67401 146299
67401 135139 146299
146299 67401 135139
141119 21877 137532
137532 21877 141119
21877 137532 141119
39783 15690 46599
15690 39783 46599
46599 15690 39783
10498 95105 125483
125483 10498 95105
95105 10498 125483
124784 37961 67459
67459 37961 124784
37961 67459 124784
42923 7988 126171
7988 42923 126171
126171 7988 42923
74720 73631 124797
73631 74720 124797
124797 73631 74720
84874 22024 26585
22024 26585 84874
26585 22024 84874
84747 69572 128960
128960 69572 84747
69572 84747 128960
108731 81390 86925
86925 81390 108731
81390 86925 108731
532 3464 105939
3464 532 105939
105939 532 3464
32274 39143 145171
39143 32274 145171
145171 32274 39143
55382 69560 131656
131656 55382 69560
69560 55382 131656
147671 38548 80430
80430 38548 147671
38548 80430 147671
56392 81037 106396
81037 56392 106396
106396 56392 81037
25356 13348 136659
13348 25356 136659
136659 13348 25356
87745 4258 100783
4258 87745 100783
100783 4258 87745
9341 24933 127845
24933 9341 127845
127845 9341 24933
98922 128376 143893
143893 98922 128376
128376 98922 143893
17194 117838 120207
117838 17194 120207
120207 17194 117838
54718 49115 50485
49115 50485 54718
50485 49115 54718
2347 63161 82064
63161 2347 82064
82064 2347 63161
57003 19859 120414
120414 19859 57003
19859 57003 120414
7884 64176 85189
64176 7884 85189
85189 7884 64176
52401 26048 48933
48933 26048 52401
26048 48933 52401
24725 65881 141085
141085 24725 65881
65881 24725 141085
78104 29609 132629
132629 29609 78104
29609 78104 132629
31917 223 83419
223 31917 83419
83419 223 31917
36232 4255 69175
69175 4255 36232
4255 36232 69175
95215 10751 113103
10751 95215 113103
113103 10751 95215
47262 90496 143010
90496 47262 143010
143010 47262 90496
148490 36648 143270
36648 143270 148490
143270 36648 148490
148284 14695 108697
108697 14695 148284
14695 108697 148284
79369 58267 121995
121995 58267 79369
58267 79369 121995
141284 125314 137263
137263 125314 141284
125314 137263 141284
111678 28067 143074
143074 28067 111678
28067 111678 143074
129191 69678 114657
69678 114657 129191
114657 69678 129191
106718 5949 103549
5949 103549 106718
103549 5949 106718
8882 27369 102183
102183 8882 27369
27369 8882 102183
9716 66413 122438
66413 9716 122438
122438 9716 66413
8056 56743 126871
56743 8056 126871
126871 8056 56743
10774 22313 104106
22313 10774 104106
104106 10774 22313
36353 8926 65842
8926 36353 65842
65842 8926 36353
136347 86264 117699
86264 117699 136347
117699 86264 136347
107348 98323 149171
98323 107348 149171
149171 98323 107348
452 29071 146888
29071 452 146888
146888 452 29071
48126 62658 89430
62658 48126 89430
89430 48126 62658
59696 62810 75243
62810 59696 75243
75243 59696 62810
61355 61286 127602
61286 61355 127602
127602 61286 61355
61024 7857 134888
7857 61024 134888
134888 7857 61024
88451 13513 104010
13513 88451 104010
104010 13513 88451
34899 81399 140347
81399 34899 140347
140347 34899 81399
1956 71283 110308
71283 1956 110308
110308 1956 71283
58707 76658 146738
146738 58707 76658
76658 58707 146738
89359 11208 106260
106260 11208 89359
11208 89359 106260
24068 473 69180
69180 473 24068
473 24068 69180
35836 15854 132660
15854 35836 132660
132660 15854 35836
95181 38603 68573
68573 38603 95181
38603 68573 95181
121207 6187 119964
6187 119964 121207
119964 6187 121207
54742 26843 27322
26843 27322 54742
27322 26843 54742
25291 64762 110933
64762 25291 110933
110933 25291 64762
59122 14661 108230
14661 59122 108230
108230 14661 59122
63158 26357 39014
26357 39014 63158
39014 26357 63158
64631 46582 95976
46582 64631 95976
95976 46582 64631
140888 478 90398
90398 478 140888
478 90398 140888
106016 49027 136775
136775 49027 106016
49027 106016 136775
148638 28309 49605
49605 28309 148638
28309 49605 148638
57279 21010 103489
21010 57279 103489
103489 21010 57279
82272 74924 137849
137849 74924 82272
74924 82272 137849
124442 131109 131342
131342 124442 131109
131109 124442 131342
120679 1978 133311
1978 120679 133311
133311 1978 120679
133249 64099 68116
68116 64099 133249
64099 68116 133249
65876 97047 122449
122449 65876 97047
97047 65876 122449
100916 84630 120509
120509 84630 100916
84630 100916 120509
97335 68396 111792
111792 68396 97335
68396 97335 111792
134629 31463 132829
132829 31463 134629
31463 132829 134629
16384 76667 87788
87788 16384 76667
76667 16384 87788
11152 112911 130611
130611 11152 112911
112911 11152 130611
75187 4709 132017
4709 75187 132017
132017 4709 75187
17525 87501 139136
87501 17525 139136
139136 17525 87501
40371 10847 62822
10847 40371 62822
62822 10847 40371
39908 21389 91143
91143 21389 39908
21389 39908 91143
5013 54269 113066
54269 5013 113066
113066 5013 54269
61808 74118 141766
141766 61808 74118
74118 61808 141766
113658 102807 118531
102807 113658 118531
118531 102807 113658
121811 106113 109884
109884 106113 121811
106113 109884 121811
111457 45972 106075
106075 45972 111457
45972 106075 111457
110262 2652 117303
2652 110262 117303
117303 2652 110262
90131 22527 116264
22527 90131 116264
116264 22527 90131
139505 96608 113666
96608 113666 139505
113666 96608 139505
109679 55592 137121
137121 55592 109679
55592 109679 137121
61358 42964 75839
75839 42964 61358
42964 61358 75839
52443 45425 56781
56781 45425 52443
45425 52443 56781
41104 27407 53092
53092 27407 41104
27407 41104 53092
8362 46537 88188
46537 8362 88188
88188 8362 46537
35140 4381 21065
21065 4381 35140
4381 21065 35140
37871 106956 125355
106956 37871 125355
125355 37871 106956
56886 9267 112197
9267 56886 112197
112197 9267 56886
41948 6319 124871
6319 41948 124871
124871 6319 41948
39146 125641 129474
129474 39146 125641
125641 39146 129474
25926 18070 51317
18070 25926 51317
51317 18070 25926
147533 8438 147647
147647 8438 147533
8438 147533 147647
89812 23885 36003
23885 36003 89812
36003 23885 89812
35829 80361 120371
80361 35829 120371
120371 35829 80361
47728 82984 112356
112356 47728 82984
82984 47728 112356
73413 40883 51919
51919 40883 73413
40883 51919 73413
104473 50922 145264
145264 50922 104473
50922 104473 145264
28452 3726 85261
85261 3726 28452
3726 28452 85261
63323 72774 131048
72774 63323 131048
131048 63323 72774
115796 122628 147039
122628 115796 147039
147039 115796 122628
19651 57494 116760
116760 19651 57494
57494 19651 116760
115575 82610 101630
101630 82610 115575
82610 101630 115575
65038 31586 144299
144299 31586 65038
31586 65038 144299
546 4063 130179
4063 546 130179
130179 546 4063
21574 124081 126471
126471 21574 124081
124081 21574 126471
89484 18117 145122
145122 18117 89484
18117 89484 145122
95604 83612 140301
83612 95604 140301
140301 83612 95604
46049 10890 91097
91097 10890 46049
10890 46049 91097
131654 49633 99897
49633 99897 131654
99897 49633 131654
16539 80256 91380
80256 16539 91380
91380 16539 80256
146608 113136 149950
149950 113136 146608
113136 146608 149950
77893 68234 121280
121280 68234 77893
68234 77893 121280
8535 117802 139008
139008 8535 117802
117802 8535 139008
32346 122340 146956
122340 32346 146956
146956 32346 122340
21619 424 83687
424 21619 83687
83687 424 21619
140011 81323 131521
131521 81323 140011
81323 131521 140011
26744 127718 149747
127718 26744 149747
149747 26744 127718
60982 15996 22033
15996 22033 60982
22033 15996 60982
119411 53117 66993
66993 53117 119411
53117 66993 119411
124872 133671 147737
147737 124872 133671
133671 124872 147737
56260 12188 97213
12188 56260 97213
97213 12188 56260
46013 3478 130997
3478 46013 130997
130997 3478 46013
7176 21191 37132
21191 7176 37132
37132 7176 21191
148225 4953 84326
4953 84326 148225
84326 4953 148225
110167 26844 95905
95905 26844 110167
26844 95905 110167
62445 38644 90957
90957 38644 62445
38644 62445 90957
27601 33074 130199
130199 27601 33074
33074 27601 130199
147176 55301 112329
112329 55301 147176
55301 112329 147176
62880 21540 106879
106879 21540 62880
21540 62880 106879
118849 64680 134201
64680 118849 134201
134201 64680 118849
76019 57937 109782
57937 76019 109782
109782 57937 76019
98456 6276 146911
146911 6276 98456
6276 98456 146911
130409 2328 28665
2328 28665 130409
28665 2328 130409
68984 108013 128727
108013 68984 128727
128727 68984 108013
16009 57945 109775
109775 16009 57945
57945 16009 109775
22686 10017 18947
18947 10017 22686
10017 18947 22686
43512 7590 30292
7590 30292 43512
30292 7590 43512
104738 14664 81893
81893 14664 104738
14664 81893 104738
99214 11367 73195
11367 73195 99214
73195 11367 99214
130369 18354 23755
18354 23755 130369
23755 18354 130369
14118 61690 95251
61690 14118 95251
95251 14118 61690
86143 14798 93544
14798 86143 93544
93544 14798 86143
143699 66523 113215
113215 66523 143699
66523 113215 143699
53782 42078 78887
78887 42078 53782
42078 53782 78887
70065 18751 108112
108112 18751 70065
18751 70065 108112
2568 67393 120056
67393 2568 120056
120056 2568 67393
71174 13837 39730
13837 39730 71174
39730 13837 71174
122509 45576 54910
54910 45576 122509
45576 54910 122509
57695 21401 132186
21401 57695 132186
132186 21401 57695
135285 116748 140081
140081 116748 135285
116748 135285 140081
52476 92408 146741
92408 52476 146741
146741 52476 92408
12248 66328 121134
66328 12248 121134
121134 12248 66328
12845 91189 144750
91189 12845 144750
144750 12845 91189
41253 7943 40483
7943 40483 41253
40483 7943 41253
93044 45697 102409
45697 93044 102409
102409 45697 93044
95480 41958 86424
86424 41958 95480
41958 86424 95480
138067 56112 88207
88207 56112 138067
56112 88207 138067
49902 116620 119305
119305 49902 116620
116620 49902 119305
69939 51979 70367
51979 69939 70367
70367 51979 69939
108972 121551 132273
132273 108972 121551
121551 108972 132273
93866 43582 124160
124160 43582 93866
43582 93866 124160
85568 1282 82513
1282 82513 85568
82513 1282 85568
114024 56170 73017
56170 73017 114024
73017 56170 114024
26214 43067 130116
43067 26214 130116
130116 26214 43067
103654 72669 112993
112993 72669 103654
72669 103654 112993
21581 72698 142950
142950 21581 72698
72698 21581 142950
29978 78373 92595
92595 29978 78373
78373 29978 92595
34331 81645 129388
129388 34331 81645
81645 34331 129388
112941 17306 112251
112251 17306 112941
17306 112251 112941
103438 54763 85586
54763 85586 103438
85586 54763 103438
101483 92315 133936
133936 92315 101483
92315 101483 133936
129227 24663 89015
89015 24663 129227
24663 89015 129227
27398 16752 108349
108349 16752 27398
16752 27398 108349
149028 107225 143834
143834 107225 149028
107225 143834 149028
59314 11848 121464
11848 59314 121464
121464 11848 59314
56681 59082 60222
59082 56681 60222
60222 56681 59082
147202 20012 108630
20012 108630 147202
108630 20012 147202
48935 45453 149320
149320 45453 48935
45453 48935 149320
10353 93345 130470
130470 10353 93345
93345 10353 130470
9353 17784 143505
143505 9353 17784
17784 9353 143505
148604 89971 148489
148489 89971 148604
89971 148489 148604
2238 4431 10451
10451 2238 4431
4431 2238 10451
74115 98512 120189
98512 74115 120189
120189 74115 98512
100060 4237 94780
94780 4237 100060
4237 94780 100060
145074 100046 111826
100046 111826 145074
111826 100046 145074
31751 51706 96744
51706 31751 96744
96744 31751 51706
135150 21724 45320
21724 45320 135150
45320 21724 135150
65019 26188 133864
26188 65019 133864
133864 26188 65019
87009 35184 104641
35184 87009 104641
104641 35184 87009
71975 68775 69641
68775 69641 71975
69641 68775 71975
99760 37192 46101
46101 37192 99760
37192 46101 99760
1970 42564 65063
42564 1970 65063
65063 1970 42564
56649 46397 74643
46397 56649 74643
74643 46397 56649
22145 3044 135882
3044 22145 135882
135882 3044 22145
144423 21312 129067
21312 129067 144423
129067 21312 144423
63740 2890 28238
28238 2890 63740
2890 28238 63740
43501 58989 82333
82333 43501 58989
58989 43501 82333
138590 118824 146435
146435 118824 138590
118824 138590 146435
23640 12289 115446
115446 12289 23640
12289 23640 115446
75096 36545 60274
60274 36545 75096
36545 60274 75096
44164 21278 88585
21278 44164 88585
88585 21278 44164
61490 83360 91975
83360 61490 91975
91975 61490 83360
46370 39781 104348
104348 39781 46370
39781 46370 104348
26206 28274 148171
148171 26206 28274
28274 26206 148171
74354 56136 84660
84660 56136 74354
56136 74354 84660
54554 47555 131141
47555 54554 131141
131141 47555 54554
19801 125964 141376
141376 19801 125964
125964 19801 141376
55896 44372 64088
64088 44372 55896
44372 55896 64088
842 79994 87097
79994 842 87097
87097 842 79994
17355 17207 64105
64105 17207 17355
17207 17355 64105
108210 15117 98860
98860 15117 108210
15117 98860 108210
66051 47959 140883
140883 47959 66051
47959 66051 140883
133167 35820 100805
100805 35820 133167
35820 100805 133167
86827 58788 111574
111574 58788 86827
58788 86827 111574
112932 94792 115789
94792 112932 115789
115789 94792 112932
99931 125285 146050
146050 99931 125285
125285 99931 146050
106334 116212 129789
129789 106334 116212
116212 106334 129789
12111 1883 17108
1883 12111 17108
17108 1883 12111
12693 39134 121395
39134 12693 121395
121395 12693 39134
49733 14534 54701
54701 14534 49733
14534 49733 54701
51607 49796 107281
49796 51607 107281
107281 49796 51607
109734 4509 107102
107102 4509 109734
4509 107102 109734
137643 53960 85454
53960 85454 137643
85454 53960 137643
93334 76110 146784
146784 76110 93334
76110 93334 146784
22357 2270 38902
2270 22357 38902
38902 2270 22357
44720 66822 88607
88607 44720 66822
66822 44720 88607
61216 17976 107285
17976 61216 107285
107285 17976 61216
92606 99721 110398
110398 92606 99721
99721 92606 110398
105152 79826 103320
79826 103320 105152
103320 79826 105152
37065 108023 142445
108023 37065 142445
142445 37065 108023
97258 39417 93254
93254 39417 97258
39417 93254 97258
9236 12022 36972
12022 9236 36972
36972 9236 12022
142859 107758 142659
142659 107758 142859
107758 142659 142859
93877 129063 133138
133138 93877 129063
129063 93877 133138
73388 41549 53257
41549 53257 73388
53257 41549 73388
52070 19444 145140
19444 52070 145140
145140 19444 52070
38346 10596 13077
13077 10596 38346
10596 13077 38346
111244 90266 116882
116882 90266 111244
90266 111244 116882
139390 48816 54352
48816 54352 139390
