11422 4067 5991
4067 5991 11422
5991 4067 11422
13204 1224 4973
4973 1224 13204
1224 4973 13204
3330 11210 13190
13190 3330 11210
11210 3330 13190
12168 162 13199
162 12168 13199
13199 162 12168
13051 11685 12036
11685 12036 13051
12036 11685 13051
4607 6206 6418
6418 4607 6206
6206 4607 6418
3994 2481 6688
2481 3994 6688
6688 2481 3994
4416 5247 12313
5247 4416 12313
12313 4416 5247
5358 1887 2441
2441 1887 5358
1887 2441 5358
14009 513 5170
513 5170 14009
5170 513 14009
4465 2416 9225
9225 2416 4465
2416 4465 9225
2462 1757 7446
1757 2462 7446
7446 1757 2462
7363 8110 13734
13734 7363 8110
8110 7363 13734
8052 3971 5401
5401 3971 8052
3971 5401 8052
13535 3812 11375
11375 3812 13535
3812 11375 13535
7341 8978 12589
12589 7341 8978
8978 7341 12589
7347 7894 14412
14412 7347 7894
7894 7347 14412
10369 136 617
617 136 10369
136 617 10369
13944 1258 13640
1258 13640 13944
13640 1258 13944
12870 5846 12963
12963 5846 12870
5846 12870 12963
10057 1509 5469
1509 5469 10057
5469 1509 10057
7760 7045 11837
11837 7045 7760
7045 7760 11837
11307 1472 11525
1472 11307 11525
11525 1472 11307
5192 1127 3824
3824 1127 5192
1127 3824 5192
11517 2993 3356
3356 2993 11517
2993 3356 11517
11081 733 10432
10432 733 11081
733 10432 11081
6000 11925 14027
11925 6000 14027
14027 6000 11925
1252 2151 3252
2151 1252 3252
3252 1252 2151
12550 6246 14758
6246 12550 14758
14758 6246 12550
4116 2788 13741
13741 2788 4116
2788 4116 13741
14114 456 10623
456 10623 14114
10623 456 14114
9994 683 12153
683 9994 12153
12153 683 9994
8184 9816 10465
10465 8184 9816
9816 8184 10465
7265 4050 11475
11475 4050 7265
4050 7265 11475
1133 2968 4831
4831 1133 2968
2968 1133 4831
14896 574 4840
4840 574 14896
574 4840 14896
6726 4206 6713
4206 6713 6726
6713 4206 6726
7447 2883 11460
2883 7447 11460
11460 2883 7447
13317 10161 12603
10161 12603 13317
12603 10161 13317
5369 2520 5073
5073 2520 5369
2520 5073 5369
14316 9233 13829
9233 13829 14316
13829 9233 14316
2982 821 925
925 821 2982
821 925 2982
9833 7384 11652
11652 7384 9833
7384 9833 11652
2374 1471 4521
1471 2374 4521
4521 1471 2374
5263 6327 6606
6606 5263 6327
6327 5263 6606
12576 2415 7738
2415 7738 12576
7738 2415 12576
13123 2125 10236
10236 2125 13123
2125 10236 13123
14710 5752 8090
5752 8090 14710
8090 5752 14710
9820 11001 14249
14249 9820 11001
11001 9820 14249
6764 5603 14356
14356 5603 6764
5603 6764 14356
1012 572 3551
3551 572 1012
572 1012 3551
3913 5390 12955
5390 3913 12955
12955 3913 5390
2716 4497 5562
5562 2716 4497
4497 2716 5562
14576 382 14501
382 14501 14576
14501 382 14576
9569 6258 11549
6258 9569 11549
11549 6258 9569
2562 8787 11414
8787 2562 11414
11414 2562 8787
11588 1524 8709
8709 1524 11588
1524 8709 11588
10655 1679 9727
9727 1679 10655
1679 9727 10655
10853 1921 2136
1921 2136 10853
2136 1921 10853
7903 2863 8405
2863 7903 8405
8405 2863 7903
6946 408 13258
408 6946 13258
13258 408 6946
8426 4609 9505
4609 8426 9505
9505 4609 8426
14868 6912 8163
8163 6912 14868
6912 8163 14868
10988 7242 7609
7609 7242 10988
7242 7609 10988
7197 10416 11921
11921 7197 10416
10416 7197 11921
324 10994 12559
10994 324 12559
12559 324 10994
9975 909 1420
1420 909 9975
909 1420 9975
10880 81 2738
81 2738 10880
2738 81 10880
7727 3015 6783
6783 3015 7727
3015 6783 7727
2992 333 8977
8977 333 2992
333 2992 8977
4141 2874 5433
5433 2874 4141
2874 4141 5433
14720 11755 14888
14888 11755 14720
11755 14720 14888
8202 5368 11313
11313 5368 8202
5368 8202 11313
10076 3101 10825
10825 3101 10076
3101 10076 10825
4788 6613 9361
9361 4788 6613
6613 4788 9361
989 12420 13058
13058 989 12420
12420 989 13058
12301 4288 8587
4288 8587 12301
8587 4288 12301
9116 6078 9479
6078 9116 9479
9479 6078 9116
2665 7199 10953
10953 2665 7199
7199 2665 10953
7400 8311 10805
8311 7400 10805
10805 7400 8311
14368 2211 2343
2211 2343 14368
2343 2211 14368
14389 1342 12274
12274 1342 14389
1342 12274 14389
12778 963 10732
10732 963 12778
963 10732 12778
14889 1777 2973
2973 1777 14889
1777 2973 14889
4112 4988 6913
6913 4112 4988
4988 4112 6913
13076 12696 12844
12696 12844 13076
12844 12696 13076
12001 10352 11632
10352 11632 12001
11632 10352 12001
10439 1124 8269
1124 8269 10439
8269 1124 10439
5528 1731 7509
7509 1731 5528
1731 5528 7509
13837 12063 14196
12063 13837 14196
14196 12063 13837
4714 5355 11204
11204 4714 5355
5355 4714 11204
8222 4842 10627
4842 8222 10627
10627 4842 8222
13574 1410 9712
1410 9712 13574
9712 1410 13574
2778 8591 13435
8591 2778 13435
13435 2778 8591
1479 2141 12850
12850 1479 2141
2141 1479 12850
13806 7757 8498
8498 7757 13806
7757 8498 13806
9564 8047 13343
8047 9564 13343
13343 8047 9564
11649 935 10962
10962 935 11649
935 10962 11649
6857 2219 14968
14968 2219 6857
2219 6857 14968
4255 7074 7968
7968 4255 7074
7074 4255 7968
7380 1253 4509
1253 4509 7380
4509 1253 7380
11274 1355 5871
1355 5871 11274
5871 1355 11274
3406 3390 10728
3390 3406 10728
10728 3390 3406
12247 13115 14965
14965 12247 13115
13115 12247 14965
4240 11084 12658
11084 4240 12658
12658 4240 11084
10882 888 4868
4868 888 10882
888 4868 10882
9871 7525 14842
14842 7525 9871
7525 9871 14842
2295 5270 12709
5270 2295 12709
12709 2295 5270
10050 1075 3105
1075 3105 10050
3105 1075 10050
1510 1719 14591
1719 1510 14591
14591 1510 1719
6777 3540 8258
8258 3540 6777
3540 6777 8258
3610 3520 13699
3520 3610 13699
13699 3520 3610
6907 8544 10677
8544 6907 10677
10677 6907 8544
1909 10029 11697
10029 1909 11697
11697 1909 10029
735 2710 7076
2710 735 7076
7076 735 2710
5166 2942 3607
2942 3607 5166
3607 2942 5166
12351 1278 6243
1278 6243 12351
6243 1278 12351
59 484 10768
10768 59 484
484 59 10768
9187 3525 10869
3525 9187 10869
10869 3525 9187
3408 7191 9218
9218 3408 7191
7191 3408 9218
11348 293 7082
293 7082 11348
7082 293 11348
6024 3542 9970
3542 6024 9970
9970 3542 6024
3786 7805 7895
7895 3786 7805
7805 3786 7895
4439 4059 13088
4059 4439 13088
13088 4059 4439
9114 4691 13291
13291 4691 9114
4691 9114 13291
10999 2241 4241
4241 2241 10999
2241 4241 10999
8189 11323 12619
11323 8189 12619
12619 8189 11323
9950 10986 13211
13211 9950 10986
10986 9950 13211
5207 2834 4162
2834 4162 5207
4162 2834 5207
11487 816 10215
10215 816 11487
816 10215 11487
2193 12729 14478
12729 2193 14478
14478 2193 12729
1094 2960 3639
2960 1094 3639
3639 1094 2960
3085 1927 11940
11940 1927 3085
1927 3085 11940
13120 4223 5038
4223 5038 13120
5038 4223 13120
12506 3849 13646
3849 12506 13646
13646 3849 12506
365 2772 4368
2772 365 4368
4368 365 2772
11165 8567 12718
12718 8567 11165
8567 11165 12718
5427 1531 1653
1653 1531 5427
1531 1653 5427
1793 9687 13368
13368 1793 9687
9687 1793 13368
10773 5315 8494
8494 5315 10773
5315 8494 10773
14168 8823 10284
8823 10284 14168
10284 8823 14168
2541 6573 11091
6573 2541 11091
11091 2541 6573
13030 3170 10637
3170 10637 13030
10637 3170 13030
10713 13548 13653
13653 10713 13548
13548 10713 13653
2364 1026 11465
1026 2364 11465
11465 1026 2364
246 3040 13757
3040 246 13757
13757 246 3040
944 4325 10299
4325 944 10299
10299 944 4325
1417 4247 10772
10772 1417 4247
4247 1417 10772
9909 819 2724
819 2724 9909
2724 819 9909
11732 1936 12219
1936 11732 12219
12219 1936 11732
3963 4123 12541
12541 3963 4123
4123 3963 12541
13069 10065 10764
10065 10764 13069
10764 10065 13069
11764 3362 4551
3362 4551 11764
4551 3362 11764
13696 6242 14981
14981 6242 13696
6242 13696 14981
13974 4756 9356
9356 4756 13974
4756 9356 13974
12524 7493 9115
9115 7493 12524
7493 9115 12524
11054 3563 8528
8528 3563 11054
3563 8528 11054
14285 295 7317
7317 295 14285
295 7317 14285
8246 1753 3880
3880 1753 8246
1753 3880 8246
5771 5801 12429
12429 5771 5801
5801 5771 12429
1409 8074 8919
8074 1409 8919
8919 1409 8074
14897 3392 5893
3392 5893 14897
5893 3392 14897
13666 927 11909
927 11909 13666
11909 927 13666
10184 7101 7856
7856 7101 10184
7101 7856 10184
10886 2828 5995
2828 5995 10886
5995 2828 10886
13055 5072 13013
5072 13013 13055
13013 5072 13055
10612 4965 9809
9809 4965 10612
4965 9809 10612
11987 10430 13182
10430 11987 13182
13182 10430 11987
14399 4532 12916
4532 12916 14399
12916 4532 14399
9213 3557 5158
5158 3557 9213
3557 5158 9213
1769 4094 13200
13200 1769 4094
4094 1769 13200
9470 4707 10131
4707 9470 10131
10131 4707 9470
14004 1461 11273
11273 1461 14004
1461 11273 14004
11153 699 14072
699 11153 14072
14072 699 11153
4076 9325 10412
9325 4076 10412
10412 4076 9325
2891 3107 3566
3107 2891 3566
3566 2891 3107
9455 11443 13450
13450 9455 11443
11443 9455 13450
12869 825 8557
8557 825 12869
825 8557 12869
6597 10730 11679
10730 6597 11679
11679 6597 10730
10546 5048 10370
10370 5048 10546
5048 10370 10546
3465 4584 10958
4584 3465 10958
10958 3465 4584
13852 6727 10806
10806 6727 13852
6727 10806 13852
9607 8212 10503
10503 8212 9607
8212 9607 10503
10109 2039 3860
2039 3860 10109
3860 2039 10109
11514 1687 3522
1687 3522 11514
3522 1687 11514
858 7756 9248
9248 858 7756
7756 858 9248
10147 2405 6607
6607 2405 10147
2405 6607 10147
9725 6169 14355
6169 9725 14355
14355 6169 9725
8658 5819 6071
5819 6071 8658
6071 5819 8658
7807 8204 9272
9272 7807 8204
8204 7807 9272
3905 2936 9694
2936 3905 9694
9694 2936 3905
429 10373 10689
10373 429 10689
10689 429 10373
8064 8970 12185
12185 8064 8970
8970 8064 12185
11672 3416 13683
13683 3416 11672
3416 11672 13683
14776 3683 8438
8438 3683 14776
3683 8438 14776
10237 906 11813
906 10237 11813
11813 906 10237
4117 1740 6827
1740 4117 6827
6827 1740 4117
3295 3796 5751
5751 3295 3796
3796 3295 5751
634 4880 10258
4880 634 10258
10258 634 4880
13457 4315 14538
4315 13457 14538
14538 4315 13457
2830 6609 12322
6609 2830 12322
12322 2830 6609
3036 5560 9843
5560 3036 9843
9843 3036 5560
14246 2432 6353
2432 6353 14246
6353 2432 14246
13357 7195 9427
7195 9427 13357
9427 7195 13357
12227 7996 8731
7996 8731 12227
8731 7996 12227
55 5006 6648
6648 55 5006
5006 55 6648
7844 4306 14042
4306 7844 14042
14042 4306 7844
3744 712 4111
712 3744 4111
4111 712 3744
11619 8319 9015
9015 8319 11619
8319 9015 11619
5725 1196 8418
8418 1196 5725
1196 5725 8418
4838 474 859
474 859 4838
859 474 4838
13966 1565 5063
1565 5063 13966
5063 1565 13966
14231 11388 13654
13654 11388 14231
11388 13654 14231
10867 611 2601
611 2601 10867
2601 611 10867
8610 4864 10752
4864 8610 10752
10752 4864 8610
2567 2051 13708
13708 2051 2567
2051 2567 13708
8425 2837 12508
2837 8425 12508
12508 2837 8425
6450 1721 5008
5008 1721 6450
1721 5008 6450
2990 889 3694
3694 889 2990
889 2990 3694
9791 1424 2500
1424 2500 9791
2500 1424 9791
12819 1771 6977
6977 1771 12819
1771 6977 12819
3080 3617 9764
3617 3080 9764
9764 3080 3617
10171 5346 8265
5346 8265 10171
8265 5346 10171
14723 732 12249
12249 732 14723
732 12249 14723
8660 2816 14740
2816 8660 14740
14740 2816 8660
11278 4939 10197
4939 10197 11278
10197 4939 11278
11188 1259 11968
1259 11188 11968
11968 1259 11188
6199 129 770
770 129 6199
129 770 6199
5164 1615 6842
1615 5164 6842
6842 1615 5164
11469 608 11648
11648 608 11469
608 11469 11648
12061 723 14656
723 12061 14656
14656 723 12061
8084 5132 13220
5132 8084 13220
13220 5132 8084
13524 5062 14436
5062 13524 14436
14436 5062 13524
5896 4750 6378
6378 4750 5896
4750 5896 6378
3621 9055 9513
9513 3621 9055
9055 3621 9513
10159 82 3479
3479 82 10159
82 3479 10159
13744 8524 14322
8524 13744 14322
14322 8524 13744
13144 1627 5349
1627 5349 13144
5349 1627 13144
12588 6396 11470
11470 6396 12588
6396 11470 12588
14215 5849 13311
5849 13311 14215
13311 5849 14215
5377 4377 5471
5471 4377 5377
4377 5377 5471
3906 12502 14404
14404 3906 12502
12502 3906 14404
2206 3892 14429
3892 2206 14429
14429 2206 3892
8431 4598 11211
4598 8431 11211
11211 4598 8431
7910 1059 10135
1059 7910 10135
10135 1059 7910
13265 4913 11845
11845 4913 13265
4913 11845 13265
910 12641 13753
12641 910 13753
13753 910 12641
12891 1790 1839
1790 1839 12891
1839 1790 12891
919 1498 3376
3376 919 1498
1498 919 3376
9107 1217 3712
3712 1217 9107
1217 3712 9107
870 8563 11494
11494 870 8563
8563 870 11494
12051 10513 12753
10513 12051 12753
12753 10513 12051
7662 7277 8397
8397 7277 7662
7277 7662 8397
6218 5495 14181
14181 5495 6218
5495 6218 14181
14486 525 6211
6211 525 14486
525 6211 14486
6667 7147 11629
7147 6667 11629
11629 6667 7147
524 5837 11468
5837 524 11468
11468 524 5837
6231 4890 6405
6405 4890 6231
4890 6231 6405
14780 8452 13935
8452 13935 14780
13935 8452 14780
11720 743 6133
743 6133 11720
6133 743 11720
1426 4003 14001
14001 1426 4003
4003 1426 14001
14200 669 7480
669 7480 14200
7480 669 14200
9006 3030 7964
7964 3030 9006
3030 7964 9006
13307 9599 14248
9599 13307 14248
14248 9599 13307
9724 2632 13421
13421 2632 9724
2632 9724 13421
534 72 10898
10898 72 534
72 534 10898
14820 12458 13075
13075 12458 14820
12458 13075 14820
762 5204 13745
5204 762 13745
13745 762 5204
9027 5101 8484
8484 5101 9027
5101 8484 9027
594 2161 9286
2161 594 9286
9286 594 2161
7214 1046 13213
1046 7214 13213
13213 1046 7214
4336 475 2713
2713 475 4336
475 2713 4336
12984 9731 12652
12652 9731 12984
9731 12652 12984
6647 7227 14217
7227 6647 14217
14217 6647 7227
11957 5992 6621
5992 6621 11957
6621 5992 11957
9488 9996 10002
10002 9488 9996
9996 9488 10002
7250 3759 6470
6470 3759 7250
3759 6470 7250
8159 244 6914
244 6914 8159
6914 244 8159
11899 5960 12484
5960 11899 12484
12484 5960 11899
8579 4972 12726
4972 8579 12726
12726 4972 8579
6354 1803 3001
1803 3001 6354
3001 1803 6354
8161 3097 3855
3097 3855 8161
3855 3097 8161
6766 3697 14664
14664 3697 6766
3697 6766 14664
3644 4042 6140
4042 3644 6140
6140 3644 4042
5054 9404 13145
9404 5054 13145
13145 5054 9404
8106 6118 11473
6118 8106 11473
11473 6118 8106
10903 7128 9675
7128 9675 10903
9675 7128 10903
10420 7226 14122
14122 7226 10420
7226 10420 14122
3758 835 3974
3974 835 3758
835 3758 3974
5902 1193 1325
1193 1325 5902
1325 1193 5902
11340 77 12973
77 11340 12973
12973 77 11340
10108 5329 8572
8572 5329 10108
5329 8572 10108
13939 10557 12912
12912 10557 13939
10557 12912 13939
2683 1468 11461
1468 2683 11461
11461 1468 2683
13965 4178 10218
4178 10218 13965
10218 4178 13965
12123 9391 12958
9391 12123 12958
12958 9391 12123
2592 2502 8698
2502 2592 8698
8698 2502 2592
6255 2166 6005
2166 6005 6255
6005 2166 6255
2886 12117 14348
12117 2886 14348
14348 2886 12117
14529 12092 13954
12092 13954 14529
13954 12092 14529
8251 1707 5389
5389 1707 8251
1707 5389 8251
11032 873 6343
873 6343 11032
6343 873 11032
14005 8195 10096
8195 10096 14005
10096 8195 14005
1338 4492 12074
12074 1338 4492
4492 1338 12074
12007 6410 10788
10788 6410 12007
6410 10788 12007
7389 7723 14033
14033 7389 7723
7723 7389 14033
11190 2987 5104
2987 5104 11190
5104 2987 11190
3743 5200 12644
5200 3743 12644
12644 3743 5200
9999 4537 4547
4547 4537 9999
4537 4547 9999
11967 2014 2031
2031 2014 11967
2014 2031 11967
13627 523 14534
14534 523 13627
523 13627 14534
12164 11184 14311
14311 11184 12164
11184 12164 14311
4150 4258 6022
4258 4150 6022
6022 4150 4258
13662 1139 11017
11017 1139 13662
1139 11017 13662
277 2332 6900
2332 277 6900
6900 277 2332
6885 67 10021
67 6885 10021
10021 67 6885
7106 5165 8035
8035 5165 7106
5165 7106 8035
11708 3055 9988
3055 9988 11708
9988 3055 11708
12566 2900 11568
2900 11568 12566
11568 2900 12566
9595 496 2233
496 2233 9595
2233 496 9595
5214 7726 9765
7726 5214 9765
9765 5214 7726
6960 1633 4285
4285 1633 6960
1633 4285 6960
6560 1511 13930
1511 6560 13930
13930 1511 6560
14801 4766 12498
4766 12498 14801
12498 4766 14801
14979 1040 14192
1040 14192 14979
14192 1040 14979
543 316 11680
11680 316 543
316 543 11680
5213 11984 14326
14326 5213 11984
11984 5213 14326
10923 535 6340
6340 535 10923
535 6340 10923
5248 212 11896
212 5248 11896
11896 212 5248
12949 11944 14350
11944 12949 14350
14350 11944 12949
11874 2983 14235
14235 2983 11874
2983 11874 14235
14592 3600 7672
7672 3600 14592
3600 7672 14592
2815 2367 5694
5694 2367 2815
2367 2815 5694
11515 1477 14139
1477 11515 14139
14139 1477 11515
4105 37 4303
4303 37 4105
37 4105 4303
4405 10447 14646
10447 4405 14646
14646 4405 10447
747 657 11961
657 747 11961
11961 657 747
1319 2629 13743
2629 1319 13743
13743 1319 2629
4701 181 2307
181 2307 4701
2307 181 4701
9237 5719 13563
5719 9237 13563
13563 5719 9237
12287 2467 14495
14495 2467 12287
2467 12287 14495
10821 8540 11938
8540 10821 11938
11938 8540 10821
4568 5438 10729
10729 4568 5438
5438 4568 10729
1851 7498 9462
7498 1851 9462
9462 1851 7498
10813 5429 8641
5429 8641 10813
8641 5429 10813
354 421 11405
11405 354 421
421 354 11405
8123 4296 14013
14013 4296 8123
4296 8123 14013
8559 6763 7611
6763 7611 8559
7611 6763 8559
8021 14187 14845
14187 8021 14845
14845 8021 14187
3014 4915 6599
4915 3014 6599
6599 3014 4915
11123 4028 14046
4028 11123 14046
14046 4028 11123
2911 1374 7364
7364 1374 2911
1374 2911 7364
8934 10084 13203
13203 8934 10084
10084 8934 13203
2063 3116 14370
3116 2063 14370
14370 2063 3116
13529 3354 4139
4139 3354 13529
3354 4139 13529
10532 8895 12497
8895 10532 12497
12497 8895 10532
4573 8422 12215
8422 4573 12215
12215 4573 8422
14056 9931 12329
9931 12329 14056
12329 9931 14056
3680 8743 9545
8743 3680 9545
9545 3680 8743
13540 1895 3157
1895 3157 13540
3157 1895 13540
4745 5032 13926
5032 4745 13926
13926 4745 5032
14382 3057 8931
8931 3057 14382
3057 8931 14382
6356 1440 12908
1440 6356 12908
12908 1440 6356
2850 12739 13441
12739 2850 13441
13441 2850 12739
8136 658 7975
7975 658 8136
658 7975 8136
7332 1945 9730
1945 7332 9730
9730 1945 7332
4091 6197 7799
6197 4091 7799
7799 4091 6197
9516 1555 3434
3434 1555 9516
1555 3434 9516
2750 4106 8509
8509 2750 4106
4106 2750 8509
9808 5238 7675
5238 7675 9808
7675 5238 9808
2526 3589 10664
3589 2526 10664
10664 2526 3589
1982 243 10507
243 1982 10507
10507 243 1982
11560 966 12380
12380 966 11560
966 11560 12380
12533 10407 13543
13543 10407 12533
10407 12533 13543
2178 1882 5721
1882 2178 5721
5721 1882 2178
1932 3156 4595
4595 1932 3156
3156 1932 4595
197 11071 12769
12769 197 11071
11071 197 12769
2802 11040 13168
11040 2802 13168
13168 2802 11040
4469 1060 10114
10114 1060 4469
1060 4469 10114
3382 7907 11212
11212 3382 7907
7907 3382 11212
4619 1754 3164
1754 3164 4619
3164 1754 4619
299 2409 8960
8960 299 2409
2409 299 8960
5425 1705 10292
1705 5425 10292
10292 1705 5425
6181 2077 8342
2077 6181 8342
8342 2077 6181
4874 1665 5559
5559 1665 4874
1665 4874 5559
479 8076 11111
11111 479 8076
8076 479 11111
2640 2340 13768
2340 2640 13768
13768 2340 2640
2180 700 10624
10624 700 2180
700 2180 10624
3099 3766 3854
3854 3099 3766
3766 3099 3854
3654 3834 8140
3834 3654 8140
8140 3654 3834
7908 3385 3562
3385 3562 7908
3562 3385 7908
6848 7605 12948
7605 6848 12948
12948 6848 7605
11208 8532 14104
8532 11208 14104
14104 8532 11208
2229 5930 10250
5930 2229 10250
10250 2229 5930
8759 1416 6015
1416 6015 8759
6015 1416 8759
6111 5910 7956
7956 5910 6111
5910 6111 7956
2576 3384 4442
3384 2576 4442
4442 2576 3384
3319 4564 8793
4564 3319 8793
8793 3319 4564
14395 3351 5278
3351 5278 14395
5278 3351 14395
451 774 4365
4365 451 774
774 451 4365
13135 5085 6403
5085 6403 13135
6403 5085 13135
12909 1379 13390
13390 1379 12909
1379 12909 13390
3870 9130 10706
10706 3870 9130
9130 3870 10706
2315 1157 12127
1157 2315 12127
12127 1157 2315
10372 395 14360
395 10372 14360
14360 395 10372
9643 6663 9043
9043 6663 9643
6663 9043 9643
10921 10337 14858
14858 10337 10921
10337 10921 14858
9594 4586 7909
7909 4586 9594
4586 7909 9594
1208 1835 3534
1835 1208 3534
3534 1208 1835
11642 6568 12472
12472 6568 11642
6568 11642 12472
5809 11386 14590
14590 5809 11386
11386 5809 14590
7754 3480 4074
3480 4074 7754
4074 3480 7754
801 6187 14128
6187 801 14128
14128 801 6187
9138 5965 13263
13263 5965 9138
5965 9138 13263
1913 6699 12557
6699 1913 12557
12557 1913 6699
13787 9355 12252
12252 9355 13787
9355 12252 13787
4220 13674 13893
13674 4220 13893
13893 4220 13674
245 1875 2495
2495 245 1875
1875 245 2495
9742 6048 14675
6048 9742 14675
14675 6048 9742
11358 3881 6230
3881 6230 11358
6230 3881 11358
14142 8193 13583
13583 8193 14142
8193 13583 14142
3371 7362 7625
7362 3371 7625
7625 3371 7362
10059 4161 5512
5512 4161 10059
4161 5512 10059
3366 353 14974
14974 353 3366
353 3366 14974
10926 9219 10678
10678 9219 10926
9219 10678 10926
13559 2092 3095
3095 2092 13559
2092 3095 13559
13824 1540 9920
9920 1540 13824
1540 9920 13824
2149 4038 5227
5227 2149 4038
4038 2149 5227
14363 775 14985
14985 775 14363
775 14363 14985
1500 2313 10997
10997 1500 2313
2313 1500 10997
7873 2157 13697
2157 7873 13697
13697 2157 7873
7883 1243 7361
7361 1243 7883
1243 7361 7883
285 10244 13541
10244 285 13541
13541 285 10244
1414 311 11788
311 1414 11788
11788 311 1414
11044 4700 7041
4700 7041 11044
7041 4700 11044
2589 5206 13206
5206 2589 13206
13206 2589 5206
2933 2636 11154
2636 2933 11154
11154 2636 2933
12757 1006 7404
1006 7404 12757
7404 1006 12757
8543 2644 4739
4739 2644 8543
2644 4739 8543
3953 14614 14930
14614 3953 14930
14930 3953 14614
10755 8649 13707
8649 10755 13707
13707 8649 10755
7093 9262 10990
9262 7093 10990
10990 7093 9262
3112 8968 11125
8968 3112 11125
11125 3112 8968
11663 4579 6893
6893 4579 11663
4579 6893 11663
11985 6053 9832
9832 6053 11985
6053 9832 11985
1331 2905 12879
2905 1331 12879
12879 1331 2905
7806 9721 13861
9721 7806 13861
13861 7806 9721
13896 4968 14980
14980 4968 13896
4968 13896 14980
10139 156 2866
156 2866 10139
2866 156 10139
12504 13005 13078
13078 12504 13005
13005 12504 13078
3552 2197 9966
2197 3552 9966
9966 2197 3552
7233 2599 6712
6712 2599 7233
2599 6712 7233
8337 2115 7078
7078 2115 8337
2115 7078 8337
12936 7553 13191
7553 12936 13191
13191 7553 12936
10556 6661 12378
12378 6661 10556
6661 10556 12378
2098 12467 13983
13983 2098 12467
12467 2098 13983
8284 8119 14375
8119 8284 14375
14375 8119 8284
13650 9460 12921
9460 12921 13650
12921 9460 13650
9886 5654 12952
5654 9886 12952
12952 5654 9886
973 4549 11396
4549 973 11396
11396 973 4549
13160 6474 8883
8883 6474 13160
6474 8883 13160
8881 6417 10952
6417 8881 10952
10952 6417 8881
267 9255 14408
14408 267 9255
9255 267 14408
462 974 8154
974 462 8154
8154 462 974
578 3577 8223
3577 578 8223
8223 578 3577
3359 1588 2170
1588 2170 3359
2170 1588 3359
797 4918 14539
14539 797 4918
4918 797 14539
1353 3200 7357
3200 1353 7357
7357 1353 3200
12152 6209 10781
6209 10781 12152
10781 6209 12152
8515 4889 6274
4889 6274 8515
6274 4889 8515
1689 8846 9882
8846 1689 9882
9882 1689 8846
7479 2168 12454
12454 2168 7479
2168 7479 12454
5456 9858 11351
9858 5456 11351
11351 5456 9858
12463 1595 9837
1595 9837 12463
9837 1595 12463
5744 9945 12803
12803 5744 9945
9945 5744 12803
14055 5804 10037
5804 10037 14055
10037 5804 14055
2786 428 2020
2020 428 2786
428 2020 2786
4624 11049 12979
11049 4624 12979
12979 4624 11049
8756 1879 3598
3598 1879 8756
1879 3598 8756
8039 8617 13080
13080 8039 8617
8617 8039 13080
4402 2011 9157
9157 2011 4402
2011 4402 9157
13576 4673 14002
14002 4673 13576
4673 13576 14002
12138 7085 13765
13765 7085 12138
7085 12138 13765
5889 1191 7915
7915 1191 5889
1191 5889 7915
2885 2899 5792
2899 2885 5792
5792 2885 2899
5886 1394 1919
1394 1919 5886
1919 1394 5886
6557 7193 13458
7193 6557 13458
13458 6557 7193
4575 4128 10838
10838 4128 4575
4128 4575 10838
11846 7287 11436
11436 7287 11846
7287 11436 11846
9525 8863 14225
8863 9525 14225
14225 8863 9525
10016 2765 10931
2765 10016 10931
10931 2765 10016
4187 13539 14496
13539 4187 14496
14496 4187 13539
10971 2381 10707
10707 2381 10971
2381 10707 10971
5875 661 3069
661 3069 5875
3069 661 5875
12996 2736 7651
7651 2736 12996
2736 7651 12996
2034 6123 13070
6123 2034 13070
13070 2034 6123
2322 9383 11668
11668 2322 9383
9383 2322 11668
6993 4528 4878
4528 4878 6993
4878 4528 6993
10797 5650 10722
5650 10722 10797
10722 5650 10797
5055 6120 6464
6464 5055 6120
6120 5055 6464
5715 3986 12894
3986 5715 12894
12894 3986 5715
4018 12981 13626
13626 4018 12981
12981 4018 13626
10957 4316 8448
8448 4316 10957
4316 8448 10957
11226 554 7955
554 7955 11226
7955 554 11226
3053 4304 14844
14844 3053 4304
4304 3053 14844
8935 1957 4711
4711 1957 8935
1957 4711 8935
6079 10982 13043
13043 6079 10982
10982 6079 13043
2288 1242 3245
1242 2288 3245
3245 1242 2288
8403 446 7069
7069 446 8403
446 7069 8403
9722 5372 7588
7588 5372 9722
5372 7588 9722
14218 10771 12628
12628 10771 14218
10771 12628 14218
3490 11130 12675
11130 3490 12675
12675 3490 11130
10164 5772 10074
10074 5772 10164
5772 10074 10164
10572 640 12937
12937 640 10572
640 10572 12937
5473 12196 14274
12196 5473 14274
14274 5473 12196
8845 12905 13358
13358 8845 12905
12905 8845 13358
5810 7673 9846
7673 5810 9846
9846 5810 7673
884 467 7149
7149 467 884
467 884 7149
11297 3940 13984
13984 3940 11297
3940 11297 13984
4338 4860 5114
5114 4338 4860
4860 4338 5114
3585 1068 1564
1564 1068 3585
1068 1564 3585
7331 10141 13018
13018 7331 10141
10141 7331 13018
1166 7867 13911
13911 1166 7867
7867 1166 13911
11418 6392 9456
6392 9456 11418
9456 6392 11418
5583 83 6966
83 5583 6966
6966 83 5583
1800 6166 6559
6559 1800 6166
6166 1800 6559
6046 509 13874
13874 509 6046
509 6046 13874
4350 8650 8694
8694 4350 8650
8650 4350 8694
14989 8480 8917
8480 8917 14989
8917 8480 14989
562 6979 8317
6979 562 8317
8317 562 6979
4563 9384 12573
9384 4563 12573
12573 4563 9384
1499 6593 9771
9771 1499 6593
6593 1499 9771
1100 5640 6337
6337 1100 5640
5640 1100 6337
12189 6612 8089
6612 8089 12189
8089 6612 12189
5530 5977 6060
6060 5530 5977
5977 5530 6060
5013 9878 14876
14876 5013 9878
9878 5013 14876
10856 4536 14864
4536 10856 14864
14864 4536 10856
9158 1685 5066
1685 5066 9158
5066 1685 9158
13526 6541 7143
7143 6541 13526
6541 7143 13526
12057 3664 8722
3664 8722 12057
8722 3664 12057
12906 4330 10899
4330 10899 12906
10899 4330 12906
9121 4202 13041
13041 4202 9121
4202 9121 13041
369 4035 13622
13622 369 4035
4035 369 13622
14715 66 986
66 986 14715
986 66 14715
12419 7276 8155
7276 8155 12419
8155 7276 12419
5458 7429 14109
14109 5458 7429
7429 5458 14109
10945 744 9264
744 9264 10945
9264 744 10945
2397 4601 13715
4601 2397 13715
13715 2397 4601
1528 6792 7981
6792 1528 7981
7981 1528 6792
315 190 1113
190 315 1113
1113 190 315
10846 2126 8210
2126 8210 10846
8210 2126 10846
1736 4735 13608
4735 1736 13608
13608 1736 4735
9509 11074 12731
12731 9509 11074
11074 9509 12731
9756 2824 13063
13063 2824 9756
2824 9756 13063
10457 10189 13222
10189 10457 13222
13222 10189 10457
6894 2138 4259
4259 2138 6894
2138 4259 6894
3685 196 3078
3078 196 3685
196 3078 3685
1646 260 8361
260 1646 8361
8361 260 1646
7880 4254 7769
4254 7769 7880
7769 4254 7880
9650 5879 14208
5879 9650 14208
14208 5879 9650
10992 5850 7559
5850 7559 10992
7559 5850 10992
12495 3816 3998
3998 3816 12495
3816 3998 12495
5723 4747 9474
4747 5723 9474
9474 4747 5723
6535 12594 13230
12594 6535 13230
13230 6535 12594
13729 3526 9664
3526 9664 13729
9664 3526 13729
6590 2203 5891
2203 5891 6590
5891 2203 6590
14473 13582 14747
13582 14473 14747
14747 13582 14473
13150 527 13433
527 13150 13433
13433 527 13150
10554 10969 14637
10969 10554 14637
14637 10554 10969
14301 1101 3795
3795 1101 14301
1101 3795 14301
8805 6678 14099
6678 8805 14099
14099 6678 8805
3131 6054 10996
6054 3131 10996
10996 3131 6054
14243 4005 13503
4005 13503 14243
13503 4005 14243
4769 6009 7020
7020 4769 6009
6009 4769 7020
9542 1317 8873
8873 1317 9542
1317 8873 9542
13329 7096 13573
7096 13329 13573
13573 7096 13329
4646 5154 8884
5154 4646 8884
8884 4646 5154
1933 6916 13391
6916 1933 13391
13391 1933 6916
4719 967 10629
10629 967 4719
967 4719 10629
8445 4070 7884
7884 4070 8445
4070 7884 8445
3587 8733 11971
11971 3587 8733
8733 3587 11971
853 1617 8949
1617 853 8949
8949 853 1617
10107 10948 13695
10948 10107 13695
13695 10107 10948
1462 9149 12599
12599 1462 9149
9149 1462 12599
13039 8562 14324
8562 13039 14324
14324 8562 13039
1269 4412 5515
4412 1269 5515
5515 1269 4412
1311 7775 7940
7775 1311 7940
7940 1311 7775
3251 6863 10942
10942 3251 6863
6863 3251 10942
4261 7066 7368
7368 4261 7066
7066 4261 7368
12927 2517 3206
3206 2517 12927
2517 3206 12927
14485 10778 11455
11455 10778 14485
10778 11455 14485
14589 1716 5481
1716 5481 14589
5481 1716 14589
12299 6646 13046
13046 6646 12299
6646 12299 13046
10212 6790 13083
6790 10212 13083
13083 6790 10212
2974 3588 10744
3588 2974 10744
10744 2974 3588
3043 759 5376
5376 759 3043
759 3043 5376
3024 8758 11900
11900 3024 8758
8758 3024 11900
14788 960 9606
9606 960 14788
960 9606 14788
4279 2369 4217
4217 2369 4279
2369 4217 4279
7825 6703 12425
12425 6703 7825
6703 7825 12425
6862 4661 14787
4661 6862 14787
14787 4661 6862
7658 8668 11399
11399 7658 8668
8668 7658 11399
10022 12720 12962
12720 10022 12962
12962 10022 12720
8618 5556 6871
6871 5556 8618
5556 6871 8618
323 2417 11890
2417 323 11890
11890 323 2417
5108 1298 8320
1298 5108 8320
8320 1298 5108
12568 4040 12269
4040 12269 12568
12269 4040 12568
12397 1845 3701
3701 1845 12397
1845 3701 12397
7381 3380 4250
3380 4250 7381
4250 3380 7381
5827 1195 8179
8179 1195 5827
1195 5827 8179
12157 393 10377
10377 393 12157
393 10377 12157
2464 3665 14312
14312 2464 3665
3665 2464 14312
1233 6867 10854
10854 1233 6867
6867 1233 10854
1838 8541 9732
8541 1838 9732
9732 1838 8541
4734 2540 10270
2540 4734 10270
10270 2540 4734
14769 8013 9155
9155 8013 14769
8013 9155 14769
12233 5360 7543
5360 7543 12233
7543 5360 12233
504 755 10652
755 504 10652
10652 504 755
14563 3508 8946
8946 3508 14563
3508 8946 14563
11917 4089 8599
8599 4089 11917
4089 8599 11917
4705 9378 11013
9378 4705 11013
11013 4705 9378
8175 12072 14054
12072 8175 14054
14054 8175 12072
10796 7958 9126
7958 9126 10796
9126 7958 10796
3548 4449 6641
6641 3548 4449
4449 3548 6641
2577 9135 9826
9826 2577 9135
9135 2577 9826
630 8113 14736
14736 630 8113
8113 630 14736
12251 3056 13723
13723 3056 12251
3056 12251 13723
9241 4407 9304
4407 9241 9304
9304 4407 9241
5587 4221 4550
4550 4221 5587
4221 4550 5587
12272 391 14079
391 12272 14079
14079 391 12272
12783 1523 14038
1523 12783 14038
14038 1523 12783
14588 5533 12728
5533 12728 14588
12728 5533 14588
2648 472 4713
472 2648 4713
4713 472 2648
6627 5657 13575
5657 6627 13575
13575 5657 6627
6260 6036 6861
6036 6260 6861
6861 6036 6260
11437 1785 8680
8680 1785 11437
1785 8680 11437
1518 3205 11544
11544 1518 3205
3205 1518 11544
3453 4403 9220
4403 3453 9220
9220 3453 4403
14258 3395 3713
3713 3395 14258
3395 3713 14258
16 4364 11974
4364 16 11974
11974 16 4364
6799 7306 12466
7306 6799 12466
12466 6799 7306
4932 5077 9395
9395 4932 5077
5077 4932 9395
2995 153 7455
153 2995 7455
7455 153 2995
6833 5746 10203
10203 5746 6833
5746 6833 10203
8996 4320 6171
6171 4320 8996
4320 6171 8996
6503 10877 14790
14790 6503 10877
10877 6503 14790
1773 6391 7604
6391 1773 7604
7604 1773 6391
6098 9057 9603
9057 6098 9603
9603 6098 9057
2583 5261 10151
10151 2583 5261
5261 2583 10151
7843 1013 11859
11859 1013 7843
1013 7843 11859
11980 9723 12155
12155 9723 11980
9723 11980 12155
8682 5811 10418
10418 5811 8682
5811 8682 10418
8991 5864 13491
13491 5864 8991
5864 8991 13491
9899 559 1321
1321 559 9899
559 1321 9899
4560 7262 10061
7262 4560 10061
10061 4560 7262
2146 3576 7817
3576 2146 7817
7817 2146 3576
8774 7771 10041
10041 7771 8774
7771 8774 10041
636 10283 14376
10283 636 14376
14376 636 10283
6794 2781 5084
2781 5084 6794
5084 2781 6794
9468 1107 9860
1107 9468 9860
9860 1107 9468
12953 9689 12197
12197 9689 12953
9689 12197 12953
8332 11803 14417
11803 8332 14417
14417 8332 11803
10169 9553 11932
9553 10169 11932
11932 9553 10169
667 783 12784
783 667 12784
12784 667 783
10950 335 1688
335 1688 10950
1688 335 10950
4882 6528 6626
6528 4882 6626
6626 4882 6528
2120 5080 12447
5080 2120 12447
12447 2120 5080
8088 1847 3506
3506 1847 8088
1847 3506 8088
11922 1141 7965
7965 1141 11922
1141 7965 11922
2761 6649 14130
6649 2761 14130
14130 2761 6649
9344 12270 14857
12270 9344 14857
14857 9344 12270
217 11504 11885
11885 217 11504
11504 217 11885
8327 1372 14076
14076 1372 8327
1372 8327 14076
14850 514 7851
7851 514 14850
514 7851 14850
3124 2196 2746
2746 2196 3124
2196 2746 3124
10767 10048 11248
10048 10767 11248
11248 10048 10767
8095 3811 14373
3811 8095 14373
14373 3811 8095
10493 3757 13037
13037 3757 10493
3757 10493 13037
9128 9238 13807
9238 9128 13807
13807 9128 9238
10700 170 8745
170 8745 10700
8745 170 10700
3210 3098 10428
10428 3098 3210
3098 3210 10428
1730 3066 13500
13500 1730 3066
3066 1730 13500
1318 4832 10234
4832 1318 10234
10234 1318 4832
11740 271 7846
7846 271 11740
271 7846 11740
2188 3764 14066
3764 2188 14066
14066 2188 3764
1857 11766 12206
12206 1857 11766
11766 1857 12206
11073 4814 10214
4814 10214 11073
10214 4814 11073
12531 7710 10242
10242 7710 12531
7710 10242 12531
10646 3535 12308
12308 3535 10646
3535 10646 12308
12348 3747 10857
3747 10857 12348
10857 3747 12348
10711 11883 14786
11883 10711 14786
14786 10711 11883
12537 1336 5947
5947 1336 12537
1336 5947 12537
11249 51 861
861 51 11249
51 861 11249
12794 7471 12280
12280 7471 12794
7471 12280 12794
10640 3924 14443
3924 10640 14443
14443 3924 10640
1507 2656 7714
7714 1507 2656
2656 1507 7714
8560 3417 9610
3417 8560 9610
9610 3417 8560
3514 7607 12200
7607 3514 12200
12200 3514 7607
12113 13520 14479
13520 12113 14479
14479 12113 13520
918 3462 14498
3462 918 14498
14498 918 3462
7929 2884 9666
9666 2884 7929
2884 7929 9666
11424 409 1066
409 1066 11424
1066 409 11424
8955 3209 3909
3909 3209 8955
3209 3909 8955
2673 7859 12656
7859 2673 12656
12656 2673 7859
12689 2616 13312
2616 12689 13312
13312 2616 12689
12093 8771 8825
8771 8825 12093
8825 8771 12093
179 1554 14222
1554 179 14222
14222 179 1554
321 143 10496
143 321 10496
10496 143 321
10427 163 3287
163 3287 10427
3287 163 10427
12412 14047 14830
14047 12412 14830
14830 12412 14047
2534 3300 12756
3300 2534 12756
12756 2534 3300
12286 800 1941
1941 800 12286
800 1941 12286
12525 5487 13170
5487 12525 13170
13170 5487 12525
1335 5167 9576
5167 1335 9576
9576 1335 5167
12258 3872 8282
3872 8282 12258
8282 3872 12258
10558 1817 13280
13280 1817 10558
1817 10558 13280
5479 2865 8407
8407 2865 5479
2865 5479 8407
9303 6077 10281
10281 6077 9303
6077 9303 10281
6980 4482 9824
4482 6980 9824
9824 4482 6980
12954 9253 12171
12171 9253 12954
9253 12171 12954
2318 1544 6824
6824 1544 2318
1544 2318 6824
7107 7297 9179
9179 7107 7297
7297 7107 9179
2515 4427 11382
11382 2515 4427
4427 2515 11382
10692 2825 5472
5472 2825 10692
2825 5472 10692
4006 75 6137
75 4006 6137
6137 75 4006
9246 5988 11655
5988 9246 11655
11655 5988 9246
1620 2868 8139
2868 1620 8139
8139 1620 2868
10006 1558 8605
1558 8605 10006
8605 1558 10006
8885 4513 5250
4513 5250 8885
5250 4513 8885
1520 8301 8421
8421 1520 8301
8301 1520 8421
2836 4857 6311
6311 2836 4857
4857 2836 6311
3920 2754 10585
10585 2754 3920
2754 3920 10585
14546 10023 14367
14367 10023 14546
10023 14367 14546
720 3594 3868
3868 720 3594
3594 720 3868
1881 8588 9417
9417 1881 8588
8588 1881 9417
14161 3208 9657
3208 9657 14161
9657 3208 14161
5839 8561 14854
14854 5839 8561
8561 5839 14854
4682 4879 8956
8956 4682 4879
4879 4682 8956
1579 6874 14658
14658 1579 6874
6874 1579 14658
221 519 10621
10621 221 519
519 221 10621
4992 1978 12853
1978 4992 12853
12853 1978 4992
12959 698 3763
3763 698 12959
698 3763 12959
8214 13739 14205
14205 8214 13739
13739 8214 14205
5699 2727 9247
9247 2727 5699
2727 5699 9247
2584 8093 14197
8093 2584 14197
14197 2584 8093
8051 5993 6297
5993 6297 8051
6297 5993 8051
5229 13591 14768
13591 5229 14768
14768 5229 13591
10688 1917 12532
12532 1917 10688
1917 10688 12532
984 8738 13271
8738 984 13271
13271 984 8738
8546 3433 3623
3433 3623 8546
3623 3433 8546
13862 11020 12770
11020 12770 13862
12770 11020 13862
3168 2763 10071
2763 3168 10071
10071 2763 3168
8637 6758 11448
6758 8637 11448
11448 6758 8637
8502 9498 12459
9498 8502 12459
12459 8502 9498
7789 5412 8890
5412 7789 8890
8890 5412 7789
6004 1943 5394
1943 5394 6004
5394 1943 6004
4824 8747 11227
8747 4824 11227
11227 4824 8747
13684 6701 6707
6707 6701 13684
6701 6707 13684
4415 1582 12889
12889 1582 4415
1582 4415 12889
11144 10393 13011
13011 10393 11144
10393 11144 13011
1 6684 10870
6684 1 10870
10870 1 6684
5452 9613 12580
9613 5452 12580
12580 5452 9613
8992 1929 5182
1929 5182 8992
5182 1929 8992
8705 5428 12133
12133 5428 8705
5428 8705 12133
13853 5168 13059
13059 5168 13853
5168 13059 13853
13350 11066 12082
12082 11066 13350
11066 12082 13350
14442 8133 10156
8133 10156 14442
10156 8133 14442
12491 2707 9125
9125 2707 12491
2707 9125 12491
2130 7201 14147
7201 2130 14147
14147 2130 7201
1814 2916 12910
12910 1814 2916
2916 1814 12910
14971 11939 13308
13308 11939 14971
11939 13308 14971
12691 10543 11231
10543 11231 12691
11231 10543 12691
2749 12423 14352
14352 2749 12423
12423 2749 14352
2163 4443 10727
4443 2163 10727
10727 2163 4443
9885 5753 9136
5753 9136 9885
9136 5753 9885
4875 289 6638
289 4875 6638
6638 289 4875
4119 8690 8941
8690 4119 8941
8941 4119 8690
2466 7475 11178
11178 2466 7475
7475 2466 11178
7080 13471 14195
14195 7080 13471
13471 7080 14195
13100 4419 6677
4419 6677 13100
6677 4419 13100
10034 312 7980
312 7980 10034
7980 312 10034
13767 157 13328
13328 157 13767
157 13328 13767
14317 1277 6813
1277 6813 14317
6813 1277 14317
7048 1197 6013
6013 1197 7048
1197 6013 7048
7563 10278 13295
10278 7563 13295
13295 7563 10278
8767 1900 6831
6831 1900 8767
1900 6831 8767
6233 9160 9434
9160 6233 9434
9434 6233 9160
5980 7618 12198
7618 5980 12198
12198 5980 7618
8297 7335 10745
10745 7335 8297
7335 8297 10745
13511 112 10883
10883 112 13511
112 10883 13511
11336 5793 12501
12501 5793 11336
5793 11336 12501
10769 693 7826
7826 693 10769
693 7826 10769
11793 4366 5540
4366 5540 11793
5540 4366 11793
6105 3807 11999
11999 3807 6105
3807 6105 11999
6982 9024 11310
9024 6982 11310
11310 6982 9024
12437 3285 13414
3285 12437 13414
13414 3285 12437
1563 3752 8335
8335 1563 3752
3752 1563 8335
10586 1180 6774
1180 6774 10586
6774 1180 10586
9552 9381 11633
11633 9381 9552
9381 9552 11633
303 685 2414
685 303 2414
2414 303 685
1890 6059 6426
6426 1890 6059
6059 1890 6426
2860 7290 14351
7290 2860 14351
14351 2860 7290
12900 12736 14016
12736 12900 14016
14016 12736 12900
7289 5464 7301
7301 5464 7289
5464 7289 7301
8983 10351 14482
10351 8983 14482
14482 8983 10351
9864 5494 11048
5494 9864 11048
11048 5494 9864
8097 3765 4400
4400 3765 8097
3765 4400 8097
537 9390 14070
14070 537 9390
9390 537 14070
2858 9081 11937
9081 2858 11937
11937 2858 9081
12818 949 2898
949 2898 12818
2898 949 12818
7487 1268 7180
1268 7180 7487
7180 1268 7487
13359 3253 8720
8720 3253 13359
3253 8720 13359
12188 11820 13567
11820 12188 13567
13567 11820 12188
4763 8477 12578
12578 4763 8477
8477 4763 12578
12040 4751 7028
4751 7028 12040
7028 4751 12040
13344 9663 12004
9663 12004 13344
12004 9663 13344
8456 36 8961
36 8456 8961
8961 36 8456
6156 1539 4158
4158 1539 6156
1539 4158 6156
9668 4313 14483
4313 9668 14483
14483 4313 9668
1344 3358 5943
3358 1344 5943
5943 1344 3358
2619 4998 11555
11555 2619 4998
4998 2619 11555
7790 4848 12555
12555 4848 7790
4848 7790 12555
12777 8583 13388
8583 12777 13388
13388 8583 12777
9093 2083 8965
8965 2083 9093
2083 8965 9093
12409 941 4647
941 4647 12409
4647 941 12409
14623 2257 14456
2257 14456 14623
14456 2257 14623
4226 6854 9679
9679 4226 6854
6854 4226 9679
665 3668 5999
5999 665 3668
3668 665 5999
7785 764 11105
764 7785 11105
11105 764 7785
8440 3536 4147
3536 4147 8440
4147 3536 8440
10528 6998 10035
10035 6998 10528
6998 10035 10528
7012 1983 11513
11513 1983 7012
1983 7012 11513
12115 7566 11238
11238 7566 12115
7566 11238 12115
8829 4373 7140
7140 4373 8829
4373 7140 8829
7574 3962 14337
3962 7574 14337
14337 3962 7574
795 1404 2460
2460 795 1404
1404 795 2460
7424 31 6074
6074 31 7424
31 6074 7424
10970 11429 12281
11429 10970 12281
12281 10970 11429
11639 11734 12044
12044 11639 11734
11734 11639 12044
9221 11760 12899
12899 9221 11760
11760 9221 12899
13293 13119 13516
13516 13119 13293
13119 13293 13516
9692 7535 12406
12406 7535 9692
7535 9692 12406
11931 6776 13278
6776 11931 13278
13278 6776 11931
376 1246 4675
1246 376 4675
4675 376 1246
