121173 39891 121254
39891 121173 121254
121254 39891 121173
146270 45904 134195
45904 134195 146270
134195 45904 146270
21604 21964 141630
21964 21604 141630
141630 21604 21964
89435 14329 54982
14329 54982 89435
54982 14329 89435
70913 39974 148168
148168 39974 70913
39974 70913 148168
48422 17650 66159
66159 17650 48422
17650 48422 66159
107737 70565 138296
138296 70565 107737
70565 107737 138296
28864 32107 59771
59771 28864 32107
32107 28864 59771
33965 24917 71185
71185 24917 33965
24917 33965 71185
105442 71304 141145
71304 105442 141145
141145 71304 105442
72378 54090 141961
141961 54090 72378
54090 72378 141961
14039 42929 70863
42929 14039 70863
70863 14039 42929
44589 39923 126030
39923 44589 126030
126030 39923 44589
100738 40783 98036
40783 98036 100738
98036 40783 100738
136109 117391 130000
117391 130000 136109
130000 117391 136109
88662 100609 110142
100609 88662 110142
110142 88662 100609
113794 50944 112053
112053 50944 113794
50944 112053 113794
61851 34917 110014
110014 34917 61851
34917 61851 110014
30362 12869 53110
12869 30362 53110
53110 12869 30362
72729 22321 98319
98319 22321 72729
22321 72729 98319
71438 73709 75522
75522 71438 73709
73709 71438 75522
18160 13016 123590
123590 13016 18160
13016 18160 123590
132390 47850 126432
126432 47850 132390
47850 126432 132390
6816 15137 60488
60488 6816 15137
15137 6816 60488
92665 10527 147557
147557 10527 92665
10527 92665 147557
80885 54796 146420
146420 54796 80885
54796 80885 146420
133745 110002 127142
127142 110002 133745
110002 127142 133745
63963 30057 93676
93676 30057 63963
30057 63963 93676
131834 19183 53397
19183 53397 131834
53397 19183 131834
133998 133043 146327
146327 133043 133998
133043 133998 146327
120038 100548 133669
133669 100548 120038
100548 120038 133669
143117 101913 114780
114780 101913 143117
101913 114780 143117
40186 76139 98875
98875 40186 76139
76139 40186 98875
86626 16142 41053
16142 41053 86626
41053 16142 86626
135071 121535 123341
121535 123341 135071
123341 121535 135071
77170 2042 38426
2042 38426 77170
38426 2042 77170
69442 3451 3997
3451 3997 69442
3997 3451 69442
47388 24754 143751
143751 24754 47388
24754 47388 143751
24235 88174 95947
88174 24235 95947
95947 24235 88174
118814 47344 68265
47344 68265 118814
68265 47344 118814
147562 34237 135520
135520 34237 147562
34237 135520 147562
62674 23504 62316
62316 23504 62674
23504 62316 62674
114577 38178 149647
149647 38178 114577
38178 114577 149647
134615 8268 84500
8268 84500 134615
84500 8268 134615
121105 69783 132095
69783 121105 132095
132095 69783 121105
120568 90311 149259
90311 120568 149259
149259 90311 120568
3395 106839 118542
118542 3395 106839
106839 3395 118542
87023 41889 80929
41889 80929 87023
80929 41889 87023
122425 119912 149317
119912 122425 149317
149317 119912 122425
147604 6255 71544
6255 71544 147604
71544 6255 147604
138899 106752 115624
115624 106752 138899
106752 115624 138899
124247 364 125053
125053 364 124247
364 124247 125053
146500 94994 123299
94994 123299 146500
123299 94994 146500
10157 26379 122142
122142 10157 26379
26379 10157 122142
115174 4550 4943
4943 4550 115174
4550 4943 115174
39047 86910 143391
86910 39047 143391
143391 39047 86910
67174 80542 118901
118901 67174 80542
80542 67174 118901
17502 34781 92769
34781 17502 92769
92769 17502 34781
125861 37737 146179
37737 125861 146179
146179 37737 125861
89016 28411 103684
28411 89016 103684
103684 28411 89016
110688 68548 106380
68548 106380 110688
106380 68548 110688
57690 54863 81584
81584 54863 57690
54863 57690 81584
110758 39035 107832
39035 107832 110758
107832 39035 110758
50111 124646 142839
142839 50111 124646
124646 50111 142839
9795 26226 44513
44513 9795 26226
26226 9795 44513
65745 4711 80450
4711 65745 80450
80450 4711 65745
14715 22667 25084
22667 14715 25084
25084 14715 22667
32082 77091 96667
77091 32082 96667
96667 32082 77091
140749 64311 105544
105544 64311 140749
64311 105544 140749
72392 84084 140165
140165 72392 84084
84084 72392 140165
61010 63938 148260
148260 61010 63938
63938 61010 148260
90828 40916 56127
56127 40916 90828
40916 56127 90828
45913 70572 110767
110767 45913 70572
70572 45913 110767
18376 65755 116937
65755 18376 116937
116937 18376 65755
70380 22658 39539
39539 22658 70380
22658 39539 70380
122599 24880 134668
134668 24880 122599
24880 122599 134668
6849 2810 111038
2810 6849 111038
111038 2810 6849
12673 47380 74872
74872 12673 47380
47380 12673 74872
114121 78045 79344
78045 79344 114121
79344 78045 114121
146524 34158 37082
34158 37082 146524
37082 34158 146524
117351 102192 106494
106494 102192 117351
102192 106494 117351
11783 36417 139378
36417 11783 139378
139378 11783 36417
50717 31903 60269
60269 31903 50717
31903 50717 60269
87331 61652 68833
68833 61652 87331
61652 68833 87331
12131 2206 98714
2206 12131 98714
98714 2206 12131
3856 68084 76400
76400 3856 68084
68084 3856 76400
99346 28175 46057
28175 46057 99346
46057 28175 99346
103762 90575 146569
146569 90575 103762
90575 103762 146569
146072 14502 109144
14502 109144 146072
109144 14502 146072
88699 67119 135398
135398 67119 88699
67119 88699 135398
75663 611 37491
37491 611 75663
611 37491 75663
42426 10316 136718
10316 42426 136718
136718 10316 42426
120454 102457 143705
102457 120454 143705
143705 102457 120454
76815 41618 149468
41618 76815 149468
149468 41618 76815
52058 120624 135982
135982 52058 120624
120624 52058 135982
145422 84742 104417
104417 84742 145422
84742 104417 145422
119889 15075 57405
57405 15075 119889
15075 57405 119889
80772 111114 142210
111114 80772 142210
142210 80772 111114
12323 33021 46998
33021 12323 46998
46998 12323 33021
25711 60279 85001
85001 25711 60279
60279 25711 85001
3495 106538 138205
138205 3495 106538
106538 3495 138205
97621 65286 79228
65286 79228 97621
79228 65286 97621
101505 59436 92504
59436 92504 101505
92504 59436 101505
50497 47608 70461
70461 47608 50497
47608 50497 70461
86124 10960 65403
65403 10960 86124
10960 65403 86124
38129 140904 144107
144107 38129 140904
140904 38129 144107
33941 23751 60400
23751 33941 60400
60400 23751 33941
12715 63164 70082
70082 12715 63164
63164 12715 70082
54797 97889 134583
97889 54797 134583
134583 54797 97889
44763 20531 60036
60036 20531 44763
20531 44763 60036
95906 37379 41905
37379 41905 95906
41905 37379 95906
141434 90598 132042
90598 132042 141434
132042 90598 141434
28534 12846 128309
12846 28534 128309
128309 12846 28534
58146 76616 85823
76616 58146 85823
85823 58146 76616
2542 6761 81505
81505 2542 6761
6761 2542 81505
94666 4246 85732
85732 4246 94666
4246 85732 94666
46525 12983 47125
47125 12983 46525
12983 46525 47125
68927 44037 49690
49690 44037 68927
44037 49690 68927
98203 119191 143149
119191 98203 143149
143149 98203 119191
81047 69674 127192
69674 81047 127192
127192 69674 81047
2936 53998 129281
129281 2936 53998
53998 2936 129281
97695 13800 98842
13800 97695 98842
98842 13800 97695
16054 22578 30005
22578 16054 30005
30005 16054 22578
52649 58945 65862
58945 52649 65862
65862 52649 58945
86406 127162 142489
127162 86406 142489
142489 86406 127162
4955 19101 91343
19101 4955 91343
91343 4955 19101
52938 61199 107164
61199 52938 107164
107164 52938 61199
61726 21531 71667
21531 61726 71667
71667 21531 61726
136835 24542 31756
31756 24542 136835
24542 31756 136835
114596 82950 141236
141236 82950 114596
82950 114596 141236
36642 38552 112356
112356 36642 38552
38552 36642 112356
105901 48852 51626
48852 51626 105901
51626 48852 105901
144497 55470 57287
55470 57287 144497
57287 55470 144497
124582 52264 109430
52264 109430 124582
109430 52264 124582
66396 4681 55859
55859 4681 66396
4681 55859 66396
63086 8676 16818
16818 8676 63086
8676 16818 63086
11538 80573 139300
80573 11538 139300
139300 11538 80573
56112 55070 70786
70786 55070 56112
55070 56112 70786
45799 103312 110534
110534 45799 103312
103312 45799 110534
146424 73983 102480
102480 73983 146424
73983 102480 146424
106156 28086 102967
28086 102967 106156
102967 28086 106156
16011 39459 56178
56178 16011 39459
39459 16011 56178
32213 61045 139223
139223 32213 61045
61045 32213 139223
63801 57344 102914
57344 63801 102914
102914 57344 63801
105648 4606 35388
4606 35388 105648
35388 4606 105648
12517 27895 82141
27895 12517 82141
82141 12517 27895
106774 6112 71966
6112 71966 106774
71966 6112 106774
50370 70377 73185
70377 50370 73185
73185 50370 70377
5906 19316 112749
112749 5906 19316
19316 5906 112749
90027 26009 129076
26009 90027 129076
129076 26009 90027
76185 46348 93895
93895 46348 76185
46348 76185 93895
119142 26370 121140
26370 119142 121140
121140 26370 119142
59677 82040 132022
82040 59677 132022
132022 59677 82040
90698 93281 147615
147615 90698 93281
93281 90698 147615
113507 124253 128481
128481 113507 124253
124253 113507 128481
137226 12373 87995
12373 87995 137226
87995 12373 137226
1459 34145 73761
34145 1459 73761
73761 1459 34145
9853 18589 34299
34299 9853 18589
18589 9853 34299
56334 13499 23135
13499 23135 56334
23135 13499 56334
71864 18120 119498
119498 18120 71864
18120 71864 119498
86309 41767 125635
41767 86309 125635
125635 41767 86309
92571 11235 45938
45938 11235 92571
11235 45938 92571
101152 29971 63042
29971 63042 101152
63042 29971 101152
148275 57376 141388
141388 57376 148275
57376 141388 148275
78938 4048 146502
146502 4048 78938
4048 78938 146502
125321 28561 100452
28561 100452 125321
100452 28561 125321
66989 10767 83980
10767 66989 83980
83980 10767 66989
106440 4351 71088
4351 71088 106440
71088 4351 106440
21206 66607 78219
78219 21206 66607
66607 21206 78219
27882 31602 78256
31602 27882 78256
78256 27882 31602
82943 29444 51146
51146 29444 82943
29444 51146 82943
46297 89484 128276
89484 46297 128276
128276 46297 89484
90768 17457 144559
144559 17457 90768
17457 90768 144559
59508 117603 126501
117603 59508 126501
126501 59508 117603
71473 4863 49730
49730 4863 71473
4863 49730 71473
78324 90378 109771
90378 78324 109771
109771 78324 90378
99521 27019 46421
27019 46421 99521
46421 27019 99521
62333 115560 131364
131364 62333 115560
115560 62333 131364
75909 6477 126748
6477 75909 126748
126748 6477 75909
91429 74110 102786
74110 91429 102786
102786 74110 91429
58049 2413 61224
2413 58049 61224
61224 2413 58049
114243 32458 79670
79670 32458 114243
32458 79670 114243
60384 71603 146664
71603 60384 146664
146664 60384 71603
36173 76168 118593
76168 36173 118593
118593 36173 76168
61195 4974 14367
14367 4974 61195
4974 14367 61195
99633 71482 97055
97055 71482 99633
71482 97055 99633
25936 479 117762
479 25936 117762
117762 479 25936
78331 26242 81469
81469 26242 78331
26242 78331 81469
869 61819 123514
123514 869 61819
61819 869 123514
119640 15286 17986
17986 15286 119640
15286 17986 119640
95332 29703 54275
54275 29703 95332
29703 54275 95332
62610 63881 123234
63881 62610 123234
123234 62610 63881
89957 63544 69007
69007 63544 89957
63544 69007 89957
129017 97509 143788
97509 129017 143788
143788 97509 129017
124737 48676 138189
138189 48676 124737
48676 124737 138189
69106 70477 84281
70477 69106 84281
84281 69106 70477
144057 50211 55897
55897 50211 144057
50211 55897 144057
65219 125104 143173
125104 65219 143173
143173 65219 125104
97831 32314 96100
32314 96100 97831
96100 32314 97831
102530 5051 132539
132539 5051 102530
5051 102530 132539
13125 79745 123538
123538 13125 79745
79745 13125 123538
56858 108624 118033
118033 56858 108624
108624 56858 118033
31842 48965 147118
147118 31842 48965
48965 31842 147118
1380 83875 85888
83875 1380 85888
85888 1380 83875
81946 56448 147385
56448 81946 147385
147385 56448 81946
113043 34389 116370
116370 34389 113043
34389 113043 116370
99177 38126 87961
87961 38126 99177
38126 87961 99177
26172 27969 33528
27969 26172 33528
33528 26172 27969
68946 124010 139410
124010 68946 139410
139410 68946 124010
136683 93324 120087
93324 120087 136683
120087 93324 136683
121698 2204 21340
2204 21340 121698
21340 2204 121698
55643 423 147880
423 55643 147880
147880 423 55643
92195 100259 105014
100259 92195 105014
105014 92195 100259
10177 69867 126088
69867 10177 126088
126088 10177 69867
48734 81373 141244
81373 48734 141244
141244 48734 81373
17849 114453 136852
136852 17849 114453
114453 17849 136852
101060 17149 83571
17149 83571 101060
83571 17149 101060
66643 12257 131031
12257 66643 131031
131031 12257 66643
51824 139241 148131
139241 51824 148131
148131 51824 139241
61959 98935 109160
98935 61959 109160
109160 61959 98935
6012 64563 80756
64563 6012 80756
80756 6012 64563
104631 33756 96712
96712 33756 104631
33756 96712 104631
40049 31089 58169
58169 31089 40049
31089 40049 58169
45453 100641 144789
100641 45453 144789
144789 45453 100641
82103 47310 74238
74238 47310 82103
47310 74238 82103
67959 20959 109709
20959 67959 109709
109709 20959 67959
80600 51277 102841
102841 51277 80600
51277 80600 102841
100894 32013 40872
32013 40872 100894
40872 32013 100894
5941 67340 89380
67340 5941 89380
89380 5941 67340
84715 45187 92495
45187 84715 92495
92495 45187 84715
95796 92440 119585
119585 92440 95796
92440 95796 119585
101380 4287 115451
4287 101380 115451
115451 4287 101380
124820 18984 96017
96017 18984 124820
18984 96017 124820
70093 36712 37169
37169 36712 70093
36712 37169 70093
1509 88801 130030
88801 1509 130030
130030 1509 88801
93928 102075 127829
127829 93928 102075
102075 93928 127829
111915 49342 135393
49342 111915 135393
135393 49342 111915
44893 3266 16623
16623 3266 44893
3266 16623 44893
137030 36193 43027
36193 43027 137030
43027 36193 137030
76755 50648 135651
50648 76755 135651
135651 50648 76755
57374 31829 123830
123830 31829 57374
31829 57374 123830
138158 12674 35434
35434 12674 138158
12674 35434 138158
92648 36172 81808
81808 36172 92648
36172 81808 92648
25426 40477 114991
40477 25426 114991
114991 25426 40477
35959 6161 49339
6161 35959 49339
49339 6161 35959
15337 21451 63964
21451 15337 63964
63964 15337 21451
9717 113104 138360
138360 9717 113104
113104 9717 138360
26215 53741 146955
53741 26215 146955
146955 26215 53741
89209 2547 128228
128228 2547 89209
2547 89209 128228
51957 99438 144916
99438 51957 144916
144916 51957 99438
7195 68173 76731
68173 7195 76731
76731 7195 68173
49664 42465 96135
42465 49664 96135
96135 42465 49664
127964 32031 120419
120419 32031 127964
32031 120419 127964
121366 73075 140719
140719 73075 121366
73075 121366 140719
119155 6245 85390
6245 85390 119155
85390 6245 119155
21994 26346 97304
97304 21994 26346
26346 21994 97304
144839 43586 139091
139091 43586 144839
43586 139091 144839
125302 14241 45889
14241 45889 125302
45889 14241 125302
41931 66712 74153
74153 41931 66712
66712 41931 74153
114017 19407 69293
19407 69293 114017
69293 19407 114017
28571 14595 27152
14595 27152 28571
27152 14595 28571
36529 94964 147214
94964 36529 147214
147214 36529 94964
29247 28377 66447
28377 29247 66447
66447 28377 29247
108455 79711 135843
135843 79711 108455
79711 108455 135843
59669 82885 130683
130683 59669 82885
82885 59669 130683
143656 68322 125632
125632 68322 143656
68322 125632 143656
108115 61969 99314
99314 61969 108115
61969 99314 108115
89962 51690 147788
147788 51690 89962
51690 89962 147788
146349 20505 51868
51868 20505 146349
20505 51868 146349
56712 96284 132649
96284 56712 132649
132649 56712 96284
103532 102529 130217
102529 103532 130217
130217 102529 103532
4425 86954 145862
145862 4425 86954
86954 4425 145862
138341 17671 113413
17671 113413 138341
113413 17671 138341
28606 78777 137219
78777 28606 137219
137219 28606 78777
19849 58755 93106
93106 19849 58755
58755 19849 93106
7233 37850 86907
86907 7233 37850
37850 7233 86907
4923 97835 121563
121563 4923 97835
97835 4923 121563
129169 15944 55214
15944 55214 129169
55214 15944 129169
109760 10629 52247
52247 10629 109760
10629 52247 109760
75696 58460 143559
58460 75696 143559
143559 58460 75696
136350 46585 74137
46585 74137 136350
74137 46585 136350
109028 86203 118270
118270 86203 109028
86203 109028 118270
18121 77425 121156
121156 18121 77425
77425 18121 121156
79349 60741 137746
60741 79349 137746
137746 60741 79349
83386 17858 122009
122009 17858 83386
17858 83386 122009
19749 8795 93101
93101 8795 19749
8795 19749 93101
114810 24739 33370
24739 33370 114810
33370 24739 114810
64785 91803 144997
91803 64785 144997
144997 64785 91803
114906 3296 28013
28013 3296 114906
3296 28013 114906
78543 54152 78752
54152 78543 78752
78752 54152 78543
26692 102787 104555
102787 26692 104555
104555 26692 102787
137512 131815 147761
131815 137512 147761
147761 131815 137512
76924 73587 88608
73587 76924 88608
88608 73587 76924
110428 12030 53822
53822 12030 110428
12030 53822 110428
68359 83474 138945
83474 68359 138945
138945 68359 83474
77939 7067 74790
74790 7067 77939
7067 74790 77939
118491 61589 63563
63563 61589 118491
61589 63563 118491
132694 82583 145704
145704 82583 132694
82583 132694 145704
118109 54610 108031
54610 108031 118109
108031 54610 118109
27309 115881 136640
115881 27309 136640
136640 27309 115881
12035 12284 56985
12284 12035 56985
56985 12035 12284
71169 5662 33878
33878 5662 71169
5662 33878 71169
66080 29235 55108
55108 29235 66080
29235 55108 66080
26866 122349 124595
122349 26866 124595
124595 26866 122349
81731 5497 16841
5497 16841 81731
16841 5497 81731
117625 43201 55352
43201 55352 117625
55352 43201 117625
114569 44273 105975
44273 105975 114569
105975 44273 114569
70065 45145 72213
45145 70065 72213
72213 45145 70065
87293 80006 100740
80006 87293 100740
100740 80006 87293
106881 2257 31285
2257 31285 106881
31285 2257 106881
79472 56238 82924
56238 79472 82924
82924 56238 79472
111937 41242 143972
41242 111937 143972
143972 41242 111937
10473 69798 120075
120075 10473 69798
69798 10473 120075
16352 57600 69252
57600 16352 69252
69252 16352 57600
48693 4940 32975
32975 4940 48693
4940 32975 48693
49316 24302 136697
136697 24302 49316
24302 49316 136697
38171 9306 90931
9306 38171 90931
90931 9306 38171
71998 98628 126466
126466 71998 98628
98628 71998 126466
63644 56930 78749
56930 63644 78749
78749 56930 63644
84369 47012 89624
89624 47012 84369
47012 84369 89624
108981 113978 141879
141879 108981 113978
113978 108981 141879
46593 40256 141175
141175 40256 46593
40256 46593 141175
50966 56098 105584
56098 50966 105584
105584 50966 56098
48103 13305 45779
45779 13305 48103
13305 45779 48103
21911 41693 68321
41693 21911 68321
68321 21911 41693
78957 82064 144776
82064 78957 144776
144776 78957 82064
114151 17279 37914
17279 37914 114151
37914 17279 114151
137706 17546 145613
145613 17546 137706
17546 137706 145613
89706 15204 69564
15204 69564 89706
69564 15204 89706
105845 8182 138139
138139 8182 105845
8182 105845 138139
125141 18965 89867
18965 89867 125141
89867 18965 125141
15459 22856 37873
22856 15459 37873
37873 15459 22856
82850 18441 114778
18441 82850 114778
114778 18441 82850
136812 93334 129833
93334 129833 136812
129833 93334 136812
29207 95186 120908
120908 29207 95186
95186 29207 120908
98037 29644 37722
29644 37722 98037
37722 29644 98037
137520 80539 99154
99154 80539 137520
80539 99154 137520
31151 12117 140121
140121 12117 31151
12117 31151 140121
99165 36014 58271
58271 36014 99165
36014 58271 99165
100210 43284 47479
43284 47479 100210
47479 43284 100210
1789 133960 140736
140736 1789 133960
133960 1789 140736
102680 49274 86707
49274 86707 102680
86707 49274 102680
39469 51171 71075
71075 39469 51171
51171 39469 71075
9963 65903 147052
147052 9963 65903
65903 9963 147052
51396 87614 104481
104481 51396 87614
87614 51396 104481
54406 45347 94027
45347 54406 94027
94027 45347 54406
106491 53690 78793
53690 78793 106491
78793 53690 106491
119505 39155 113102
113102 39155 119505
39155 113102 119505
29783 48771 78800
48771 29783 78800
78800 29783 48771
61420 64262 74640
64262 61420 74640
74640 61420 64262
129705 47947 100073
100073 47947 129705
47947 100073 129705
80609 1990 111434
111434 1990 80609
1990 80609 111434
43013 362 72608
362 43013 72608
72608 362 43013
94119 52441 61617
52441 61617 94119
61617 52441 94119
95629 2629 116893
2629 95629 116893
116893 2629 95629
50935 84333 134286
134286 50935 84333
84333 50935 134286
100161 74077 99421
74077 99421 100161
99421 74077 100161
38214 8271 126564
126564 8271 38214
8271 38214 126564
124997 3782 116023
3782 116023 124997
116023 3782 124997
93075 16150 21105
21105 16150 93075
16150 21105 93075
44000 18363 71744
18363 44000 71744
71744 18363 44000
65123 2249 112077
112077 2249 65123
2249 65123 112077
26763 34659 39284
39284 26763 34659
34659 26763 39284
145702 68541 103367
68541 103367 145702
103367 68541 145702
81447 78272 129834
129834 78272 81447
78272 81447 129834
129910 53536 70185
53536 70185 129910
70185 53536 129910
84883 74519 101406
101406 74519 84883
74519 84883 101406
3624 37721 101552
101552 3624 37721
37721 3624 101552
21682 129054 140017
129054 21682 140017
140017 21682 129054
28853 34878 125328
34878 28853 125328
125328 28853 34878
25304 15100 136811
136811 15100 25304
15100 25304 136811
131864 93840 121176
93840 121176 131864
121176 93840 131864
135834 22076 70736
70736 22076 135834
22076 70736 135834
147864 29976 100471
29976 100471 147864
100471 29976 147864
128730 87711 139994
87711 128730 139994
139994 87711 128730
140874 103217 139009
103217 139009 140874
139009 103217 140874
107916 217 25760
25760 217 107916
217 25760 107916
22066 8311 54741
54741 8311 22066
8311 22066 54741
122427 79010 132400
132400 79010 122427
79010 122427 132400
13775 35191 144142
35191 13775 144142
144142 13775 35191
139459 51723 78802
78802 51723 139459
51723 78802 139459
143761 52991 122865
52991 122865 143761
122865 52991 143761
95162 64519 87693
64519 87693 95162
87693 64519 95162
935 109801 117434
117434 935 109801
109801 935 117434
135758 39954 111910
39954 111910 135758
111910 39954 135758
62493 31824 63256
31824 62493 63256
63256 31824 62493
75520 91602 149953
91602 75520 149953
149953 75520 91602
16737 15496 41775
41775 15496 16737
15496 16737 41775
132887 83858 122375
83858 122375 132887
122375 83858 132887
146386 39128 82188
82188 39128 146386
39128 82188 146386
74439 47492 136075
47492 74439 136075
136075 47492 74439
135236 74885 134189
134189 74885 135236
74885 134189 135236
81932 148854 149183
148854 81932 149183
149183 81932 148854
97299 5222 76986
76986 5222 97299
5222 76986 97299
111587 30909 70628
30909 70628 111587
70628 30909 111587
65 90367 136326
90367 65 136326
136326 65 90367
121631 28677 84746
84746 28677 121631
28677 84746 121631
147372 39263 70563
39263 70563 147372
70563 39263 147372
3169 117461 149586
149586 3169 117461
117461 3169 149586
71267 31886 81206
81206 31886 71267
31886 71267 81206
72382 28226 80215
28226 72382 80215
80215 28226 72382
17292 38834 101859
38834 17292 101859
101859 17292 38834
80799 26419 70060
26419 70060 80799
70060 26419 80799
140828 19152 59337
59337 19152 140828
19152 59337 140828
40335 61014 94057
94057 40335 61014
61014 40335 94057
100867 15876 137701
15876 100867 137701
137701 15876 100867
117699 85708 119278
85708 117699 119278
119278 85708 117699
38464 12247 132456
132456 12247 38464
12247 38464 132456
25448 47908 141713
141713 25448 47908
47908 25448 141713
113305 21733 105785
21733 105785 113305
105785 21733 113305
24845 111960 134473
111960 24845 134473
134473 24845 111960
40866 88496 96508
96508 40866 88496
88496 40866 96508
52037 3010 6405
3010 6405 52037
6405 3010 52037
124477 55929 92420
92420 55929 124477
55929 92420 124477
32778 103971 139560
139560 32778 103971
103971 32778 139560
101986 98775 134933
98775 101986 134933
134933 98775 101986
18170 98211 119205
98211 18170 119205
119205 18170 98211
124370 33318 134151
134151 33318 124370
33318 124370 134151
74176 44940 106885
106885 44940 74176
44940 74176 106885
119748 44501 105829
105829 44501 119748
44501 105829 119748
54235 21393 112790
21393 54235 112790
112790 21393 54235
94310 20210 146730
20210 94310 146730
146730 20210 94310
13108 3139 69596
69596 3139 13108
3139 13108 69596
64505 15467 46864
15467 46864 64505
46864 15467 64505
23227 78921 91112
78921 23227 91112
91112 23227 78921
92037 17868 57002
17868 57002 92037
57002 17868 92037
29266 62932 131026
62932 29266 131026
131026 29266 62932
114292 36075 78901
78901 36075 114292
36075 78901 114292
4150 40566 104951
40566 4150 104951
104951 4150 40566
84298 3672 124009
124009 3672 84298
3672 84298 124009
36706 96373 137190
137190 36706 96373
96373 36706 137190
140319 11493 29335
29335 11493 140319
11493 29335 140319
112206 67961 148257
148257 67961 112206
67961 112206 148257
55437 123582 126034
126034 55437 123582
123582 55437 126034
148253 55295 73032
55295 73032 148253
73032 55295 148253
119538 38689 122357
38689 119538 122357
122357 38689 119538
25790 18710 39200
39200 18710 25790
18710 25790 39200
19501 6053 6241
6241 6053 19501
6053 6241 19501
47819 52945 107598
107598 47819 52945
52945 47819 107598
83020 7762 91685
91685 7762 83020
7762 83020 91685
97360 20779 32369
32369 20779 97360
20779 32369 97360
142233 9788 23145
23145 9788 142233
9788 23145 142233
20956 25792 131930
131930 20956 25792
25792 20956 131930
43579 11216 64754
11216 43579 64754
64754 11216 43579
81131 2798 17618
2798 17618 81131
17618 2798 81131
132231 21017 139369
139369 21017 132231
21017 132231 139369
63766 26979 73755
73755 26979 63766
26979 63766 73755
102492 114336 133954
114336 102492 133954
133954 102492 114336
69420 75394 95266
75394 69420 95266
95266 69420 75394
100299 7750 34551
34551 7750 100299
7750 34551 100299
97249 87060 103363
103363 87060 97249
87060 97249 103363
95100 11937 133604
133604 11937 95100
11937 95100 133604
52426 9651 52256
9651 52256 52426
52256 9651 52426
29056 75322 138530
138530 29056 75322
75322 29056 138530
44094 19769 56152
56152 19769 44094
19769 44094 56152
78476 108876 128111
108876 78476 128111
128111 78476 108876
33008 88256 102697
88256 33008 102697
102697 33008 88256
70817 101622 102868
101622 70817 102868
102868 70817 101622
35777 5976 81342
5976 35777 81342
81342 5976 35777
13824 25309 139709
139709 13824 25309
25309 13824 139709
46098 31114 138174
31114 46098 138174
138174 31114 46098
125026 38128 91523
91523 38128 125026
38128 91523 125026
15461 42609 100679
100679 15461 42609
42609 15461 100679
5102 60788 144443
144443 5102 60788
60788 5102 144443
50886 42702 51335
42702 50886 51335
51335 42702 50886
69503 11811 22511
22511 11811 69503
11811 22511 69503
13440 52232 147504
147504 13440 52232
52232 13440 147504
148625 19180 149125
149125 19180 148625
19180 148625 149125
82664 41976 80005
41976 80005 82664
80005 41976 82664
64772 59679 104434
104434 59679 64772
59679 64772 104434
118071 77402 122611
122611 77402 118071
77402 118071 122611
1292 1547 3181
1547 1292 3181
3181 1292 1547
27433 92668 100782
100782 27433 92668
92668 27433 100782
82131 106710 149382
149382 82131 106710
106710 82131 149382
95973 104579 114561
104579 95973 114561
114561 95973 104579
47646 50059 122129
122129 47646 50059
50059 47646 122129
107362 24613 52636
24613 52636 107362
52636 24613 107362
60988 88206 125803
88206 60988 125803
125803 60988 88206
99492 63070 80706
80706 63070 99492
63070 80706 99492
43549 21766 49067
49067 21766 43549
21766 43549 49067
92550 170 17440
17440 170 92550
170 17440 92550
6351 47530 79194
47530 6351 79194
79194 6351 47530
9484 36378 48148
36378 9484 48148
48148 9484 36378
131899 17737 42805
42805 17737 131899
17737 42805 131899
64599 48591 148119
148119 48591 64599
48591 64599 148119
117423 60835 93188
93188 60835 117423
60835 93188 117423
62591 28554 123018
123018 28554 62591
28554 62591 123018
77410 121466 129203
121466 77410 129203
129203 77410 121466
43351 36987 39534
36987 39534 43351
39534 36987 43351
12080 25079 144813
144813 12080 25079
25079 12080 144813
22215 28459 146323
146323 22215 28459
28459 22215 146323
13234 83814 116546
83814 13234 116546
116546 13234 83814
34541 5058 7712
7712 5058 34541
5058 7712 34541
40787 52785 53604
53604 40787 52785
52785 40787 53604
106541 33170 145822
33170 106541 145822
145822 33170 106541
35547 2076 116927
116927 2076 35547
2076 35547 116927
15668 1147 90948
1147 15668 90948
90948 1147 15668
144756 79740 93486
93486 79740 144756
79740 93486 144756
28969 39849 97406
39849 28969 97406
97406 28969 39849
105330 10492 16685
10492 16685 105330
16685 10492 105330
94832 39182 78878
39182 78878 94832
78878 39182 94832
60790 72957 97511
97511 60790 72957
72957 60790 97511
7664 1115 143144
1115 7664 143144
143144 1115 7664
105733 32312 139005
32312 105733 139005
139005 32312 105733
23955 60916 129221
129221 23955 60916
60916 23955 129221
123027 7569 124444
124444 7569 123027
7569 123027 124444
95647 79244 92361
92361 79244 95647
79244 92361 95647
111293 57957 84340
57957 84340 111293
84340 57957 111293
143790 114237 126287
114237 126287 143790
126287 114237 143790
94461 40785 121131
121131 40785 94461
40785 94461 121131
66147 6282 6830
6282 6830 66147
6830 6282 66147
79608 13816 23155
13816 23155 79608
23155 13816 79608
113952 46198 138415
138415 46198 113952
46198 113952 138415
109320 10351 110540
10351 109320 110540
110540 10351 109320
52943 17218 81421
81421 17218 52943
17218 52943 81421
134887 43789 108157
108157 43789 134887
43789 108157 134887
42791 65965 120126
65965 42791 120126
120126 42791 65965
38980 47161 87921
87921 38980 47161
47161 38980 87921
19324 25483 77197
25483 19324 77197
77197 19324 25483
101582 21261 74560
21261 74560 101582
74560 21261 101582
144724 104700 127500
127500 104700 144724
104700 127500 144724
43420 66554 97855
97855 43420 66554
66554 43420 97855
1585 68758 74436
68758 1585 74436
74436 1585 68758
44721 67459 97204
97204 44721 67459
67459 44721 97204
96264 60636 109828
60636 96264 109828
109828 60636 96264
3446 105741 131847
105741 3446 131847
131847 3446 105741
57830 139327 149668
149668 57830 139327
139327 57830 149668
103276 41918 128453
41918 103276 128453
128453 41918 103276
89441 23479 112489
23479 89441 112489
112489 23479 89441
70308 22773 108265
22773 70308 108265
108265 22773 70308
118581 79500 143613
143613 79500 118581
79500 118581 143613
21296 12249 83351
12249 21296 83351
83351 12249 21296
10919 28920 139884
139884 10919 28920
28920 10919 139884
48444 24171 72004
24171 48444 72004
72004 24171 48444
108196 54350 128411
54350 108196 128411
128411 54350 108196
124080 39221 115062
115062 39221 124080
39221 115062 124080
35571 51866 143571
143571 35571 51866
51866 35571 143571
21771 115565 125802
125802 21771 115565
115565 21771 125802
44026 8310 68976
68976 8310 44026
8310 44026 68976
138857 38978 101697
101697 38978 138857
38978 101697 138857
49287 130116 139997
130116 49287 139997
139997 49287 130116
115369 104311 115865
115865 104311 115369
104311 115369 115865
116715 23571 95040
95040 23571 116715
23571 95040 116715
110175 35196 35585
35196 35585 110175
35585 35196 110175
80974 22302 48052
22302 48052 80974
48052 22302 80974
145609 13512 73141
13512 73141 145609
73141 13512 145609
34922 39063 76371
39063 34922 76371
76371 34922 39063
107678 84921 88876
88876 84921 107678
84921 88876 107678
141102 3115 14820
3115 14820 141102
14820 3115 141102
131539 73673 90786
73673 90786 131539
90786 73673 131539
112355 33550 91858
91858 33550 112355
33550 91858 112355
147151 92794 133846
92794 133846 147151
133846 92794 147151
403 85058 139169
85058 403 139169
139169 403 85058
9158 6030 97955
6030 9158 97955
97955 6030 9158
108770 31356 94506
31356 94506 108770
94506 31356 108770
35309 28404 140479
28404 35309 140479
140479 28404 35309
105717 35022 143314
143314 35022 105717
35022 105717 143314
18819 53456 98704
98704 18819 53456
53456 18819 98704
34530 38589 107137
107137 34530 38589
38589 34530 107137
50602 47464 123732
123732 47464 50602
47464 50602 123732
147253 63176 106708
106708 63176 147253
63176 106708 147253
59388 59456 130977
130977 59388 59456
59456 59388 130977
77567 18245 142392
18245 77567 142392
142392 18245 77567
2516 8508 78822
8508 2516 78822
78822 2516 8508
102252 3237 81782
3237 81782 102252
81782 3237 102252
22421 93466 93564
93564 22421 93466
93466 22421 93564
126588 71814 84202
71814 84202 126588
84202 71814 126588
9617 45148 147013
147013 9617 45148
45148 9617 147013
52724 7204 70022
70022 7204 52724
7204 52724 70022
117936 17143 145948
17143 117936 145948
145948 17143 117936
60365 74452 126888
126888 60365 74452
74452 60365 126888
43617 59016 76401
59016 43617 76401
76401 43617 59016
1064 45077 61964
45077 1064 61964
61964 1064 45077
67240 11736 94682
94682 11736 67240
11736 67240 94682
50130 128829 136614
128829 50130 136614
136614 50130 128829
141943 86670 141501
141501 86670 141943
86670 141501 141943
110906 16233 45335
16233 45335 110906
45335 16233 110906
90315 19754 130514
19754 90315 130514
130514 19754 90315
99829 45310 120489
45310 99829 120489
120489 45310 99829
65228 2955 89349
2955 65228 89349
89349 2955 65228
9982 87184 113970
87184 9982 113970
113970 9982 87184
107443 60310 108354
108354 60310 107443
60310 107443 108354
112424 72591 91290
91290 72591 112424
72591 91290 112424
2601 96858 135502
135502 2601 96858
96858 2601 135502
59057 39418 106347
106347 39418 59057
39418 59057 106347
27314 21888 26433
21888 26433 27314
26433 21888 27314
64688 80565 133013
133013 64688 80565
80565 64688 133013
55285 23294 139398
23294 55285 139398
139398 23294 55285
120588 39695 54513
39695 54513 120588
54513 39695 120588
148951 10152 21787
21787 10152 148951
10152 21787 148951
144137 9654 107124
107124 9654 144137
9654 107124 144137
133464 63622 142043
63622 133464 142043
142043 63622 133464
7332 17786 106957
106957 7332 17786
17786 7332 106957
66306 103455 115502
115502 66306 103455
103455 66306 115502
72771 4238 133825
133825 4238 72771
4238 72771 133825
45005 83698 130441
130441 45005 83698
83698 45005 130441
51379 22477 97455
97455 22477 51379
22477 51379 97455
127927 15493 99874
99874 15493 127927
15493 99874 127927
71574 139575 147542
147542 71574 139575
139575 71574 147542
112066 60296 94861
94861 60296 112066
60296 94861 112066
87663 54930 90461
90461 54930 87663
54930 87663 90461
46980 71279 85416
85416 46980 71279
71279 46980 85416
27601 29865 56101
29865 27601 56101
56101 27601 29865
89315 2467 63414
63414 2467 89315
2467 63414 89315
32004 19589 75124
75124 19589 32004
19589 32004 75124
64917 35682 104739
35682 64917 104739
104739 35682 64917
90359 3610 79159
3610 79159 90359
79159 3610 90359
134133 50144 69097
50144 69097 134133
69097 50144 134133
3448 35183 61414
35183 3448 61414
61414 3448 35183
102 13070 122481
122481 102 13070
13070 102 122481
61054 11284 119788
119788 11284 61054
11284 61054 119788
116805 15025 75733
75733 15025 116805
15025 75733 116805
34840 38200 97124
97124 34840 38200
38200 34840 97124
125866 110131 122529
122529 110131 125866
110131 122529 125866
11524 36769 91488
36769 11524 91488
91488 11524 36769
104623 16166 35261
35261 16166 104623
16166 35261 104623
107774 29751 89961
89961 29751 107774
29751 89961 107774
143877 105177 111766
105177 111766 143877
111766 105177 143877
78865 5198 114715
114715 5198 78865
5198 78865 114715
110375 36505 87232
36505 87232 110375
87232 36505 110375
134099 16276 138408
16276 134099 138408
138408 16276 134099
67154 21681 62369
62369 21681 67154
21681 62369 67154
38719 19521 127395
19521 38719 127395
127395 19521 38719
146074 23234 134950
23234 134950 146074
134950 23234 146074
69785 94327 96042
96042 69785 94327
94327 69785 96042
29132 34181 98861
98861 29132 34181
34181 29132 98861
84366 66948 91398
66948 84366 91398
91398 66948 84366
15915 113010 127635
127635 15915 113010
113010 15915 127635
18585 75219 143378
75219 18585 143378
143378 18585 75219
118856 56948 69853
56948 69853 118856
69853 56948 118856
9808 45774 119662
119662 9808 45774
45774 9808 119662
75627 20069 26401
26401 20069 75627
20069 26401 75627
11449 24173 86458
86458 11449 24173
24173 11449 86458
78056 9840 99122
9840 78056 99122
99122 9840 78056
62702 56857 103428
56857 62702 103428
103428 56857 62702
93930 62562 131573
62562 93930 131573
131573 62562 93930
5783 91021 149246
91021 5783 149246
149246 5783 91021
129392 22086 97610
97610 22086 129392
22086 97610 129392
109226 73807 132559
132559 73807 109226
73807 109226 132559
16068 96413 109668
109668 16068 96413
96413 16068 109668
21506 26827 135572
135572 21506 26827
26827 21506 135572
82674 20200 133569
20200 82674 133569
133569 20200 82674
72759 51685 104746
104746 51685 72759
51685 72759 104746
121951 87517 133244
87517 121951 133244
133244 87517 121951
50295 72209 100832
72209 50295 100832
100832 50295 72209
76752 6586 113297
6586 76752 113297
113297 6586 76752
146806 80978 146991
80978 146806 146991
146991 80978 146806
134802 58222 96391
58222 96391 134802
96391 58222 134802
94369 57350 101398
101398 57350 94369
57350 94369 101398
16018 71324 147206
71324 16018 147206
147206 16018 71324
35166 125571 134666
134666 35166 125571
125571 35166 134666
131183 46475 120001
46475 120001 131183
120001 46475 131183
114216 59223 126934
126934 59223 114216
59223 114216 126934
30426 2550 131833
131833 2550 30426
2550 30426 131833
97162 11686 135601
11686 97162 135601
135601 11686 97162
87225 36216 50971
50971 36216 87225
36216 50971 87225
14821 13478 27953
27953 13478 14821
13478 14821 27953
59797 36517 118201
36517 59797 118201
118201 36517 59797
49435 92701 141266
92701 49435 141266
141266 49435 92701
93446 6098 46080
46080 6098 93446
6098 46080 93446
81276 38931 118724
118724 38931 81276
38931 81276 118724
26159 49894 86847
86847 26159 49894
49894 26159 86847
147171 47714 148620
47714 147171 148620
148620 47714 147171
59158 59704 114099
59704 59158 114099
114099 59158 59704
93887 25279 125712
125712 25279 93887
25279 93887 125712
122342 28604 40099
40099 28604 122342
28604 40099 122342
130332 21128 30880
30880 21128 130332
21128 30880 130332
134108 9226 74444
9226 74444 134108
74444 9226 134108
17633 82258 94136
94136 17633 82258
82258 17633 94136
22454 122553 136728
122553 22454 136728
136728 22454 122553
123342 51203 139081
139081 51203 123342
51203 123342 139081
91660 20002 128001
20002 91660 128001
128001 20002 91660
100163 90717 115584
115584 90717 100163
90717 100163 115584
121749 97882 138971
138971 97882 121749
97882 121749 138971
33537 22384 25845
25845 22384 33537
22384 25845 33537
51021 1222 108674
108674 1222 51021
1222 51021 108674
42020 53216 136708
53216 42020 136708
136708 42020 53216
69259 38654 106887
38654 69259 106887
106887 38654 69259
49184 97992 131832
131832 49184 97992
97992 49184 131832
21846 93233 143607
143607 21846 93233
93233 21846 143607
27020 74340 131774
131774 27020 74340
74340 27020 131774
12717 21080 140902
140902 12717 21080
21080 12717 140902
99766 11931 133206
11931 99766 133206
133206 11931 99766
124692 38917 130250
130250 38917 124692
38917 124692 130250
25920 12687 56109
12687 25920 56109
56109 12687 25920
96882 67634 86155
67634 86155 96882
86155 67634 96882
124566 68930 126127
68930 124566 126127
126127 68930 124566
24368 46337 89266
89266 24368 46337
46337 24368 89266
101925 101524 130152
101524 101925 130152
130152 101524 101925
84352 80390 97196
80390 84352 97196
97196 80390 84352
48714 31026 71702
71702 31026 48714
31026 48714 71702
117195 107852 137756
107852 117195 137756
137756 107852 117195
31785 77662 110863
77662 31785 110863
110863 31785 77662
89904 7746 93415
93415 7746 89904
7746 89904 93415
125177 108114 128042
128042 108114 125177
108114 125177 128042
93937 122753 141095
122753 93937 141095
141095 93937 122753
41115 107331 124904
107331 41115 124904
124904 41115 107331
58830 11701 31221
31221 11701 58830
11701 31221 58830
112224 95808 125726
95808 112224 125726
125726 95808 112224
99892 30398 138551
138551 30398 99892
30398 99892 138551
40612 7940 99132
7940 40612 99132
99132 7940 40612
51524 11430 107260
107260 11430 51524
11430 51524 107260
59237 81389 93287
93287 59237 81389
81389 59237 93287
89026 59510 112414
59510 89026 112414
112414 59510 89026
14473 19019 124097
124097 14473 19019
19019 14473 124097
23485 23085 33986
33986 23085 23485
23085 23485 33986
4406 54281 100890
54281 4406 100890
100890 4406 54281
8984 86914 141828
141828 8984 86914
86914 8984 141828
62377 91174 142014
91174 62377 142014
142014 62377 91174
22811 114452 138724
138724 22811 114452
114452 22811 138724
53115 65500 102544
102544 53115 65500
65500 53115 102544
