1003 480 704
704 480 1003
480 704 1003
1085 1132 1404
1132 1085 1404
1404 1085 1132
572 609 659
609 572 659
659 572 609
1488 304 983
304 983 1488
983 304 1488
79 673 873
673 79 873
873 79 673
1144 10 1154
10 1144 1154
1154 10 1144
920 84 459
459 84 920
84 459 920
1295 75 1116
1116 75 1295
75 1116 1295
209 597 1008
1008 209 597
597 209 1008
771 53 492
492 53 771
53 492 771
380 528 786
528 380 786
786 380 528
66 377 813
377 66 813
813 66 377
93 173 1150
173 93 1150
1150 93 173
324 128 1481
1481 128 324
128 324 1481
314 351 1388
1388 314 351
351 314 1388
422 767 1016
767 422 1016
1016 422 767
502 253 532
532 253 502
253 502 532
143 624 689
689 143 624
624 143 689
998 261 403
403 261 998
261 403 998
352 1061 1119
1061 352 1119
1119 352 1061
1192 56 691
56 691 1192
691 56 1192
180 622 1030
622 180 1030
1030 180 622
346 251 860
251 346 860
860 251 346
1465 439 647
647 439 1465
439 647 1465
14 651 1015
1015 14 651
651 14 1015
1304 155 581
155 581 1304
581 155 1304
593 619 668
668 593 619
619 593 668
397 499 1215
499 397 1215
1215 397 499
939 469 1386
1386 469 939
469 939 1386
365 50 230
50 230 365
230 50 365
1036 638 665
665 638 1036
638 665 1036
793 300 1351
1351 300 793
300 793 1351
186 731 799
731 186 799
799 186 731
966 390 1102
390 966 1102
1102 390 966
646 76 1066
1066 76 646
76 646 1066
72 1157 1288
1157 72 1288
1288 72 1157
845 713 1042
1042 713 845
713 845 1042
442 674 908
908 442 674
674 442 908
411 256 630
630 256 411
256 411 630
238 596 1435
1435 238 596
596 238 1435
1418 192 1367
1367 192 1418
192 1367 1418
742 958 1409
1409 742 958
958 742 1409
585 876 1233
876 585 1233
1233 585 876
587 446 1299
1299 446 587
446 587 1299
172 106 229
229 106 172
106 172 229
1416 361 785
361 785 1416
785 361 1416
719 913 1277
913 719 1277
1277 719 913
1280 875 1062
1062 875 1280
875 1062 1280
477 675 1149
675 477 1149
1149 477 675
1364 165 1027
165 1027 1364
1027 165 1364
504 254 573
573 254 504
254 504 573
721 97 542
542 97 721
97 542 721
1190 681 1000
681 1000 1190
1000 681 1190
1101 527 788
527 788 1101
788 527 1101
430 340 1010
1010 340 430
340 430 1010
24 9 1002
1002 9 24
9 24 1002
868 1403 1417
1417 868 1403
1403 868 1417
264 36 170
36 170 264
170 36 264
926 146 1466
1466 146 926
146 926 1466
618 455 578
578 455 618
455 578 618
964 520 1442
520 964 1442
1442 520 964
1420 169 335
169 335 1420
335 169 1420
607 566 608
608 566 607
566 607 608
617 468 780
780 468 617
468 617 780
825 26 1229
1229 26 825
26 825 1229
554 443 1198
1198 443 554
443 554 1198
1433 214 1239
1239 214 1433
214 1239 1433
413 274 909
909 274 413
274 413 909
178 1045 1451
1045 178 1451
1451 178 1045
987 441 1306
441 987 1306
1306 441 987
1127 1040 1232
1232 1040 1127
1040 1127 1232
426 113 1172
1172 113 426
113 426 1172
1074 8 1492
8 1074 1492
1492 8 1074
216 1357 1408
1357 216 1408
1408 216 1357
930 428 1178
1178 428 930
428 930 1178
830 224 474
474 224 830
224 474 830
321 1284 1286
1284 321 1286
1286 321 1284
127 38 1460
38 127 1460
1460 38 127
632 107 589
589 107 632
107 589 632
603 664 1327
1327 603 664
664 603 1327
1430 221 623
623 221 1430
221 623 1430
1370 518 992
992 518 1370
518 992 1370
584 25 1419
25 584 1419
1419 25 584
1012 110 341
341 110 1012
110 341 1012
935 590 907
907 590 935
590 907 935
531 208 551
551 208 531
208 531 551
301 1013 1083
1083 301 1013
1013 301 1083
491 1114 1310
1310 491 1114
1114 491 1310
1464 231 1255
1255 231 1464
231 1255 1464
1014 702 1343
1343 702 1014
702 1014 1343
392 473 571
473 392 571
571 392 473
685 21 598
598 21 685
21 598 685
1296 46 864
46 864 1296
864 46 1296
917 1047 1197
1047 917 1197
1197 917 1047
925 1105 1174
1105 925 1174
1174 925 1105
1043 89 1235
89 1043 1235
1235 89 1043
1145 52 1496
52 1145 1496
1496 52 1145
1199 5 555
5 555 1199
555 5 1199
1057 199 1375
1375 199 1057
199 1057 1375
1095 766 1279
766 1095 1279
1279 766 1095
1021 4 150
150 4 1021
4 150 1021
867 1159 1432
1159 867 1432
1432 867 1159
960 479 1180
1180 479 960
479 960 1180
1033 6 656
6 656 1033
656 6 1033
27 207 741
741 27 207
207 27 741
612 541 574
574 541 612
541 574 612
1220 872 896
872 896 1220
896 872 1220
452 806 1360
806 452 1360
1360 452 806
60 434 773
773 60 434
434 60 773
1446 1328 1494
1328 1446 1494
1494 1328 1446
1391 383 1390
1390 383 1391
383 1390 1391
1333 218 1421
218 1333 1421
1421 218 1333
1455 160 733
733 160 1455
160 733 1455
768 1267 1471
1471 768 1267
1267 768 1471
1431 1392 1448
1448 1392 1431
1392 1431 1448
389 615 947
615 389 947
947 389 615
1497 746 1266
1266 746 1497
746 1266 1497
821 175 1389
175 821 1389
1389 175 821
764 918 928
928 764 918
918 764 928
881 552 1402
1402 552 881
552 881 1402
747 890 1350
1350 747 890
890 747 1350
936 790 858
858 790 936
790 858 936
1398 1202 1438
1202 1398 1438
1438 1202 1398
350 657 847
847 350 657
657 350 847
1134 1117 1347
1347 1117 1134
1117 1134 1347
595 1146 1158
1146 595 1158
1158 595 1146
513 549 1462
549 513 1462
1462 513 549
148 484 820
484 148 820
820 148 484
395 185 293
293 185 395
185 293 395
478 743 1450
1450 478 743
743 478 1450
306 11 1017
11 306 1017
1017 11 306
1489 769 1184
769 1184 1489
1184 769 1489
1189 80 511
511 80 1189
80 511 1189
1136 519 938
938 519 1136
519 938 1136
168 604 1247
604 168 1247
1247 168 604
356 308 369
369 308 356
308 356 369
42 728 1209
1209 42 728
728 42 1209
387 676 1330
1330 387 676
676 387 1330
156 190 1474
190 156 1474
1474 156 190
1088 68 114
68 114 1088
114 68 1088
1377 402 404
404 402 1377
402 404 1377
13 495 602
495 13 602
602 13 495
1019 399 1268
399 1019 1268
1268 399 1019
343 108 1111
108 343 1111
1111 108 343
1222 715 1091
1091 715 1222
715 1091 1222
853 957 1052
957 853 1052
1052 853 957
467 1103 1270
1270 467 1103
1103 467 1270
546 682 968
682 546 968
968 546 682
1401 1196 1434
1434 1196 1401
1196 1401 1434
711 1084 1214
1214 711 1084
1084 711 1214
1356 756 1331
756 1331 1356
1331 756 1356
535 20 45
45 20 535
20 45 535
776 368 1206
1206 368 776
368 776 1206
700 658 1252
1252 658 700
658 700 1252
1349 641 1081
641 1081 1349
1081 641 1349
445 34 1382
1382 34 445
34 445 1382
1405 1224 1242
1224 1242 1405
1242 1224 1405
885 158 718
718 158 885
158 718 885
1258 568 970
568 970 1258
970 568 1258
654 429 812
812 429 654
429 654 812
652 521 997
521 652 997
997 521 652
1221 543 1162
1162 543 1221
543 1162 1221
1307 139 759
759 139 1307
139 759 1307
1254 370 611
611 370 1254
370 611 1254
1104 1110 1175
1175 1104 1110
1110 1104 1175
374 280 1480
280 374 1480
1480 280 374
1361 1028 1039
1028 1039 1361
1039 1028 1361
1410 418 649
418 649 1410
649 418 1410
716 57 1282
57 716 1282
1282 57 716
809 2 483
483 2 809
2 483 809
600 69 1383
1383 69 600
69 600 1383
514 680 874
680 514 874
874 514 680
538 548 749
548 538 749
749 538 548
1346 687 897
897 687 1346
687 897 1346
485 950 1151
1151 485 950
950 485 1151
808 1212 1320
1212 808 1320
1320 808 1212
1281 409 1479
1479 409 1281
409 1281 1479
1182 550 974
974 550 1182
550 974 1182
454 276 999
276 454 999
999 276 454
709 730 1195
1195 709 730
730 709 1195
77 103 576
576 77 103
103 77 576
933 64 757
64 757 933
757 64 933
1094 545 720
720 545 1094
545 720 1094
1290 138 591
138 591 1290
591 138 1290
1301 828 1079
828 1079 1301
1079 828 1301
259 919 1262
919 259 1262
1262 259 919
215 463 1041
1041 215 463
463 215 1041
31 252 537
252 31 537
537 31 252
509 984 1186
1186 509 984
984 509 1186
1458 525 781
525 781 1458
781 525 1458
851 305 406
406 305 851
305 406 851
1485 197 1248
197 1248 1485
1248 197 1485
1108 916 949
949 916 1108
916 949 1108
965 358 789
789 358 965
358 789 965
323 1071 1427
1071 323 1427
1427 323 1071
1059 424 1120
424 1059 1120
1120 424 1059
431 48 1278
1278 48 431
48 431 1278
801 78 643
643 78 801
78 643 801
1078 765 1484
1484 765 1078
765 1078 1484
1308 414 1353
414 1308 1353
1353 414 1308
1185 326 1191
326 1185 1191
1191 326 1185
753 91 841
91 753 841
841 91 753
464 71 334
71 334 464
334 71 464
1080 204 941
941 204 1080
204 941 1080
273 98 1291
1291 98 273
98 273 1291
1329 503 1263
1263 503 1329
503 1263 1329
55 629 1476
1476 55 629
629 55 1476
109 472 1125
472 109 1125
1125 109 472
993 1004 1112
1004 993 1112
1112 993 1004
844 379 980
379 844 980
980 379 844
1393 1237 1400
1400 1237 1393
1237 1393 1400
579 177 1428
177 579 1428
1428 177 579
934 130 855
130 855 934
855 130 934
706 149 344
344 149 706
149 344 706
901 270 887
270 887 901
887 270 901
201 70 684
70 201 684
684 70 201
1334 371 1169
1169 371 1334
371 1169 1334
880 436 1223
1223 436 880
436 880 1223
859 73 328
73 328 859
328 73 859
679 279 313
279 313 679
313 279 679
921 147 567
147 567 921
567 147 921
1276 294 954
294 954 1276
954 294 1276
1109 37 708
708 37 1109
37 708 1109
257 475 1436
1436 257 475
475 257 1436
290 286 440
286 290 440
440 286 290
911 556 1155
1155 556 911
556 911 1155
1020 476 1148
476 1020 1148
1148 476 1020
1121 1211 1305
1305 1121 1211
1211 1121 1305
778 729 900
900 729 778
729 778 900
1093 1374 1380
1380 1093 1374
1374 1093 1380
1072 375 1138
375 1072 1138
1138 375 1072
1176 522 953
522 953 1176
953 522 1176
241 44 338
338 44 241
44 241 338
349 1165 1167
1165 349 1167
1167 349 1165
690 1099 1437
1099 690 1437
1437 690 1099
1321 692 1348
692 1321 1348
1348 692 1321
450 347 417
417 347 450
347 417 450
772 288 1234
1234 288 772
288 772 1234
1051 243 489
489 243 1051
243 489 1051
1302 104 1253
1253 104 1302
104 1253 1302
1118 735 1384
735 1118 1384
1384 735 1118
621 490 1067
490 621 1067
1067 490 621
292 179 677
677 179 292
179 292 677
1381 162 996
162 996 1381
996 162 1381
644 95 1140
95 644 1140
1140 95 644
583 386 1368
1368 386 583
386 583 1368
62 963 1177
963 62 1177
1177 62 963
362 1026 1459
1026 362 1459
1459 362 1026
90 857 1423
1423 90 857
857 90 1423
973 465 1228
1228 465 973
465 973 1228
942 332 961
961 332 942
332 942 961
39 745 1373
1373 39 745
745 39 1373
877 739 922
922 739 877
739 877 922
1313 353 1092
353 1092 1313
1092 353 1313
989 67 818
818 67 989
67 818 989
96 758 843
843 96 758
758 96 843
1452 856 1426
856 1426 1452
1426 856 1452
122 458 614
458 122 614
614 122 458
1444 85 272
272 85 1444
85 272 1444
1487 501 1325
501 1325 1487
1325 501 1487
1034 714 1285
714 1034 1285
1285 714 1034
462 217 401
401 217 462
217 401 462
32 636 1006
636 32 1006
1006 32 636
526 223 798
798 223 526
223 526 798
1344 194 1022
194 1022 1344
1022 194 1344
850 176 800
176 800 850
800 176 850
1385 220 1188
1188 220 1385
220 1188 1385
678 978 1337
978 678 1337
1337 678 978
834 167 1363
1363 167 834
167 834 1363
1309 373 763
373 763 1309
763 373 1309
235 263 888
263 235 888
888 235 263
420 878 1166
878 420 1166
1166 420 878
486 1086 1131
1086 486 1131
1131 486 1086
515 376 582
582 376 515
376 515 582
670 530 849
849 530 670
530 670 849
1378 58 74
58 74 1378
74 58 1378
854 101 1493
101 854 1493
1493 101 854
803 797 1032
1032 797 803
797 803 1032
87 736 807
736 87 807
807 87 736
92 233 1422
233 92 1422
1422 92 233
302 884 914
914 302 884
884 302 914
1123 244 931
244 931 1123
931 244 1123
144 613 1269
613 144 1269
1269 144 613
7 777 1372
777 7 1372
1372 7 777
427 796 1007
1007 427 796
796 427 1007
1087 1226 1498
1498 1087 1226
1226 1087 1498
610 381 1447
1447 381 610
381 610 1447
1065 824 1352
1352 824 1065
824 1065 1352
61 448 696
448 61 696
696 61 448
1303 124 760
124 760 1303
760 124 1303
322 125 1207
125 322 1207
1207 125 322
650 631 1259
1259 631 650
631 650 1259
1100 310 794
794 310 1100
310 794 1100
1486 408 1482
1482 408 1486
408 1482 1486
1194 3 100
100 3 1194
3 100 1194
1035 205 605
205 605 1035
605 205 1035
1130 234 1338
1338 234 1130
234 1130 1338
137 265 976
976 137 265
265 137 976
1261 16 1070
1070 16 1261
16 1070 1261
1354 111 303
111 303 1354
303 111 1354
333 969 988
988 333 969
969 333 988
105 359 419
419 105 359
359 105 419
588 669 1461
669 588 1461
1461 588 669
227 262 755
755 227 262
262 227 755
65 325 1397
1397 65 325
325 65 1397
945 260 580
260 580 945
580 260 945
219 287 923
923 219 287
287 219 923
131 839 1406
1406 131 839
839 131 1406
493 599 1064
1064 493 599
599 493 1064
1122 400 802
400 802 1122
802 400 1122
1395 846 1294
846 1294 1395
1294 846 1395
761 995 1063
995 761 1063
1063 761 995
1355 23 163
23 163 1355
163 23 1355
1038 946 1371
946 1038 1371
1371 946 1038
121 318 524
524 121 318
318 121 524
82 407 471
407 82 471
471 82 407
1283 166 944
166 944 1283
944 166 1283
488 284 975
284 488 975
975 284 488
1365 289 460
460 289 1365
289 460 1365
710 282 1227
1227 282 710
282 710 1227
827 63 782
782 63 827
63 782 827
152 645 705
705 152 645
645 152 705
915 506 697
697 506 915
506 697 915
565 35 51
35 51 565
51 35 565
1275 388 1018
388 1018 1275
1018 388 1275
94 539 891
891 94 539
539 94 891
1469 115 432
115 432 1469
432 115 1469
1161 330 1298
1298 330 1161
330 1161 1298
1153 366 606
366 606 1153
606 366 1153
141 81 667
81 141 667
667 81 141
59 317 1453
1453 59 317
317 59 1453
250 951 1323
1323 250 951
951 250 1323
255 245 594
245 255 594
594 245 255
1470 357 1011
1011 357 1470
357 1011 1470
311 119 438
438 119 311
119 311 438
1 1055 1264
1264 1 1055
1055 1 1264
889 903 1289
903 889 1289
1289 889 903
348 181 722
722 181 348
181 348 722
1090 240 634
634 240 1090
240 634 1090
977 134 195
195 134 977
134 195 977
268 620 666
620 268 666
666 268 620
1500 562 1126
562 1126 1500
1126 562 1500
967 791 1246
1246 791 967
791 967 1246
1260 171 410
171 410 1260
410 171 1260
367 1250 1473
1250 367 1473
1473 367 1250
153 959 1031
1031 153 959
959 153 1031
267 398 770
770 267 398
398 267 770
1141 1137 1475
1475 1137 1141
1137 1141 1475
642 698 1256
1256 642 698
698 642 1256
1292 236 529
529 236 1292
236 529 1292
1311 278 296
278 296 1311
296 278 1311
1478 1069 1272
1069 1272 1478
1272 1069 1478
1231 811 866
811 866 1231
866 811 1231
829 635 1245
1245 635 829
635 829 1245
247 1200 1366
1366 247 1200
1200 247 1366
211 750 937
750 211 937
937 211 750
655 129 701
129 655 701
701 129 655
246 17 723
723 17 246
17 246 723
212 863 1297
1297 212 863
863 212 1297
1024 123 695
695 123 1024
123 695 1024
364 1089 1457
1089 364 1457
1457 364 1089
879 228 1075
1075 228 879
228 879 1075
1314 1053 1058
1058 1053 1314
1053 1058 1314
423 852 1319
1319 423 852
852 423 1319
1135 372 1499
372 1135 1499
1499 372 1135
1163 628 1106
628 1106 1163
1106 628 1163
1213 902 1407
1407 902 1213
902 1213 1407
560 1322 1396
1396 560 1322
1322 560 1396
342 30 116
30 116 342
116 30 342
1179 1230 1467
1230 1179 1467
1467 1179 1230
836 553 557
557 553 836
553 557 836
118 391 1414
391 118 1414
1414 118 391
540 1205 1440
1440 540 1205
1205 540 1440
952 449 1181
449 952 1181
1181 449 952
271 54 1413
1413 54 271
54 271 1413
1076 1203 1335
1335 1076 1203
1203 1076 1335
1187 444 536
536 444 1187
444 536 1187
559 497 927
927 497 559
497 559 927
842 299 425
299 425 842
425 299 842
1037 49 1097
1097 49 1037
49 1037 1097
569 213 1001
213 569 1001
1001 213 569
754 187 1490
1490 187 754
187 754 1490
102 586 990
586 102 990
990 102 586
1411 384 986
384 986 1411
986 384 1411
222 1425 1454
1425 222 1454
1454 222 1425
319 1005 1341
1005 319 1341
1341 319 1005
196 500 882
500 196 882
882 196 500
266 385 683
385 266 683
683 266 385
792 189 285
189 285 792
285 189 792
203 249 1044
249 203 1044
1044 203 249
1238 133 1204
133 1204 1238
1204 133 1238
601 748 1316
748 601 1316
1316 601 748
981 660 1339
660 981 1339
1339 660 981
99 188 633
188 99 633
633 99 188
732 840 871
871 732 840
840 732 871
1359 120 955
955 120 1359
120 955 1359
510 783 1257
1257 510 783
783 510 1257
415 182 910
910 182 415
182 415 910
833 405 1387
405 833 1387
1387 405 833
1217 932 1077
932 1077 1217
1077 932 1217
1068 823 1265
823 1068 1265
1265 823 1068
487 672 1170
1170 487 672
672 487 1170
200 382 1139
1139 200 382
382 200 1139
1345 717 1362
1362 717 1345
717 1345 1362
1124 671 1098
671 1098 1124
1098 671 1124
393 239 1379
1379 239 393
239 393 1379
309 298 994
298 309 994
994 298 309
752 315 744
315 744 752
744 315 752
534 360 1332
1332 360 534
360 534 1332
1225 869 1048
1048 869 1225
869 1048 1225
329 639 694
694 329 639
639 329 694
1358 126 1056
126 1056 1358
1056 126 1358
1326 653 835
835 653 1326
653 835 1326
482 47 277
277 47 482
47 277 482
151 202 1491
1491 151 202
202 151 1491
1315 1073 1412
1412 1073 1315
1073 1315 1412
893 283 355
355 283 893
283 355 893
1046 904 1318
1318 904 1046
904 1046 1318
962 86 363
363 86 962
86 363 962
1183 22 726
726 22 1183
22 726 1183
561 898 1029
898 561 1029
1029 561 898
1049 544 810
810 544 1049
544 810 1049
775 451 662
662 451 775
451 662 775
751 498 1133
1133 498 751
498 751 1133
805 157 533
157 533 805
533 157 805
481 570 940
940 481 570
570 481 940
112 985 1376
985 112 1376
1376 112 985
456 132 1152
132 456 1152
1152 132 456
237 183 822
183 237 822
822 183 237
1219 242 648
648 242 1219
242 648 1219
1495 33 865
865 33 1495
33 865 1495
1218 88 727
88 727 1218
727 88 1218
831 354 795
354 795 831
795 354 831
979 784 894
894 784 979
784 894 979
1317 433 523
523 433 1317
433 523 1317
43 140 435
435 43 140
140 43 435
1096 466 1210
1210 466 1096
466 1096 1210
320 972 1060
1060 320 972
972 320 1060
738 345 892
892 345 738
345 738 892
28 508 1445
1445 28 508
508 28 1445
470 817 1429
1429 470 817
817 470 1429
174 948 971
971 174 948
948 174 971
627 226 724
226 627 724
724 226 627
1468 336 737
737 336 1468
336 737 1468
1050 447 461
461 447 1050
447 461 1050
248 883 1107
1107 248 883
883 248 1107
886 895 1243
1243 886 895
895 886 1243
725 117 861
861 117 725
117 725 861
1115 258 814
258 814 1115
814 258 1115
1201 838 870
838 870 1201
870 838 1201
1160 412 517
412 517 1160
517 412 1160
625 164 437
164 437 625
437 164 625
832 453 826
826 453 832
453 826 832
640 1113 1456
1113 640 1456
1456 640 1113
956 193 707
707 193 956
193 707 956
1424 83 804
804 83 1424
83 804 1424
1472 1164 1274
1274 1164 1472
1164 1274 1472
191 142 547
142 191 547
547 142 191
41 327 862
327 41 862
862 41 327
15 1251 1271
1271 15 1251
1251 15 1271
396 291 848
848 291 396
291 396 848
1244 693 912
693 912 1244
912 693 1244
577 416 740
416 577 740
740 416 577
1208 198 225
225 198 1208
198 225 1208
307 29 457
29 307 457
457 29 307
18 688 1249
1249 18 688
688 18 1249
564 154 1463
1463 154 564
154 564 1463
136 1128 1477
1477 136 1128
1128 136 1477
516 312 563
312 516 563
563 312 516
1443 982 1439
1439 982 1443
982 1439 1443
1324 331 774
331 774 1324
774 331 1324
269 712 1415
1415 269 712
712 269 1415
905 637 1023
637 905 1023
1023 637 905
1025 575 592
592 575 1025
575 592 1025
316 159 991
159 316 991
991 159 316
558 275 505
275 505 558
505 275 558
12 899 924
899 12 924
924 12 899
1241 1336 1449
1449 1241 1336
1336 1241 1449
1342 686 815
815 686 1342
686 815 1342
816 206 929
929 206 816
206 816 929
40 663 1369
1369 40 663
663 40 1369
1240 1129 1483
1483 1129 1240
1129 1240 1483
1399 1394 1441
1441 1394 1399
1394 1399 1441
943 337 1168
337 943 1168
1168 337 943
616 232 496
232 496 616
496 232 616
1142 1216 1273
1216 1142 1273
1273 1142 1216
1156 145 906
145 906 1156
906 145 1156
787 507 626
507 626 787
626 507 787
1287 661 1009
661 1009 1287
1009 661 1287
1236 295 394
295 394 1236
394 295 1236
1173 210 699
210 699 1173
699 210 1173
703 378 494
378 494 703
494 378 703
161 184 339
339 161 184
184 161 339
512 19 281
281 19 512
19 281 512
1054 819 1147
1147 819 1054
819 1054 1147
421 135 1171
1171 135 421
135 421 1171
1340 1143 1193
1143 1193 1340
1193 1143 1340
837 1082 1293
1082 837 1293
1293 837 1082
297 762 1312
762 297 1312
1312 297 762
779 734 1300
734 779 1300
1300 734 779
