37780 125133 145746
145746 37780 125133
125133 37780 145746
120471 2137 35338
2137 35338 120471
35338 2137 120471
123942 96245 98340
98340 96245 123942
96245 98340 123942
113575 49422 136734
136734 49422 113575
49422 113575 136734
148628 66837 116830
66837 116830 148628
116830 66837 148628
60297 1639 87994
1639 60297 87994
87994 1639 60297
34445 60812 104310
60812 34445 104310
104310 34445 60812
128557 336 119007
119007 336 128557
336 119007 128557
124306 48291 77874
77874 48291 124306
48291 77874 124306
47103 113469 142690
113469 47103 142690
142690 47103 113469
38215 51503 109513
109513 38215 51503
51503 38215 109513
20630 69007 133035
133035 20630 69007
69007 20630 133035
8811 124816 144593
144593 8811 124816
124816 8811 144593
7005 31681 136977
136977 7005 31681
31681 7005 136977
76137 34944 136498
136498 34944 76137
34944 76137 136498
115947 93451 98109
98109 93451 115947
93451 98109 115947
44414 34274 141334
141334 34274 44414
34274 44414 141334
11436 104581 129260
129260 11436 104581
104581 11436 129260
10758 37600 125323
37600 10758 125323
125323 10758 37600
60491 35428 85699
85699 35428 60491
35428 60491 85699
142777 55118 86762
86762 55118 142777
55118 86762 142777
106209 7900 19782
19782 7900 106209
7900 19782 106209
140900 34738 36470
34738 36470 140900
36470 34738 140900
66010 12377 22778
12377 22778 66010
22778 12377 66010
122263 40237 51765
51765 40237 122263
40237 51765 122263
75346 76375 121484
76375 75346 121484
121484 75346 76375
75533 13529 56650
13529 56650 75533
56650 13529 75533
111699 44719 105471
105471 44719 111699
44719 105471 111699
42200 99245 148179
99245 42200 148179
148179 42200 99245
109484 108011 119303
108011 109484 119303
119303 108011 109484
57092 63262 111494
111494 57092 63262
63262 57092 111494
39303 9486 100609
9486 39303 100609
100609 9486 39303
108971 3352 110191
3352 108971 110191
110191 3352 108971
80512 13875 89830
13875 80512 89830
89830 13875 80512
36134 6303 99513
99513 6303 36134
6303 36134 99513
61597 61548 62191
61548 61597 62191
62191 61548 61597
95870 75711 98879
98879 75711 95870
75711 95870 98879
136175 86250 118606
118606 86250 136175
86250 118606 136175
100181 28424 59361
59361 28424 100181
28424 59361 100181
81597 80217 127448
80217 81597 127448
127448 80217 81597
141298 12657 36026
36026 12657 141298
12657 36026 141298
86375 81218 121961
81218 86375 121961
121961 81218 86375
142439 22928 134976
22928 134976 142439
134976 22928 142439
144550 87962 89693
89693 87962 144550
87962 89693 144550
21501 50691 145676
145676 21501 50691
50691 21501 145676
112266 88259 121379
88259 112266 121379
121379 88259 112266
93064 59964 133875
59964 93064 133875
133875 59964 93064
106458 16676 88096
16676 88096 106458
88096 16676 106458
26552 54694 91913
91913 26552 54694
54694 26552 91913
38912 40940 113050
113050 38912 40940
40940 38912 113050
149446 86895 127625
86895 127625 149446
127625 86895 149446
94448 57012 94087
94087 57012 94448
57012 94087 94448
15622 97094 112080
112080 15622 97094
97094 15622 112080
23533 27336 138382
138382 23533 27336
27336 23533 138382
89214 74997 132350
74997 89214 132350
132350 74997 89214
31613 25921 111628
25921 31613 111628
111628 25921 31613
86538 33340 138664
33340 86538 138664
138664 33340 86538
19930 68567 73808
68567 19930 73808
73808 19930 68567
101183 81167 112992
81167 101183 112992
112992 81167 101183
15775 23693 58422
23693 15775 58422
58422 15775 23693
91732 67824 113495
113495 67824 91732
67824 91732 113495
108804 44381 46475
44381 46475 108804
46475 44381 108804
39968 35547 56192
35547 39968 56192
56192 35547 39968
84244 38790 94102
94102 38790 84244
38790 84244 94102
91497 19329 66587
19329 66587 91497
66587 19329 91497
48921 46370 65176
65176 46370 48921
46370 48921 65176
73809 10802 144679
144679 10802 73809
10802 73809 144679
21794 3552 147137
147137 3552 21794
3552 21794 147137
20076 14953 104850
104850 14953 20076
14953 20076 104850
14541 44132 63569
63569 14541 44132
44132 14541 63569
119378 51114 131815
51114 119378 131815
131815 51114 119378
77426 88934 120176
88934 77426 120176
120176 77426 88934
88539 23965 98671
98671 23965 88539
23965 88539 98671
87935 99993 146907
99993 87935 146907
146907 87935 99993
53439 3234 24025
24025 3234 53439
3234 24025 53439
84446 17907 137326
17907 84446 137326
137326 17907 84446
47403 34235 143760
143760 34235 47403
34235 47403 143760
29283 59800 75678
59800 29283 75678
75678 29283 59800
16612 74928 76399
74928 16612 76399
76399 16612 74928
72181 6041 9597
6041 9597 72181
9597 6041 72181
74393 12487 17903
12487 17903 74393
17903 12487 74393
29410 48314 53512
48314 29410 53512
53512 29410 48314
146975 6905 7363
7363 6905 146975
6905 7363 146975
145393 61618 68290
68290 61618 145393
61618 68290 145393
50010 46240 130984
46240 50010 130984
130984 46240 50010
96544 26060 122468
26060 96544 122468
122468 26060 96544
59291 26176 135605
26176 59291 135605
135605 26176 59291
90799 12097 66301
66301 12097 90799
12097 66301 90799
79799 11779 59963
59963 11779 79799
11779 59963 79799
139770 91137 117202
117202 91137 139770
91137 117202 139770
79079 70537 135803
135803 70537 79079
70537 79079 135803
130200 11639 121215
11639 121215 130200
121215 11639 130200
62206 22684 41672
22684 41672 62206
41672 22684 62206
134166 114213 137641
114213 134166 137641
137641 114213 134166
33354 142208 142378
142378 33354 142208
142208 33354 142378
140638 51609 90703
51609 90703 140638
90703 51609 140638
19566 57861 100258
57861 19566 100258
100258 19566 57861
45440 24764 80754
80754 24764 45440
24764 45440 80754
83786 72474 96557
96557 72474 83786
72474 83786 96557
138943 47442 50764
47442 50764 138943
50764 47442 138943
76088 10588 26925
26925 10588 76088
10588 26925 76088
130845 41493 49238
41493 49238 130845
49238 41493 130845
116476 11112 123750
123750 11112 116476
11112 116476 123750
85476 46481 84983
84983 46481 85476
46481 84983 85476
24726 21888 128516
128516 21888 24726
21888 24726 128516
10128 57487 146038
146038 10128 57487
57487 10128 146038
81203 19254 118786
118786 19254 81203
19254 81203 118786
26498 98817 105463
98817 26498 105463
105463 26498 98817
26470 21360 108784
21360 26470 108784
108784 21360 26470
10795 2180 17542
17542 2180 10795
2180 10795 17542
32346 19399 20545
20545 19399 32346
19399 20545 32346
73957 1924 105797
105797 1924 73957
1924 73957 105797
130809 138109 149818
138109 130809 149818
149818 130809 138109
14931 79138 139367
139367 14931 79138
79138 14931 139367
29291 32471 76320
32471 29291 76320
76320 29291 32471
52217 38899 146559
38899 52217 146559
146559 38899 52217
23184 120399 133898
133898 23184 120399
120399 23184 133898
70622 59166 102838
59166 70622 102838
102838 59166 70622
87390 82832 94669
82832 87390 94669
94669 82832 87390
106966 44056 88084
44056 88084 106966
88084 44056 106966
143059 10147 111429
111429 10147 143059
10147 111429 143059
139384 38178 49103
49103 38178 139384
38178 49103 139384
24489 83029 138090
83029 24489 138090
138090 24489 83029
142757 110361 149502
110361 142757 149502
149502 110361 142757
86041 106687 146005
146005 86041 106687
106687 86041 146005
42587 38312 50378
38312 42587 50378
50378 38312 42587
13786 33224 124120
33224 13786 124120
124120 13786 33224
8478 28255 143870
143870 8478 28255
28255 8478 143870
77075 119644 140712
140712 77075 119644
119644 77075 140712
55083 34659 84391
84391 34659 55083
34659 55083 84391
122924 97650 119265
119265 97650 122924
97650 119265 122924
44208 25690 107770
25690 44208 107770
107770 25690 44208
53769 67581 145067
67581 53769 145067
145067 53769 67581
101791 36409 108837
108837 36409 101791
36409 101791 108837
95482 122711 134177
134177 95482 122711
122711 95482 134177
14923 107420 142253
107420 14923 142253
142253 14923 107420
113079 9987 146302
146302 9987 113079
9987 113079 146302
132912 3191 92895
92895 3191 132912
3191 92895 132912
56548 12521 86611
12521 56548 86611
86611 12521 56548
116908 58774 136147
136147 58774 116908
58774 116908 136147
7764 52428 85083
85083 7764 52428
52428 7764 85083
141689 129336 148381
148381 129336 141689
129336 141689 148381
16713 57376 80779
80779 16713 57376
57376 16713 80779
110754 55298 66941
66941 55298 110754
55298 66941 110754
18237 40527 90463
40527 18237 90463
90463 18237 40527
84673 58257 140386
140386 58257 84673
58257 84673 140386
13215 15648 42024
15648 13215 42024
42024 13215 15648
21859 69257 79706
79706 21859 69257
69257 21859 79706
65469 115811 147312
147312 65469 115811
115811 65469 147312
98526 64465 69560
64465 69560 98526
69560 64465 98526
132241 62229 135633
135633 62229 132241
62229 132241 135633
82563 52247 102975
52247 82563 102975
102975 52247 82563
23952 55479 71941
71941 23952 55479
55479 23952 71941
37875 79797 128146
128146 37875 79797
79797 37875 128146
90908 28372 108858
108858 28372 90908
28372 90908 108858
74566 54614 149529
149529 54614 74566
54614 74566 149529
603 16871 29101
29101 603 16871
16871 603 29101
89825 58767 90706
58767 89825 90706
90706 58767 89825
82971 28655 66397
66397 28655 82971
28655 66397 82971
127247 17593 92139
92139 17593 127247
17593 92139 127247
70778 27494 140229
27494 70778 140229
140229 27494 70778
12184 26148 126969
26148 12184 126969
126969 12184 26148
43155 12452 77007
12452 43155 77007
77007 12452 43155
6023 85624 144523
85624 6023 144523
144523 6023 85624
26159 9432 141879
141879 9432 26159
9432 26159 141879
48770 31128 41856
41856 31128 48770
31128 41856 48770
148653 14455 39549
39549 14455 148653
14455 39549 148653
86578 44227 47212
47212 44227 86578
44227 47212 86578
72142 127098 140524
127098 72142 140524
140524 72142 127098
85753 8251 86885
8251 85753 86885
86885 8251 85753
113634 19324 68401
19324 68401 113634
68401 19324 113634
70985 42142 109227
109227 42142 70985
42142 70985 109227
124499 8919 75334
75334 8919 124499
8919 75334 124499
40068 13438 31795
13438 31795 40068
31795 13438 40068
60898 22546 52550
22546 52550 60898
52550 22546 60898
34775 41707 51150
51150 34775 41707
41707 34775 51150
28496 81045 103592
103592 28496 81045
81045 28496 103592
74292 9065 149980
9065 74292 149980
149980 9065 74292
107440 9302 62282
9302 62282 107440
62282 9302 107440
110645 41136 132441
41136 110645 132441
132441 41136 110645
38398 45708 98764
45708 38398 98764
98764 38398 45708
144417 104121 139057
104121 139057 144417
139057 104121 144417
80607 141337 143052
143052 80607 141337
141337 80607 143052
117814 21809 142996
21809 117814 142996
142996 21809 117814
131365 42433 144128
144128 42433 131365
42433 131365 144128
31927 69258 117972
117972 31927 69258
69258 31927 117972
102275 49980 56168
49980 56168 102275
56168 49980 102275
136510 36378 142754
142754 36378 136510
36378 136510 142754
124077 3318 97685
97685 3318 124077
3318 97685 124077
74153 97889 98591
98591 74153 97889
97889 74153 98591
49914 46376 100817
46376 49914 100817
100817 46376 49914
48370 1586 53305
53305 1586 48370
1586 48370 53305
72663 120626 131649
131649 72663 120626
120626 72663 131649
143627 70051 143004
70051 143004 143627
143004 70051 143627
38167 23561 54371
54371 23561 38167
23561 38167 54371
97417 31590 96479
96479 31590 97417
31590 96479 97417
74525 74018 142505
74018 74525 142505
142505 74018 74525
12602 78896 89964
89964 12602 78896
78896 12602 89964
19424 3340 9962
3340 9962 19424
9962 3340 19424
17316 51796 140926
140926 17316 51796
51796 17316 140926
142844 62775 137225
137225 62775 142844
62775 137225 142844
58962 65446 100960
100960 58962 65446
65446 58962 100960
65064 69197 105924
105924 65064 69197
69197 65064 105924
75391 28187 102488
102488 28187 75391
28187 75391 102488
137819 16100 27880
27880 16100 137819
16100 27880 137819
2776 51573 118270
51573 2776 118270
118270 2776 51573
28149 94632 130544
94632 28149 130544
130544 28149 94632
24867 56649 58876
58876 24867 56649
56649 24867 58876
104575 49876 80579
49876 80579 104575
80579 49876 104575
55124 88109 88323
88109 55124 88323
88323 55124 88109
109912 8802 128597
8802 109912 128597
128597 8802 109912
126514 36104 71834
36104 71834 126514
71834 36104 126514
19383 40417 81840
81840 19383 40417
40417 19383 81840
65496 14319 129022
129022 14319 65496
14319 65496 129022
17985 81462 102443
102443 17985 81462
81462 17985 102443
10102 50618 140091
50618 10102 140091
140091 10102 50618
67733 2468 68815
68815 2468 67733
2468 67733 68815
52677 61094 90715
61094 52677 90715
90715 52677 61094
117807 65367 91802
91802 65367 117807
65367 91802 117807
21684 54040 96176
96176 21684 54040
54040 21684 96176
80743 12256 66438
12256 66438 80743
66438 12256 80743
13453 92303 117623
92303 13453 117623
117623 13453 92303
125286 33908 68917
33908 68917 125286
68917 33908 125286
141054 3667 18587
18587 3667 141054
3667 18587 141054
57149 48948 85799
48948 57149 85799
85799 48948 57149
3090 91389 111031
111031 3090 91389
91389 3090 111031
18599 67470 101102
67470 18599 101102
101102 18599 67470
121205 70229 146652
146652 70229 121205
70229 121205 146652
92566 11570 77876
11570 77876 92566
77876 11570 92566
5157 41720 74219
41720 5157 74219
74219 5157 41720
83907 58911 131010
58911 83907 131010
131010 58911 83907
16020 28443 82544
82544 16020 28443
28443 16020 82544
86982 120498 128269
120498 86982 128269
128269 86982 120498
11322 81054 127824
81054 11322 127824
127824 11322 81054
58792 30509 142797
142797 30509 58792
30509 58792 142797
70099 76850 95554
76850 70099 95554
95554 70099 76850
41739 11500 30122
11500 30122 41739
30122 11500 41739
18115 57644 101580
101580 18115 57644
57644 18115 101580
24916 62980 116687
116687 24916 62980
62980 24916 116687
63664 76794 122831
76794 63664 122831
122831 63664 76794
46196 8185 70775
70775 8185 46196
8185 46196 70775
4628 11457 117546
117546 4628 11457
11457 4628 117546
58108 27441 94203
27441 58108 94203
94203 27441 58108
49509 44306 72038
44306 49509 72038
72038 44306 49509
111304 18402 147159
18402 111304 147159
147159 18402 111304
54541 126735 142257
142257 54541 126735
126735 54541 142257
64791 3347 141565
141565 3347 64791
3347 64791 141565
6719 20265 45004
45004 6719 20265
20265 6719 45004
97376 8466 83397
83397 8466 97376
8466 83397 97376
11223 14009 102109
14009 11223 102109
102109 11223 14009
5633 12514 50855
50855 5633 12514
12514 5633 50855
18371 38493 95427
95427 18371 38493
38493 18371 95427
113928 32716 140149
32716 113928 140149
140149 32716 113928
32161 68618 136727
68618 32161 136727
136727 32161 68618
144079 51877 74127
51877 74127 144079
74127 51877 144079
99510 87467 123695
87467 99510 123695
123695 87467 99510
85835 9350 114474
9350 85835 114474
114474 9350 85835
76817 18488 142158
18488 76817 142158
142158 18488 76817
31686 51030 109138
51030 31686 109138
109138 31686 51030
44568 5707 21263
21263 5707 44568
5707 21263 44568
143045 28081 100366
28081 100366 143045
100366 28081 143045
62833 21514 135271
21514 62833 135271
135271 21514 62833
26495 46244 111864
111864 26495 46244
46244 26495 111864
15488 47722 66085
47722 15488 66085
66085 15488 47722
74182 36946 89190
36946 74182 89190
89190 36946 74182
136289 2276 108538
108538 2276 136289
2276 108538 136289
12742 126201 135518
135518 12742 126201
126201 12742 135518
1356 10815 102329
10815 1356 102329
102329 1356 10815
132624 39308 53530
53530 39308 132624
39308 53530 132624
116927 5037 41525
5037 41525 116927
41525 5037 116927
129854 10661 145667
145667 10661 129854
10661 129854 145667
43959 17346 39031
39031 17346 43959
17346 39031 43959
134345 10544 85748
85748 10544 134345
10544 85748 134345
126720 55605 146290
55605 126720 146290
146290 55605 126720
84411 36611 144304
36611 84411 144304
144304 36611 84411
9347 114440 146216
114440 9347 146216
146216 9347 114440
86264 75616 86042
75616 86042 86264
86042 75616 86264
115889 139353 145928
145928 115889 139353
139353 115889 145928
109997 20785 99772
20785 99772 109997
99772 20785 109997
74189 106721 133675
133675 74189 106721
106721 74189 133675
27137 1421 56505
56505 1421 27137
1421 27137 56505
61171 6525 135925
135925 6525 61171
6525 61171 135925
104978 12808 136684
136684 12808 104978
12808 104978 136684
48616 259 51293
51293 259 48616
259 48616 51293
113202 25292 96870
96870 25292 113202
25292 96870 113202
116771 29911 105776
105776 29911 116771
29911 105776 116771
92827 57043 85887
85887 57043 92827
57043 85887 92827
90491 96552 108007
108007 90491 96552
96552 90491 108007
58649 31346 101508
31346 58649 101508
101508 31346 58649
144770 16768 114821
114821 16768 144770
16768 114821 144770
68263 26876 62724
26876 62724 68263
62724 26876 68263
55565 39237 129466
129466 39237 55565
39237 55565 129466
35918 71085 98595
71085 35918 98595
98595 35918 71085
80527 30488 116920
116920 30488 80527
30488 80527 116920
82903 74877 77369
74877 77369 82903
77369 74877 82903
132426 16880 110297
16880 110297 132426
110297 16880 132426
71121 65186 140492
65186 71121 140492
140492 65186 71121
84712 60518 133626
60518 84712 133626
133626 60518 84712
10340 35306 64446
35306 10340 64446
64446 10340 35306
128241 101221 120964
120964 101221 128241
101221 120964 128241
113054 5652 128454
5652 113054 128454
128454 5652 113054
126071 33081 91580
33081 91580 126071
91580 33081 126071
136168 10312 105180
10312 105180 136168
105180 10312 136168
94784 25208 65127
25208 65127 94784
65127 25208 94784
43758 83105 90517
90517 43758 83105
83105 43758 90517
10206 34645 74778
74778 10206 34645
34645 10206 74778
140939 25023 46592
25023 46592 140939
46592 25023 140939
71424 66502 141786
66502 71424 141786
141786 66502 71424
94426 49693 62911
62911 49693 94426
49693 62911 94426
135931 80678 83729
80678 83729 135931
83729 80678 135931
2534 258 59129
258 2534 59129
59129 258 2534
96452 24917 46775
24917 46775 96452
46775 24917 96452
124588 77191 127787
127787 77191 124588
77191 124588 127787
64166 94616 131934
131934 64166 94616
94616 64166 131934
63936 109956 135769
109956 63936 135769
135769 63936 109956
12987 94532 102003
102003 12987 94532
94532 12987 102003
123223 30858 95975
95975 30858 123223
30858 95975 123223
57115 32083 127927
32083 57115 127927
127927 32083 57115
67767 30198 48279
48279 30198 67767
30198 48279 67767
4272 69916 104913
69916 4272 104913
104913 4272 69916
19586 42267 85087
42267 19586 85087
85087 19586 42267
133454 75057 147067
147067 75057 133454
75057 133454 147067
138895 83413 102596
102596 83413 138895
83413 102596 138895
145479 55259 56482
56482 55259 145479
55259 56482 145479
54804 10778 74986
74986 10778 54804
10778 54804 74986
91785 91993 122998
91993 91785 122998
122998 91785 91993
90669 59203 115343
59203 90669 115343
115343 59203 90669
122103 47616 104492
104492 47616 122103
47616 104492 122103
74555 10585 145765
145765 10585 74555
10585 74555 145765
117324 48699 76316
76316 48699 117324
48699 76316 117324
133343 16286 138212
138212 16286 133343
16286 133343 138212
25866 62557 147585
147585 25866 62557
62557 25866 147585
24720 4153 74930
74930 4153 24720
4153 24720 74930
126793 35168 66739
66739 35168 126793
35168 66739 126793
117182 124270 140497
124270 117182 140497
140497 117182 124270
47626 97948 122208
122208 47626 97948
97948 47626 122208
44122 148797 148809
148797 44122 148809
148809 44122 148797
18377 138501 142936
138501 18377 142936
142936 18377 138501
117086 86974 104681
86974 104681 117086
104681 86974 117086
57266 76633 124966
124966 57266 76633
76633 57266 124966
86775 18491 121169
18491 86775 121169
121169 18491 86775
86205 45066 137132
137132 45066 86205
45066 86205 137132
9924 66351 122233
66351 9924 122233
122233 9924 66351
51359 144204 144883
144204 51359 144883
144883 51359 144204
124245 42557 61146
42557 61146 124245
61146 42557 124245
126473 18921 49151
18921 49151 126473
49151 18921 126473
102687 13561 137314
137314 13561 102687
13561 102687 137314
77790 75703 77326
77326 75703 77790
75703 77326 77790
4701 74430 134248
134248 4701 74430
74430 4701 134248
67009 96546 132333
132333 67009 96546
96546 67009 132333
25172 36046 43131
43131 25172 36046
36046 25172 43131
19791 97263 110093
97263 19791 110093
110093 19791 97263
42634 26810 117271
26810 42634 117271
117271 26810 42634
69634 25525 33849
25525 33849 69634
33849 25525 69634
94732 9235 43679
43679 9235 94732
9235 43679 94732
59904 11993 123308
11993 59904 123308
123308 11993 59904
52786 21661 54281
54281 21661 52786
21661 52786 54281
8501 74839 119833
119833 8501 74839
74839 8501 119833
51223 14119 144003
144003 14119 51223
14119 51223 144003
6990 124435 144801
124435 6990 144801
144801 6990 124435
20780 44560 75155
44560 20780 75155
75155 20780 44560
82425 65962 116457
116457 65962 82425
65962 82425 116457
131085 58639 113849
113849 58639 131085
58639 113849 131085
132758 12129 49970
49970 12129 132758
12129 49970 132758
47169 25471 111000
111000 25471 47169
25471 47169 111000
111787 129314 136134
136134 111787 129314
129314 111787 136134
25058 4325 79194
4325 25058 79194
79194 4325 25058
32573 62018 110355
62018 32573 110355
110355 32573 62018
123041 3965 102779
3965 102779 123041
102779 3965 123041
34488 122087 144464
122087 34488 144464
144464 34488 122087
97128 100211 138002
138002 97128 100211
100211 97128 138002
111442 60876 69727
60876 69727 111442
69727 60876 111442
39820 102943 111028
102943 39820 111028
111028 39820 102943
77428 25814 127828
25814 77428 127828
127828 25814 77428
93633 14700 44741
44741 14700 93633
14700 44741 93633
36416 104465 145037
145037 36416 104465
104465 36416 145037
117456 17745 34873
17745 34873 117456
34873 17745 117456
43746 50969 128520
128520 43746 50969
50969 43746 128520
15523 8328 102926
102926 8328 15523
8328 15523 102926
88882 110105 118042
118042 88882 110105
110105 88882 118042
122083 8534 55108
8534 55108 122083
55108 8534 122083
6871 69898 105359
69898 6871 105359
105359 6871 69898
142670 16193 79717
16193 79717 142670
79717 16193 142670
51568 23510 67363
23510 51568 67363
67363 23510 51568
110466 123199 137891
137891 110466 123199
123199 110466 137891
132004 13343 95675
95675 13343 132004
13343 95675 132004
42316 86745 117403
117403 42316 86745
86745 42316 117403
19188 6666 112607
6666 19188 112607
112607 6666 19188
106830 65487 103205
103205 65487 106830
65487 103205 106830
139648 22252 112962
22252 112962 139648
112962 22252 139648
93902 5945 75088
5945 75088 93902
75088 5945 93902
127594 101317 148327
148327 101317 127594
101317 127594 148327
146095 30359 59926
59926 30359 146095
30359 59926 146095
140715 119532 148506
148506 119532 140715
119532 140715 148506
53265 101898 137807
101898 53265 137807
137807 53265 101898
17301 17835 63509
17835 17301 63509
63509 17301 17835
146205 40531 146888
146888 40531 146205
40531 146205 146888
97581 86152 131980
86152 97581 131980
131980 86152 97581
45532 29906 127915
127915 29906 45532
29906 45532 127915
124167 41084 58051
41084 58051 124167
58051 41084 124167
16294 40987 138871
40987 16294 138871
138871 16294 40987
30258 77764 84484
77764 30258 84484
84484 30258 77764
41836 41452 147283
41452 41836 147283
147283 41452 41836
106219 30503 113031
30503 106219 113031
113031 30503 106219
89293 78718 90747
78718 89293 90747
90747 78718 89293
20067 73868 92033
92033 20067 73868
73868 20067 92033
3416 31122 107803
31122 3416 107803
107803 3416 31122
41201 15708 77773
77773 15708 41201
15708 41201 77773
75250 89634 138584
138584 75250 89634
89634 75250 138584
57919 19928 130105
130105 19928 57919
19928 57919 130105
138705 35929 103295
35929 103295 138705
103295 35929 138705
130510 72880 76567
72880 76567 130510
76567 72880 130510
141823 6000 20136
6000 20136 141823
20136 6000 141823
127587 62963 63562
63562 62963 127587
62963 63562 127587
111065 4506 130242
130242 4506 111065
4506 111065 130242
15618 54287 145888
145888 15618 54287
54287 15618 145888
19213 21540 75637
75637 19213 21540
21540 19213 75637
101031 58314 138680
138680 58314 101031
58314 101031 138680
119716 49344 67851
67851 49344 119716
49344 67851 119716
4474 15796 139542
139542 4474 15796
15796 4474 139542
63361 40188 76132
40188 63361 76132
76132 40188 63361
102441 44485 102266
44485 102266 102441
102266 44485 102441
31218 9952 111714
9952 31218 111714
111714 9952 31218
37997 45728 109961
45728 37997 109961
109961 37997 45728
138820 23578 90251
23578 90251 138820
90251 23578 138820
114389 41646 81962
81962 41646 114389
41646 81962 114389
86444 37682 141875
141875 37682 86444
37682 86444 141875
52699 28717 136204
136204 28717 52699
28717 52699 136204
1385 8299 34884
8299 1385 34884
34884 1385 8299
135034 106541 146634
146634 106541 135034
106541 135034 146634
59317 3133 31639
3133 31639 59317
31639 3133 59317
105043 59101 74054
74054 59101 105043
59101 74054 105043
116622 92702 98585
98585 92702 116622
92702 98585 116622
78885 44866 131457
131457 44866 78885
44866 78885 131457
27282 26086 93462
93462 26086 27282
26086 27282 93462
106574 61589 134964
61589 106574 134964
134964 61589 106574
24771 93722 98270
98270 24771 93722
93722 24771 98270
105130 25073 106506
25073 105130 106506
106506 25073 105130
100570 89580 147551
89580 100570 147551
147551 89580 100570
129473 55665 66526
55665 66526 129473
66526 55665 129473
49832 37666 93608
93608 37666 49832
37666 49832 93608
33349 114840 122548
122548 33349 114840
114840 33349 122548
51400 9622 34323
9622 34323 51400
34323 9622 51400
71614 78436 103844
103844 71614 78436
78436 71614 103844
132233 61630 85471
61630 85471 132233
85471 61630 132233
31242 7378 63292
63292 7378 31242
7378 31242 63292
136585 125699 143002
125699 136585 143002
143002 125699 136585
2349 120875 126013
126013 2349 120875
120875 2349 126013
74653 61147 133245
61147 74653 133245
133245 61147 74653
5483 15162 36278
36278 5483 15162
15162 5483 36278
70108 30559 58324
58324 30559 70108
30559 58324 70108
54951 16104 115268
16104 54951 115268
115268 16104 54951
76731 8930 125966
8930 76731 125966
125966 8930 76731
44559 90225 145692
145692 44559 90225
90225 44559 145692
135533 15927 102786
102786 15927 135533
15927 102786 135533
39930 4164 45031
45031 4164 39930
4164 39930 45031
68311 51378 82111
51378 68311 82111
82111 51378 68311
105306 20566 137551
20566 105306 137551
137551 20566 105306
113084 30884 107107
107107 30884 113084
30884 107107 113084
108567 12254 89604
12254 89604 108567
89604 12254 108567
145288 29640 45389
45389 29640 145288
29640 45389 145288
136565 92480 134289
134289 92480 136565
92480 134289 136565
8267 76763 80804
80804 8267 76763
76763 8267 80804
83556 39361 120854
120854 39361 83556
39361 83556 120854
89706 80922 90506
80922 89706 90506
90506 80922 89706
103070 66819 72366
72366 66819 103070
66819 72366 103070
62802 10567 78437
78437 10567 62802
10567 62802 78437
130480 4295 55127
4295 55127 130480
55127 4295 130480
36315 33003 141889
33003 36315 141889
141889 33003 36315
58790 19720 144387
144387 19720 58790
19720 58790 144387
27031 32470 56438
56438 27031 32470
32470 27031 56438
16421 17886 85568
85568 16421 17886
17886 16421 85568
72513 15506 144554
144554 15506 72513
15506 72513 144554
28565 138451 138850
138850 28565 138451
138451 28565 138850
20195 85494 90007
85494 20195 90007
90007 20195 85494
124796 114472 136042
114472 124796 136042
136042 114472 124796
126108 34149 79063
79063 34149 126108
34149 79063 126108
87217 56634 66210
66210 56634 87217
56634 66210 87217
67201 88800 112283
88800 67201 112283
112283 67201 88800
72521 11198 110874
110874 11198 72521
11198 72521 110874
44432 101322 140087
101322 44432 140087
140087 44432 101322
102122 3467 97894
97894 3467 102122
3467 97894 102122
47257 66849 121592
121592 47257 66849
66849 47257 121592
11758 67105 112842
112842 11758 67105
67105 11758 112842
42038 71777 99302
99302 42038 71777
71777 42038 99302
89289 79415 109020
109020 79415 89289
79415 89289 109020
21267 7344 102890
7344 21267 102890
102890 7344 21267
101785 16119 94904
94904 16119 101785
16119 94904 101785
139293 15487 58105
58105 15487 139293
15487 58105 139293
138811 78557 124932
78557 124932 138811
124932 78557 138811
77984 43737 147503
147503 43737 77984
43737 77984 147503
32424 104858 141115
104858 32424 141115
141115 32424 104858
63065 2458 130667
130667 2458 63065
2458 63065 130667
129366 25952 89487
25952 89487 129366
89487 25952 129366
63359 105725 145489
145489 63359 105725
105725 63359 145489
56781 80551 129485
80551 56781 129485
129485 56781 80551
83535 31813 113205
31813 83535 113205
113205 31813 83535
20800 133458 137615
137615 20800 133458
133458 20800 137615
112755 73723 88538
73723 88538 112755
88538 73723 112755
10196 5507 31020
31020 5507 10196
5507 10196 31020
40207 112073 134809
134809 40207 112073
112073 40207 134809
125768 49419 86267
86267 49419 125768
49419 86267 125768
86976 6460 108178
108178 6460 86976
6460 86976 108178
53456 143287 147937
147937 53456 143287
143287 53456 147937
120258 37955 64884
64884 37955 120258
37955 64884 120258
135799 89908 109091
89908 109091 135799
109091 89908 135799
38975 86813 137353
137353 38975 86813
86813 38975 137353
20006 55757 87111
87111 20006 55757
55757 20006 87111
89844 49662 76310
76310 49662 89844
49662 76310 89844
52096 1597 130857
130857 1597 52096
1597 52096 130857
9284 10996 98912
98912 9284 10996
10996 9284 98912
10229 86065 142938
142938 10229 86065
86065 10229 142938
44731 119858 128428
119858 44731 128428
128428 44731 119858
49685 70031 102144
70031 49685 102144
102144 49685 70031
128771 17705 141763
141763 17705 128771
17705 128771 141763
88183 34600 103692
103692 34600 88183
34600 88183 103692
29810 17097 77162
17097 29810 77162
77162 17097 29810
98054 58577 95456
95456 58577 98054
58577 95456 98054
51919 53841 115969
53841 51919 115969
115969 51919 53841
11583 47281 80745
47281 11583 80745
80745 11583 47281
6800 24606 37958
37958 6800 24606
24606 6800 37958
70954 90183 106139
90183 70954 106139
106139 70954 90183
26249 56646 141690
56646 26249 141690
141690 26249 56646
21743 4936 84295
84295 4936 21743
4936 21743 84295
122213 30086 67269
67269 30086 122213
30086 67269 122213
31809 2073 121452
2073 31809 121452
121452 2073 31809
85715 24355 62134
24355 62134 85715
62134 24355 85715
128747 29156 57615
29156 57615 128747
57615 29156 128747
7853 53504 82733
53504 7853 82733
82733 7853 53504
91291 5735 113397
5735 91291 113397
113397 5735 91291
80359 40372 132235
132235 40372 80359
40372 80359 132235
95457 54913 69770
54913 69770 95457
69770 54913 95457
146772 102439 133017
102439 133017 146772
133017 102439 146772
141886 39432 109373
109373 39432 141886
39432 109373 141886
87456 38869 103328
38869 87456 103328
103328 38869 87456
3734 74152 98343
98343 3734 74152
74152 3734 98343
67551 109431 142969
109431 67551 142969
142969 67551 109431
47775 59799 145365
59799 47775 145365
145365 47775 59799
119279 10516 146846
10516 119279 146846
146846 10516 119279
32331 12516 140034
12516 32331 140034
140034 12516 32331
103614 30305 102197
30305 102197 103614
102197 30305 103614
83341 72224 128203
72224 83341 128203
128203 72224 83341
122013 80393 124501
124501 80393 122013
80393 122013 124501
49412 45286 61462
61462 45286 49412
45286 49412 61462
50659 107037 147207
147207 50659 107037
107037 50659 147207
5733 66207 138710
66207 5733 138710
138710 5733 66207
52968 82864 123209
82864 52968 123209
123209 52968 82864
8327 12567 35460
12567 8327 35460
35460 8327 12567
9152 56045 80990
80990 9152 56045
56045 9152 80990
21876 66266 89808
66266 21876 89808
89808 21876 66266
39079 62991 109799
62991 39079 109799
109799 39079 62991
43635 46600 91990
46600 43635 91990
91990 43635 46600
126871 88684 110024
110024 88684 126871
88684 110024 126871
20698 51881 72403
72403 20698 51881
51881 20698 72403
143648 55810 87885
87885 55810 143648
55810 87885 143648
84352 53640 144013
53640 84352 144013
144013 53640 84352
64266 69043 86790
86790 64266 69043
69043 64266 86790
20187 71274 91494
71274 20187 91494
91494 20187 71274
84278 33129 107395
33129 84278 107395
107395 33129 84278
109057 30447 107397
107397 30447 109057
30447 107397 109057
35440 28225 54851
28225 35440 54851
54851 28225 35440
116225 16376 18859
16376 18859 116225
18859 16376 116225
127332 34835 85610
85610 34835 127332
34835 85610 127332
22747 42653 115731
42653 22747 115731
115731 22747 42653
32541 80505 143823
80505 32541 143823
143823 32541 80505
144381 123128 143422
123128 143422 144381
143422 123128 144381
2737 122532 141474
141474 2737 122532
122532 2737 141474
9116 1682 142305
142305 1682 9116
1682 9116 142305
12389 35061 105804
105804 12389 35061
35061 12389 105804
109350 123176 124191
124191 109350 123176
123176 109350 124191
100800 62163 117979
117979 62163 100800
62163 100800 117979
124417 84145 134109
134109 84145 124417
84145 124417 134109
19167 56936 102759
56936 19167 102759
102759 19167 56936
97017 104197 105373
105373 97017 104197
104197 97017 105373
50804 49702 86897
49702 50804 86897
86897 49702 50804
93211 57543 106679
106679 57543 93211
57543 93211 106679
69975 93142 113743
113743 69975 93142
93142 69975 113743
112547 20019 56830
56830 20019 112547
20019 56830 112547
126762 83813 118183
83813 118183 126762
118183 83813 126762
124827 54136 111231
111231 54136 124827
54136 111231 124827
547 114791 124945
124945 547 114791
114791 547 124945
22239 6479 146175
146175 6479 22239
6479 22239 146175
78522 2453 65999
65999 2453 78522
2453 65999 78522
47657 15247 76789
15247 47657 76789
76789 15247 47657
130449 3447 60264
60264 3447 130449
3447 60264 130449
121818 101831 145369
101831 121818 145369
145369 101831 121818
128607 69138 141804
141804 69138 128607
69138 128607 141804
62495 15805 41164
41164 15805 62495
15805 41164 62495
36662 1083 77776
77776 1083 36662
1083 36662 77776
81568 114387 137060
137060 81568 114387
114387 81568 137060
29297 27322 34568
27322 29297 34568
34568 27322 29297
132962 97275 140545
140545 97275 132962
97275 132962 140545
102161 5682 54854
5682 54854 102161
54854 5682 102161
127962 108165 108685
108685 108165 127962
108165 108685 127962
14047 38038 49019
38038 14047 49019
49019 14047 38038
83804 28083 112548
112548 28083 83804
28083 83804 112548
131685 91373 109060
91373 109060 131685
109060 91373 131685
53845 36116 56064
56064 36116 53845
36116 53845 56064
44995 3195 51801
3195 44995 51801
51801 3195 44995
61015 62782 135483
135483 61015 62782
62782 61015 135483
22188 20442 44286
44286 20442 22188
20442 22188 44286
74112 32358 89148
89148 32358 74112
32358 74112 89148
70395 3535 27202
3535 27202 70395
27202 3535 70395
118101 1606 130001
1606 118101 130001
130001 1606 118101
55161 12549 147680
12549 55161 147680
147680 12549 55161
129747 85762 111880
111880 85762 129747
85762 111880 129747
108096 74367 133504
74367 108096 133504
133504 74367 108096
68157 19862 101352
101352 19862 68157
19862 68157 101352
10807 4007 17933
17933 4007 10807
4007 10807 17933
23105 20451 102886
102886 20451 23105
20451 23105 102886
81390 2931 102940
102940 2931 81390
2931 81390 102940
101022 31261 86834
86834 31261 101022
31261 86834 101022
123227 72562 116317
116317 72562 123227
72562 116317 123227
144002 62281 147220
147220 62281 144002
62281 144002 147220
123982 61050 78946
61050 78946 123982
78946 61050 123982
65007 76319 125352
76319 65007 125352
125352 65007 76319
15407 31754 54452
31754 15407 54452
54452 15407 31754
44110 23074 78776
78776 23074 44110
23074 44110 78776
77835 100757 142458
100757 77835 142458
142458 77835 100757
105039 104679 125007
104679 105039 125007
125007 104679 105039
119273 68069 146575
68069 119273 146575
146575 68069 119273
56385 49149 74409
49149 56385 74409
74409 49149 56385
44619 72293 115923
115923 44619 72293
72293 44619 115923
8390 10230 113040
113040 8390 10230
10230 8390 113040
105642 98256 133864
98256 105642 133864
133864 98256 105642
19199 19053 23055
19053 19199 23055
23055 19053 19199
19730 48276 61103
48276 19730 61103
61103 19730 48276
107715 26227 44646
44646 26227 107715
26227 44646 107715
143299 98191 113363
113363 98191 143299
98191 113363 143299
19614 109403 128408
128408 19614 109403
109403 19614 128408
126983 28941 63206
63206 28941 126983
28941 63206 126983
144794 82622 99183
99183 82622 144794
82622 99183 144794
54064 46630 142698
142698 46630 54064
46630 54064 142698
74693 2507 77856
77856 2507 74693
2507 74693 77856
95582 60787 127075
60787 95582 127075
127075 60787 95582
113294 87921 143774
87921 113294 143774
143774 87921 113294
48129 92860 122578
92860 48129 122578
122578 48129 92860
11540 7108 112812
7108 11540 112812
112812 7108 11540
103757 40925 75877
40925 75877 103757
75877 40925 103757
82755 61849 99054
61849 82755 99054
99054 61849 82755
76117 55944 101015
55944 76117 101015
101015 55944 76117
116641 32110 114915
32110 114915 116641
114915 32110 116641
40667 7712 143064
143064 7712 40667
7712 40667 143064
115968 50069 92349
50069 92349 115968
92349 50069 115968
10434 37858 46767
37858 10434 46767
46767 10434 37858
142558 2540 147531
2540 142558 147531
147531 2540 142558
72207 61859 117906
61859 72207 117906
117906 61859 72207
75032 127985 132643
127985 75032 132643
132643 75032 127985
71374 15129 149204
15129 71374 149204
149204 15129 71374
23394 52527 139640
139640 23394 52527
52527 23394 139640
148150 88505 148021
148021 88505 148150
88505 148021 148150
32611 11510 101990
101990 11510 32611
11510 32611 101990
97222 31008 107787
31008 97222 107787
107787 31008 97222
60359 111004 144259
111004 60359 144259
144259 60359 111004
43472 40699 125105
125105 40699 43472
40699 43472 125105
39041 50282 137065
137065 39041 50282
50282 39041 137065
14358 7256 12560
7256 12560 14358
12560 7256 14358
85295 15780 94671
94671 15780 85295
15780 85295 94671
41371 64081 118900
64081 41371 118900
118900 41371 64081
38442 49470 146971
49470 38442 146971
146971 38442 49470
89122 71742 80142
71742 80142 89122
80142 71742 89122
88733 20741 147756
20741 88733 147756
147756 20741 88733
66768 59185 135006
135006 59185 66768
59185 66768 135006
25065 26306 91261
91261 25065 26306
26306 25065 91261
37245 68996 136211
136211 37245 68996
68996 37245 136211
139374 67618 124631
124631 67618 139374
67618 124631 139374
16288 44815 129586
44815 16288 129586
129586 16288 44815
3875 92531 103735
103735 3875 92531
92531 3875 103735
37459 3566 87198
3566 37459 87198
87198 3566 37459
4907 35366 82674
82674 4907 35366
35366 4907 82674
7079 50027 104697
50027 7079 104697
104697 7079 50027
73681 118508 123669
123669 73681 118508
118508 73681 123669
108523 6927 88557
6927 88557 108523
88557 6927 108523
28302 70897 129894
129894 28302 70897
70897 28302 129894
26703 26317 67368
26317 26703 67368
67368 26317 26703
85217 69696 86107
69696 85217 86107
86107 69696 85217
72842 105737 127447
105737 72842 127447
127447 72842 105737
13988 36459 147392
36459 13988 147392
147392 13988 36459
28643 49589 104989
49589 28643 104989
104989 28643 49589
51974 22911 127550
127550 22911 51974
22911 51974 127550
92839 136616 143867
136616 92839 143867
143867 92839 136616
126256 87761 133173
87761 126256 133173
133173 87761 126256
78832 4749 121073
4749 78832 121073
121073 4749 78832
22338 28980 54538
28980 22338 54538
54538 22338 28980
45437 52328 100748
52328 45437 100748
100748 45437 52328
122705 38740 42578
42578 38740 122705
38740 42578 122705
16709 58990 123284
58990 16709 123284
123284 16709 58990
54463 65645 108912
108912 54463 65645
65645 54463 108912
99266 2454 43396
43396 2454 99266
2454 43396 99266
147178 51146 89084
51146 89084 147178
89084 51146 147178
111059 70331 107314
70331 107314 111059
107314 70331 111059
48053 34621 64625
34621 48053 64625
64625 34621 48053
65678 3721 130012
130012 3721 65678
3721 65678 130012
24946 21628 62458
62458 21628 24946
21628 24946 62458
143328 89140 149838
89140 143328 149838
149838 89140 143328
60512 7328 53964
53964 7328 60512
7328 53964 60512
141863 13960 140320
140320 13960 141863
13960 140320 141863
10603 665 110513
110513 665 10603
665 10603 110513
118387 56373 145261
56373 118387 145261
145261 56373 118387
51830 10281 25939
10281 25939 51830
25939 10281 51830
127895 50883 77517
50883 77517 127895
77517 50883 127895
18017 28399 145447
28399 18017 145447
145447 18017 28399
93346 35995 119791
35995 93346 119791
119791 35995 93346
97571 30842 69729
69729 30842 97571
30842 69729 97571
38183 92714 129751
129751 38183 92714
92714 38183 129751
126069 58440 61759
61759 58440 126069
58440 61759 126069
107228 98952 124239
124239 98952 107228
98952 107228 124239
119307 47334 129172
47334 119307 129172
129172 47334 119307
128446 91899 121727
121727 91899 128446
91899 121727 128446
