54 270 9472
270 54 9472
9472 54 270
11529 5319 13066
5319 11529 13066
13066 5319 11529
725 11138 12597
12597 725 11138
11138 725 12597
5926 2562 8168
2562 5926 8168
8168 2562 5926
10940 10180 13464
10180 10940 13464
13464 10180 10940
2779 2988 9372
9372 2779 2988
2988 2779 9372
4354 34 2883
34 2883 4354
2883 34 4354
1340 2703 4452
4452 1340 2703
2703 1340 4452
6900 12468 14748
12468 6900 14748
14748 6900 12468
10263 5234 14347
5234 10263 14347
14347 5234 10263
11940 102 7950
102 7950 11940
7950 102 11940
8811 1394 12812
1394 8811 12812
12812 1394 8811
11183 11636 11667
11636 11183 11667
11667 11183 11636
9279 548 5989
548 5989 9279
5989 548 9279
1024 4128 9873
4128 1024 9873
9873 1024 4128
9588 3966 9994
9994 3966 9588
3966 9588 9994
4336 5202 5498
5202 4336 5498
5498 4336 5202
1301 2604 12079
12079 1301 2604
2604 1301 12079
6916 967 13002
967 6916 13002
13002 967 6916
4506 7061 7420
7420 4506 7061
7061 4506 7420
4658 2085 14642
2085 4658 14642
14642 2085 4658
7923 9828 13365
9828 7923 13365
13365 7923 9828
12355 3585 12960
12960 3585 12355
3585 12355 12960
11006 6772 7175
6772 7175 11006
7175 6772 11006
6551 10854 14217
14217 6551 10854
10854 6551 14217
5618 3041 10787
10787 3041 5618
3041 5618 10787
12861 4414 7383
4414 7383 12861
7383 4414 12861
4675 4391 12347
4391 4675 12347
12347 4391 4675
177 5864 6444
5864 177 6444
6444 177 5864
1644 5629 10608
10608 1644 5629
5629 1644 10608
14371 6365 8503
6365 8503 14371
8503 6365 14371
5430 7438 10959
7438 5430 10959
10959 5430 7438
13875 10839 13718
10839 13718 13875
13718 10839 13875
11604 8240 9971
8240 9971 11604
9971 8240 11604
7624 5469 12465
12465 5469 7624
5469 7624 12465
13372 6117 12710
6117 12710 13372
12710 6117 13372
11401 6113 7390
6113 7390 11401
7390 6113 11401
2852 193 12210
12210 193 2852
193 2852 12210
6051 2759 3572
2759 3572 6051
3572 2759 6051
5275 1170 5784
1170 5275 5784
5784 1170 5275
8038 11250 12223
11250 8038 12223
12223 8038 11250
1064 8797 11430
11430 1064 8797
8797 1064 11430
9874 5914 7758
7758 5914 9874
5914 7758 9874
11133 4166 11653
4166 11133 11653
11653 4166 11133
3695 11093 14425
11093 3695 14425
14425 3695 11093
6472 5473 9942
5473 6472 9942
9942 5473 6472
8132 2941 8802
8802 2941 8132
2941 8132 8802
8111 4407 7451
7451 4407 8111
4407 7451 8111
5194 5680 14039
5680 5194 14039
14039 5194 5680
1693 5683 7467
7467 1693 5683
5683 1693 7467
14771 9811 9833
9833 9811 14771
9811 9833 14771
3852 7831 8363
7831 3852 8363
8363 3852 7831
14646 3001 10003
10003 3001 14646
3001 10003 14646
1101 11124 13173
11124 1101 13173
13173 1101 11124
14925 2176 3752
2176 3752 14925
3752 2176 14925
12507 2303 14776
2303 12507 14776
14776 2303 12507
3111 14027 14406
14406 3111 14027
14027 3111 14406
11261 8471 14751
8471 11261 14751
14751 8471 11261
890 1271 8289
1271 890 8289
8289 890 1271
6183 3168 3934
3934 3168 6183
3168 3934 6183
4845 10607 14673
10607 4845 14673
14673 4845 10607
10035 2094 14816
2094 10035 14816
14816 2094 10035
6070 1342 3005
1342 3005 6070
3005 1342 6070
12415 4522 13992
4522 12415 13992
13992 4522 12415
7940 2101 6914
2101 6914 7940
6914 2101 7940
11742 10670 12945
10670 11742 12945
12945 10670 11742
8691 9088 13027
9088 8691 13027
13027 8691 9088
7740 2372 9587
9587 2372 7740
2372 7740 9587
576 8723 8812
8723 576 8812
8812 576 8723
9373 3828 5737
5737 3828 9373
3828 5737 9373
10234 3529 9290
3529 9290 10234
9290 3529 10234
5215 9271 9782
9271 5215 9782
9782 5215 9271
3718 5893 7121
5893 3718 7121
7121 3718 5893
7320 1876 8088
8088 1876 7320
1876 7320 8088
13735 1050 12722
12722 1050 13735
1050 12722 13735
1473 1349 13534
1349 1473 13534
13534 1349 1473
3617 806 4718
806 3617 4718
4718 806 3617
13185 6579 11596
11596 6579 13185
6579 11596 13185
2744 6406 14342
14342 2744 6406
6406 2744 14342
4114 1754 6876
6876 1754 4114
1754 4114 6876
3774 791 11689
791 3774 11689
11689 791 3774
12187 6973 11926
6973 11926 12187
11926 6973 12187
1784 4512 11139
11139 1784 4512
4512 1784 11139
14136 5699 12407
12407 5699 14136
5699 12407 14136
9173 9130 12141
12141 9130 9173
9130 9173 12141
1958 3310 3863
3863 1958 3310
3310 1958 3863
3565 10028 11180
10028 3565 11180
11180 3565 10028
3349 1637 9884
9884 1637 3349
1637 3349 9884
12837 76 7935
76 7935 12837
7935 76 12837
9918 3290 13591
13591 3290 9918
3290 9918 13591
9937 972 14079
14079 972 9937
972 9937 14079
11268 846 6759
6759 846 11268
846 6759 11268
5063 5361 7799
5361 5063 7799
7799 5063 5361
10447 5533 7338
5533 7338 10447
7338 5533 10447
14931 3211 14842
3211 14842 14931
14842 3211 14931
13656 2057 9199
2057 9199 13656
9199 2057 13656
1777 44 1891
1891 44 1777
44 1777 1891
1900 9291 12623
12623 1900 9291
9291 1900 12623
10026 2736 13693
13693 2736 10026
2736 10026 13693
1242 10560 12167
12167 1242 10560
10560 1242 12167
14714 752 3694
752 3694 14714
3694 752 14714
6258 3579 7827
7827 3579 6258
3579 6258 7827
3733 9388 10767
10767 3733 9388
9388 3733 10767
12516 4559 6798
6798 4559 12516
4559 6798 12516
5293 4287 8166
8166 4287 5293
4287 5293 8166
106 603 7169
603 106 7169
7169 106 603
14779 1040 14473
14473 1040 14779
1040 14473 14779
12819 8744 14186
8744 12819 14186
14186 8744 12819
14177 667 5036
5036 667 14177
667 5036 14177
9880 9299 10836
9299 9880 10836
10836 9299 9880
10927 9820 14772
9820 10927 14772
14772 9820 10927
3959 533 6673
6673 533 3959
533 3959 6673
14784 8925 10791
8925 10791 14784
10791 8925 14784
1459 11387 13659
11387 1459 13659
13659 1459 11387
10383 7727 13463
7727 10383 13463
13463 7727 10383
14459 11505 13984
11505 13984 14459
13984 11505 14459
13903 8422 13535
8422 13535 13903
13535 8422 13903
404 13094 14366
13094 404 14366
14366 404 13094
6777 5553 14915
5553 6777 14915
14915 5553 6777
12965 2324 5858
5858 2324 12965
2324 5858 12965
7683 10710 11454
10710 7683 11454
11454 7683 10710
872 5025 11156
11156 872 5025
5025 872 11156
6852 7932 11337
11337 6852 7932
7932 6852 11337
8668 2125 3908
3908 2125 8668
2125 3908 8668
956 8041 9936
8041 956 9936
9936 956 8041
9081 8804 9615
9615 8804 9081
8804 9081 9615
1413 12959 13158
12959 1413 13158
13158 1413 12959
5829 2078 8795
8795 2078 5829
2078 5829 8795
6142 6802 9745
6802 6142 9745
9745 6142 6802
14489 313 4684
4684 313 14489
313 4684 14489
6581 1805 6005
1805 6005 6581
6005 1805 6581
2875 1564 6791
6791 1564 2875
1564 2875 6791
12050 6864 12676
6864 12050 12676
12676 6864 12050
13355 2741 13385
13385 2741 13355
2741 13355 13385
8326 2105 4578
4578 2105 8326
2105 4578 8326
3306 6105 14957
6105 3306 14957
14957 3306 6105
13889 13081 14126
13081 13889 14126
14126 13081 13889
11776 10289 13884
10289 11776 13884
13884 10289 11776
4091 3736 8719
3736 4091 8719
8719 3736 4091
6056 155 4023
155 4023 6056
4023 155 6056
14139 3684 10717
10717 3684 14139
3684 10717 14139
12044 8171 8905
8905 8171 12044
8171 8905 12044
6141 2549 5285
5285 2549 6141
2549 5285 6141
2076 4873 11038
11038 2076 4873
4873 2076 11038
8702 4396 8714
8714 4396 8702
4396 8702 8714
2282 3143 6011
3143 2282 6011
6011 2282 3143
1029 10216 13847
10216 1029 13847
13847 1029 10216
4441 8276 8932
8276 4441 8932
8932 4441 8276
13179 8743 9979
9979 8743 13179
8743 9979 13179
1681 3948 9117
3948 1681 9117
9117 1681 3948
12335 12014 12312
12312 12014 12335
12014 12312 12335
4443 9093 12102
12102 4443 9093
9093 4443 12102
2960 825 3723
825 2960 3723
3723 825 2960
12120 1279 1613
1279 1613 12120
1613 1279 12120
994 501 7402
7402 501 994
501 994 7402
10121 1218 2774
1218 2774 10121
2774 1218 10121
13103 1540 12610
1540 12610 13103
12610 1540 13103
8644 238 5880
238 5880 8644
5880 238 8644
5211 5609 10072
5609 5211 10072
10072 5211 5609
12983 2198 10191
10191 2198 12983
2198 10191 12983
12432 914 11686
914 11686 12432
11686 914 12432
12204 5810 10215
10215 5810 12204
5810 10215 12204
13288 5047 13090
13090 5047 13288
5047 13090 13288
11435 11488 13007
11488 11435 13007
13007 11435 11488
1747 6989 14773
6989 1747 14773
14773 1747 6989
3791 2199 10810
2199 3791 10810
10810 2199 3791
10059 6300 14564
6300 10059 14564
14564 6300 10059
7862 417 13550
13550 417 7862
417 7862 13550
12202 1191 3749
1191 3749 12202
3749 1191 12202
2232 4944 14100
4944 2232 14100
14100 2232 4944
8901 11775 12894
12894 8901 11775
11775 8901 12894
13818 7226 12443
7226 12443 13818
12443 7226 13818
10295 10292 14525
14525 10292 10295
10292 10295 14525
14921 1695 8689
1695 8689 14921
8689 1695 14921
3009 1902 3944
1902 3009 3944
3944 1902 3009
11194 12839 14269
14269 11194 12839
12839 11194 14269
14006 6639 9887
9887 6639 14006
6639 9887 14006
46 3132 4951
4951 46 3132
3132 46 4951
1698 2548 3409
3409 1698 2548
2548 1698 3409
8296 4674 14364
4674 8296 14364
14364 4674 8296
5793 12267 13852
12267 5793 13852
13852 5793 12267
14972 12756 14663
12756 14663 14972
14663 12756 14972
11255 1510 4978
1510 4978 11255
4978 1510 11255
853 2756 11863
11863 853 2756
2756 853 11863
3802 4183 7822
4183 3802 7822
7822 3802 4183
10636 5690 10158
10158 5690 10636
5690 10158 10636
1600 4058 13500
4058 1600 13500
13500 1600 4058
1724 10732 14083
10732 1724 14083
14083 1724 10732
247 6590 10242
10242 247 6590
6590 247 10242
10001 1137 14696
14696 1137 10001
1137 10001 14696
195 3312 12224
3312 195 12224
12224 195 3312
5166 2998 3972
2998 3972 5166
3972 2998 5166
10474 3587 4853
4853 3587 10474
3587 4853 10474
12107 3411 7632
3411 7632 12107
7632 3411 12107
4814 8095 11908
11908 4814 8095
8095 4814 11908
12327 1387 7210
7210 1387 12327
1387 7210 12327
2932 6979 7775
6979 2932 7775
7775 2932 6979
9 2966 7392
2966 9 7392
7392 9 2966
8991 505 5161
5161 505 8991
505 5161 8991
14834 13510 14193
13510 14193 14834
14193 13510 14834
4169 1294 3203
3203 1294 4169
1294 3203 4169
13831 2255 4800
4800 2255 13831
2255 4800 13831
14408 1776 3941
1776 3941 14408
3941 1776 14408
7353 7001 12729
7001 7353 12729
12729 7001 7353
2899 12810 13051
13051 2899 12810
12810 2899 13051
14392 10920 10945
10920 10945 14392
10945 10920 14392
14602 2309 12455
12455 2309 14602
2309 12455 14602
3967 4446 7317
4446 3967 7317
7317 3967 4446
4395 1464 5057
1464 4395 5057
5057 1464 4395
4743 2996 12125
12125 2996 4743
2996 4743 12125
8887 10523 14580
10523 8887 14580
14580 8887 10523
6456 9245 11530
9245 6456 11530
11530 6456 9245
10609 12907 14809
12907 10609 14809
14809 10609 12907
1503 8606 14059
14059 1503 8606
8606 1503 14059
4427 5670 6296
5670 4427 6296
6296 4427 5670
14377 9688 12194
12194 9688 14377
9688 12194 14377
7981 9036 9430
9430 7981 9036
9036 7981 9430
2301 7938 14147
14147 2301 7938
7938 2301 14147
274 2954 12502
2954 274 12502
12502 274 2954
5423 3704 13851
3704 5423 13851
13851 3704 5423
7035 8552 14521
14521 7035 8552
8552 7035 14521
7491 2366 4735
4735 2366 7491
2366 4735 7491
6121 4147 9613
9613 4147 6121
4147 6121 9613
8358 2341 10088
10088 2341 8358
2341 8358 10088
4112 443 11569
443 4112 11569
11569 443 4112
13204 12036 13972
12036 13204 13972
13972 12036 13204
14849 1089 8140
8140 1089 14849
1089 8140 14849
4003 7064 14998
7064 4003 14998
14998 4003 7064
14318 6012 10919
10919 6012 14318
6012 10919 14318
12143 748 8210
748 8210 12143
8210 748 12143
6670 4724 4806
4724 4806 6670
4806 4724 6670
9234 1336 12637
1336 9234 12637
12637 1336 9234
642 3763 10949
3763 642 10949
10949 642 3763
3400 5089 12969
12969 3400 5089
5089 3400 12969
2582 660 11766
11766 660 2582
660 2582 11766
13927 1682 2152
1682 2152 13927
2152 1682 13927
2801 506 14782
506 2801 14782
14782 506 2801
8027 1367 8329
8329 1367 8027
1367 8027 8329
9159 4541 5809
4541 5809 9159
5809 4541 9159
10720 7004 8149
7004 8149 10720
8149 7004 10720
6641 2174 2325
2325 2174 6641
2174 2325 6641
6780 5917 6728
5917 6728 6780
6728 5917 6780
616 4284 7857
4284 616 7857
7857 616 4284
13005 5845 11158
11158 5845 13005
5845 11158 13005
11359 4661 6423
6423 4661 11359
4661 6423 11359
14585 1542 13142
13142 1542 14585
1542 13142 14585
11154 4908 9250
9250 4908 11154
4908 9250 11154
5660 5505 9944
9944 5505 5660
5505 5660 9944
10023 3022 7433
7433 3022 10023
3022 7433 10023
6851 4227 11523
11523 4227 6851
4227 6851 11523
7686 1054 2264
2264 1054 7686
1054 2264 7686
8010 1421 2183
1421 2183 8010
2183 1421 8010
4897 1167 8025
8025 1167 4897
1167 4897 8025
11082 3117 8000
3117 8000 11082
8000 3117 11082
6207 6274 9116
9116 6207 6274
6274 6207 9116
4774 7002 11170
7002 4774 11170
11170 4774 7002
12069 2368 14675
2368 12069 14675
14675 2368 12069
2471 3851 11474
3851 2471 11474
11474 2471 3851
12616 959 5056
5056 959 12616
959 5056 12616
6860 1140 3385
3385 1140 6860
1140 3385 6860
13959 9787 14390
9787 13959 14390
14390 9787 13959
11453 422 2948
422 2948 11453
2948 422 11453
1145 2876 3222
3222 1145 2876
2876 1145 3222
6480 4031 11729
11729 4031 6480
4031 6480 11729
7551 4361 5248
5248 4361 7551
4361 5248 7551
8120 12441 14880
12441 8120 14880
14880 8120 12441
10785 5396 13947
5396 10785 13947
13947 5396 10785
3821 2730 6286
6286 2730 3821
2730 3821 6286
13828 9100 11890
9100 11890 13828
11890 9100 13828
3444 96 4158
96 3444 4158
4158 96 3444
8579 2837 14457
14457 2837 8579
2837 8579 14457
10613 9776 13149
13149 9776 10613
9776 10613 13149
2082 2182 3221
3221 2082 2182
2182 2082 3221
3986 1569 6636
6636 1569 3986
1569 3986 6636
13417 9393 13528
9393 13417 13528
13528 9393 13417
14744 823 11460
823 11460 14744
11460 823 14744
5704 3890 7845
7845 3890 5704
3890 5704 7845
10510 7188 8852
8852 7188 10510
7188 8852 10510
1755 5433 12566
12566 1755 5433
5433 1755 12566
14533 12046 12601
12601 12046 14533
12046 12601 14533
7704 1866 14616
1866 7704 14616
14616 1866 7704
2058 13495 13689
13689 2058 13495
13495 2058 13689
10366 1995 8547
8547 1995 10366
1995 8547 10366
10622 7835 11988
7835 10622 11988
11988 7835 10622
5427 1284 8761
1284 5427 8761
8761 1284 5427
1386 5177 7022
7022 1386 5177
5177 1386 7022
1491 11161 12203
12203 1491 11161
11161 1491 12203
14660 13009 13381
13381 13009 14660
13009 13381 14660
11895 8306 12281
8306 11895 12281
12281 8306 11895
10733 3605 13251
3605 10733 13251
13251 3605 10733
10765 457 3429
3429 457 10765
457 3429 10765
7731 5677 5827
5677 5827 7731
5827 5677 7731
819 8442 10956
10956 819 8442
8442 819 10956
154 397 12817
12817 154 397
397 154 12817
919 5206 12248
12248 919 5206
5206 919 12248
7715 9656 10699
9656 7715 10699
10699 7715 9656
8505 3775 11327
11327 3775 8505
3775 8505 11327
10846 8957 11817
11817 8957 10846
8957 10846 11817
1981 2356 5324
2356 1981 5324
5324 1981 2356
13096 2531 4698
2531 4698 13096
4698 2531 13096
14212 1796 9946
9946 1796 14212
1796 9946 14212
3257 7478 8129
7478 3257 8129
8129 3257 7478
1654 969 13858
13858 969 1654
969 1654 13858
9103 782 8138
8138 782 9103
782 8138 9103
8260 3239 14030
3239 8260 14030
14030 3239 8260
4044 8273 11186
8273 4044 11186
11186 4044 8273
670 12353 13717
13717 670 12353
12353 670 13717
9026 1377 6348
1377 6348 9026
6348 1377 9026
4462 447 11097
447 4462 11097
11097 447 4462
10276 8144 8886
8886 8144 10276
8144 8886 10276
8287 8637 13783
13783 8287 8637
8637 8287 13783
14303 73 13008
73 13008 14303
13008 73 14303
10634 9973 12026
9973 10634 12026
12026 9973 10634
7171 495 6738
495 6738 7171
6738 495 7171
5527 4367 7108
4367 5527 7108
7108 4367 5527
5079 4551 12197
12197 4551 5079
4551 5079 12197
13467 6354 8587
8587 6354 13467
6354 8587 13467
4295 7859 10444
10444 4295 7859
7859 4295 10444
9278 6761 12035
6761 9278 12035
12035 6761 9278
13691 452 9236
9236 452 13691
452 9236 13691
3737 3918 12555
12555 3737 3918
3918 3737 12555
12114 7469 14304
7469 12114 14304
14304 7469 12114
12947 3971 9131
9131 3971 12947
3971 9131 12947
7136 6534 13052
6534 7136 13052
13052 6534 7136
8683 3088 8072
3088 8072 8683
8072 3088 8683
13055 8751 12868
8751 12868 13055
12868 8751 13055
3650 9751 11272
9751 3650 11272
11272 3650 9751
5472 4487 11785
4487 5472 11785
11785 4487 5472
1496 7672 10864
7672 1496 10864
10864 1496 7672
3467 3472 14528
14528 3467 3472
3472 3467 14528
6589 3410 5223
3410 5223 6589
5223 3410 6589
2944 10190 11804
11804 2944 10190
10190 2944 11804
7472 5292 9697
9697 5292 7472
5292 7472 9697
91 7633 8435
8435 91 7633
7633 91 8435
3015 4656 10798
10798 3015 4656
4656 3015 10798
11007 6159 9398
6159 9398 11007
9398 6159 11007
9362 1456 1661
1456 1661 9362
1661 1456 9362
8376 3840 14248
3840 8376 14248
14248 3840 8376
7387 4721 10759
4721 7387 10759
10759 4721 7387
774 11567 12245
12245 774 11567
11567 774 12245
1736 12458 13566
12458 1736 13566
13566 1736 12458
3825 3502 5738
5738 3502 3825
3502 3825 5738
13666 8180 13110
8180 13110 13666
13110 8180 13666
3795 11580 13617
13617 3795 11580
11580 3795 13617
14982 3340 5639
3340 5639 14982
5639 3340 14982
6943 8398 8750
8398 6943 8750
8750 6943 8398
14054 5455 14934
14934 5455 14054
5455 14054 14934
10900 13019 14854
13019 10900 14854
14854 10900 13019
9669 10667 13551
10667 9669 13551
13551 9669 10667
14339 765 10099
765 10099 14339
10099 765 14339
1117 10375 13328
13328 1117 10375
10375 1117 13328
4550 9480 10537
9480 4550 10537
10537 4550 9480
13636 8384 12932
12932 8384 13636
8384 12932 13636
8849 876 8760
876 8760 8849
8760 876 8849
5986 10166 14686
14686 5986 10166
10166 5986 14686
13906 4346 9270
4346 9270 13906
9270 4346 13906
4554 1482 12489
12489 1482 4554
1482 4554 12489
7842 11303 11888
11888 7842 11303
11303 7842 11888
7691 9658 14553
14553 7691 9658
9658 7691 14553
6357 13252 13255
13255 6357 13252
13252 6357 13255
12760 2683 6907
6907 2683 12760
2683 6907 12760
4390 11954 14155
14155 4390 11954
11954 4390 14155
12030 2536 7612
7612 2536 12030
2536 7612 12030
9207 5981 6850
5981 6850 9207
6850 5981 9207
4596 1614 14614
14614 1614 4596
1614 4596 14614
2710 4467 11755
4467 2710 11755
11755 2710 4467
6025 2097 14802
14802 2097 6025
2097 6025 14802
14991 2968 4930
4930 2968 14991
2968 4930 14991
12459 5675 6647
5675 6647 12459
6647 5675 12459
9606 3686 11663
3686 9606 11663
11663 3686 9606
524 5259 11845
11845 524 5259
5259 524 11845
246 1634 3685
1634 246 3685
3685 246 1634
3675 13585 14562
13585 3675 14562
14562 3675 13585
6586 5862 14270
5862 6586 14270
14270 5862 6586
7974 8437 12788
12788 7974 8437
8437 7974 12788
7821 4932 13285
4932 7821 13285
13285 4932 7821
9519 6203 12377
6203 9519 12377
12377 6203 9519
5227 2009 9239
9239 2009 5227
2009 5227 9239
989 9929 12562
9929 989 12562
12562 989 9929
14293 875 8734
875 8734 14293
8734 875 14293
12807 5958 14828
5958 12807 14828
14828 5958 12807
9268 11213 13612
11213 9268 13612
13612 9268 11213
13136 3946 13505
3946 13136 13505
13505 3946 13136
4265 5186 8049
8049 4265 5186
5186 4265 8049
4405 395 6685
395 4405 6685
6685 395 4405
547 9097 11145
11145 547 9097
9097 547 11145
3061 69 12420
12420 69 3061
69 3061 12420
3330 1339 10724
10724 1339 3330
1339 3330 10724
10838 312 7340
7340 312 10838
312 7340 10838
14307 1885 7599
7599 1885 14307
1885 7599 14307
13846 10161 10391
10161 10391 13846
10391 10161 13846
12263 98 12383
98 12263 12383
12383 98 12263
10220 1243 14154
1243 10220 14154
14154 1243 10220
2512 11822 12886
11822 2512 12886
12886 2512 11822
11803 4454 14950
14950 4454 11803
4454 11803 14950
10442 165 13565
165 10442 13565
13565 165 10442
8517 1446 14978
14978 1446 8517
1446 8517 14978
12032 8383 9247
9247 8383 12032
8383 9247 12032
8355 3078 3868
3078 3868 8355
3868 3078 8355
11702 2936 5011
5011 2936 11702
2936 5011 11702
5648 4285 10110
4285 5648 10110
10110 4285 5648
4475 12608 14020
14020 4475 12608
12608 4475 14020
9444 751 892
892 751 9444
751 892 9444
7470 5256 13870
13870 5256 7470
5256 7470 13870
13932 11013 13713
13713 11013 13932
11013 13713 13932
5465 4525 8869
4525 5465 8869
8869 4525 5465
12148 2836 6071
2836 6071 12148
6071 2836 12148
12622 502 14409
502 12622 14409
14409 502 12622
8980 5803 6883
5803 6883 8980
6883 5803 8980
8788 5276 8796
8796 5276 8788
5276 8788 8796
4664 5735 11881
5735 4664 11881
11881 4664 5735
4784 5657 13452
5657 4784 13452
13452 4784 5657
9905 3701 12176
12176 3701 9905
3701 9905 12176
10602 5678 14803
5678 10602 14803
14803 5678 10602
9076 8301 8623
8301 8623 9076
8623 8301 9076
7254 5946 14986
14986 5946 7254
5946 7254 14986
9644 1599 10820
10820 1599 9644
1599 9644 10820
7388 599 14877
599 7388 14877
14877 599 7388
31 2725 14349
2725 31 14349
14349 31 2725
4132 4832 10084
4832 4132 10084
10084 4132 4832
14559 7703 8663
8663 7703 14559
7703 8663 14559
3717 1370 2173
1370 2173 3717
2173 1370 3717
2440 1275 3591
3591 1275 2440
1275 2440 3591
7999 1917 3961
3961 1917 7999
1917 3961 7999
2918 10247 10425
10425 2918 10247
10247 2918 10425
7888 13292 14558
13292 7888 14558
14558 7888 13292
14886 6072 9832
6072 9832 14886
9832 6072 14886
14345 2370 8583
2370 8583 14345
8583 2370 14345
3358 4627 14649
4627 3358 14649
14649 3358 4627
3153 2568 10470
10470 2568 3153
2568 3153 10470
14774 1800 10658
10658 1800 14774
1800 10658 14774
2697 3992 6026
3992 2697 6026
6026 2697 3992
14380 529 3657
529 3657 14380
3657 529 14380
3166 2050 10872
10872 2050 3166
2050 3166 10872
4723 2704 3058
3058 2704 4723
2704 3058 4723
5347 530 10897
530 5347 10897
10897 530 5347
5697 6622 8946
8946 5697 6622
6622 5697 8946
14344 1154 11378
11378 1154 14344
1154 11378 14344
12276 1362 4613
4613 1362 12276
1362 4613 12276
604 7267 12685
12685 604 7267
7267 604 12685
3951 2845 7944
2845 3951 7944
7944 2845 3951
6367 7292 11980
11980 6367 7292
7292 6367 11980
14372 6959 14308
6959 14308 14372
14308 6959 14372
5068 5522 8612
8612 5068 5522
5522 5068 8612
7590 6099 14113
14113 6099 7590
6099 7590 14113
10144 10744 11068
10744 10144 11068
11068 10144 10744
8344 716 6100
6100 716 8344
716 6100 8344
3174 1273 6509
6509 1273 3174
1273 3174 6509
9181 8007 9394
9394 8007 9181
8007 9181 9394
4092 1592 9934
9934 1592 4092
1592 4092 9934
14702 3364 8551
8551 3364 14702
3364 8551 14702
14246 10625 12843
12843 10625 14246
10625 12843 14246
13219 2458 12672
2458 12672 13219
12672 2458 13219
3406 2465 3392
3392 2465 3406
2465 3392 3406
6126 9604 13241
9604 6126 13241
13241 6126 9604
3688 4458 7510
4458 3688 7510
7510 3688 4458
1991 5962 7735
7735 1991 5962
5962 1991 7735
5126 586 11084
586 5126 11084
11084 586 5126
14116 9267 13594
13594 9267 14116
9267 13594 14116
8300 6358 9469
6358 8300 9469
9469 6358 8300
14137 11021 14460
14460 11021 14137
11021 14137 14460
2624 1134 14403
14403 1134 2624
1134 2624 14403
14316 745 9799
745 9799 14316
9799 745 14316
9565 4135 8821
4135 8821 9565
8821 4135 9565
4625 2215 14984
2215 4625 14984
14984 2215 4625
12720 4098 12976
4098 12720 12976
12976 4098 12720
13412 775 13986
13986 775 13412
775 13412 13986
12314 250 14947
250 12314 14947
14947 250 12314
8375 3822 12305
3822 8375 12305
12305 3822 8375
11553 4739 7177
4739 7177 11553
7177 4739 11553
2712 124 1052
124 1052 2712
1052 124 2712
13247 6254 14247
14247 6254 13247
6254 13247 14247
8225 676 1831
1831 676 8225
676 1831 8225
7595 299 11502
11502 299 7595
299 7595 11502
10498 3351 8752
8752 3351 10498
3351 8752 10498
4706 3126 12670
3126 4706 12670
12670 3126 4706
2601 9726 14433
14433 2601 9726
9726 2601 14433
14018 10453 12833
10453 12833 14018
12833 10453 14018
9353 3256 7967
3256 7967 9353
7967 3256 9353
2619 11224 11487
11224 2619 11487
11487 2619 11224
11666 1803 4680
1803 4680 11666
4680 1803 11666
2735 5269 11437
5269 2735 11437
11437 2735 5269
2287 11065 14690
14690 2287 11065
11065 2287 14690
4712 3421 8780
8780 3421 4712
3421 4712 8780
14257 9882 13639
9882 13639 14257
13639 9882 14257
8987 9168 10990
9168 8987 10990
10990 8987 9168
1241 12266 12511
12511 1241 12266
12266 1241 12511
14484 2230 9607
9607 2230 14484
2230 9607 14484
2072 7318 13207
7318 2072 13207
13207 2072 7318
2290 10964 14691
10964 2290 14691
14691 2290 10964
12827 4861 13234
13234 4861 12827
4861 12827 13234
10651 5391 5575
5391 5575 10651
5575 5391 10651
11716 1013 2676
1013 2676 11716
2676 1013 11716
8596 8460 8996
8460 8596 8996
8996 8460 8596
11321 4694 12419
12419 4694 11321
4694 11321 12419
12373 5551 10557
10557 5551 12373
5551 10557 12373
5636 1921 3541
1921 3541 5636
3541 1921 5636
14498 4258 8961
8961 4258 14498
4258 8961 14498
13890 7101 13712
7101 13712 13890
13712 7101 13890
6687 5353 13318
13318 5353 6687
5353 6687 13318
14797 3847 11620
11620 3847 14797
3847 11620 14797
11763 1867 13651
1867 11763 13651
13651 1867 11763
5823 7532 8861
7532 5823 8861
8861 5823 7532
13777 8501 10000
8501 10000 13777
10000 8501 13777
12280 6559 6901
6901 6559 12280
6559 6901 12280
11589 5518 9762
9762 5518 11589
5518 9762 11589
2306 8704 9545
9545 2306 8704
8704 2306 9545
14114 3989 5834
5834 3989 14114
3989 5834 14114
6923 6969 12315
12315 6923 6969
6969 6923 12315
14464 8187 11543
11543 8187 14464
8187 11543 14464
4917 8026 13521
8026 4917 13521
13521 4917 8026
796 1433 11001
1433 796 11001
11001 796 1433
12998 1056 8913
1056 8913 12998
8913 1056 12998
11391 61 1125
61 1125 11391
1125 61 11391
2592 4289 13544
4289 2592 13544
13544 2592 4289
10394 8202 10380
10380 8202 10394
8202 10380 10394
8594 6542 9817
9817 6542 8594
6542 8594 9817
11135 4290 14606
14606 4290 11135
4290 11135 14606
8672 2552 3646
2552 3646 8672
3646 2552 8672
9735 4749 5127
4749 5127 9735
5127 4749 9735
2853 2090 14910
2090 2853 14910
14910 2090 2853
13837 7580 10271
10271 7580 13837
7580 10271 13837
8230 108 8101
108 8101 8230
8101 108 8230
2861 7482 8582
7482 2861 8582
8582 2861 7482
14235 4511 12922
12922 4511 14235
4511 12922 14235
14523 6653 7277
6653 7277 14523
7277 6653 14523
9032 2132 8096
8096 2132 9032
2132 8096 9032
14840 7459 14833
7459 14833 14840
14833 7459 14840
7843 1401 4349
4349 1401 7843
1401 4349 7843
2300 3378 3881
3378 2300 3881
3881 2300 3378
5837 5922 8740
8740 5837 5922
5922 5837 8740
13756 5310 7828
7828 5310 13756
5310 7828 13756
3115 8732 9295
9295 3115 8732
8732 3115 9295
4966 1727 9338
9338 1727 4966
1727 4966 9338
10202 3371 9087
9087 3371 10202
3371 9087 10202
4926 5375 10398
5375 4926 10398
10398 4926 5375
2982 9146 13248
9146 2982 13248
13248 2982 9146
1549 2124 6597
6597 1549 2124
2124 1549 6597
5288 3227 8595
8595 3227 5288
3227 5288 8595
12425 5175 9281
5175 9281 12425
9281 5175 12425
14302 6187 8462
6187 8462 14302
8462 6187 14302
3369 2445 9320
9320 2445 3369
2445 3369 9320
4667 5267 12454
5267 4667 12454
12454 4667 5267
12863 766 6863
766 6863 12863
6863 766 12863
1840 3433 7129
7129 1840 3433
3433 1840 7129
3996 1280 7802
1280 3996 7802
7802 1280 3996
5495 2355 4102
4102 2355 5495
2355 4102 5495
7559 4545 4940
4940 4545 7559
4545 4940 7559
14683 11655 13029
13029 11655 14683
11655 13029 14683
13592 2910 11419
2910 11419 13592
11419 2910 13592
1684 11857 14037
11857 1684 14037
14037 1684 11857
13910 4371 5322
5322 4371 13910
4371 5322 13910
199 886 11292
11292 199 886
886 199 11292
14289 539 1466
1466 539 14289
539 1466 14289
6112 10409 14889
14889 6112 10409
10409 6112 14889
13473 1457 9365
1457 9365 13473
9365 1457 13473
13448 14522 14753
14753 13448 14522
14522 13448 14753
10566 8128 9860
9860 8128 10566
8128 9860 10566
13688 1079 5388
5388 1079 13688
1079 5388 13688
12961 572 6469
6469 572 12961
572 6469 12961
5041 4566 6133
4566 5041 6133
6133 4566 5041
1332 9473 14369
14369 1332 9473
9473 1332 14369
10095 4073 10518
10518 4073 10095
4073 10095 10518
10355 13240 13625
13240 10355 13625
13625 10355 13240
4347 5008 12487
12487 4347 5008
5008 4347 12487
7712 8406 9744
8406 7712 9744
9744 7712 8406
9153 1002 3803
1002 3803 9153
3803 1002 9153
5534 4066 13120
4066 5534 13120
13120 4066 5534
1676 218 7577
218 1676 7577
7577 218 1676
2778 2224 5844
5844 2224 2778
2224 2778 5844
5461 7676 10174
10174 5461 7676
7676 5461 10174
6209 6595 8421
8421 6209 6595
6595 6209 8421
12966 1174 12917
12917 1174 12966
1174 12917 12966
12054 7929 12334
7929 12054 12334
12334 7929 12054
9386 11052 12065
11052 9386 12065
12065 9386 11052
9754 7636 11483
11483 7636 9754
7636 9754 11483
6574 790 11671
790 6574 11671
11671 790 6574
13608 6849 13622
13622 6849 13608
6849 13608 13622
10339 991 12214
12214 991 10339
991 10339 12214
1753 2454 7549
2454 1753 7549
7549 1753 2454
12151 7815 12751
12751 7815 12151
7815 12151 12751
4409 4807 7089
4807 4409 7089
7089 4409 4807
8521 1609 9265
9265 1609 8521
1609 8521 9265
7858 684 11315
684 7858 11315
11315 684 7858
7582 5892 12301
12301 5892 7582
5892 7582 12301
8474 2717 11681
2717 8474 11681
11681 2717 8474
10241 8345 11975
11975 8345 10241
8345 10241 11975
2323 4078 14275
4078 2323 14275
14275 2323 4078
1207 3511 13815
13815 1207 3511
3511 1207 13815
14071 9915 12992
12992 9915 14071
9915 12992 14071
5197 2727 12158
2727 5197 12158
12158 2727 5197
10058 8805 12225
12225 8805 10058
8805 10058 12225
5323 1888 4308
4308 1888 5323
1888 4308 5323
5200 5378 9766
5378 5200 9766
9766 5200 5378
12005 4523 4693
4523 4693 12005
4693 4523 12005
5365 4841 6609
4841 5365 6609
6609 4841 5365
1553 5150 7242
5150 1553 7242
7242 1553 5150
9084 6093 10243
6093 9084 10243
10243 6093 9084
10419 8688 14443
8688 10419 14443
14443 8688 10419
11231 357 10777
10777 357 11231
357 10777 11231
14716 4690 5638
5638 4690 14716
4690 5638 14716
6629 10620 13809
13809 6629 10620
10620 6629 13809
7615 5578 10499
10499 5578 7615
5578 7615 10499
12021 9569 10344
9569 10344 12021
10344 9569 12021
3396 4972 11410
4972 3396 11410
11410 3396 4972
8499 2402 7447
2402 7447 8499
7447 2402 8499
162 10630 12482
12482 162 10630
10630 162 12482
1057 9305 11208
9305 1057 11208
11208 1057 9305
1250 3366 12889
3366 1250 12889
12889 1250 3366
9996 10162 11489
11489 9996 10162
10162 9996 11489
7229 10402 11494
10402 7229 11494
11494 7229 10402
10108 2517 7243
7243 2517 10108
2517 7243 10108
1286 11193 13807
11193 1286 13807
13807 1286 11193
13137 4594 5749
5749 4594 13137
4594 5749 13137
10984 7325 9072
9072 7325 10984
7325 9072 10984
13603 8268 10671
8268 10671 13603
10671 8268 13603
5711 6955 12404
12404 5711 6955
6955 5711 12404
10769 10740 14800
10740 10769 14800
14800 10740 10769
12269 4868 8275
8275 4868 12269
4868 8275 12269
637 10046 13588
10046 637 13588
13588 637 10046
9532 11584 14470
11584 9532 14470
14470 9532 11584
9560 148 6094
148 6094 9560
6094 148 9560
4069 1699 11711
11711 1699 4069
1699 4069 11711
10663 11695 14279
14279 10663 11695
11695 10663 14279
11390 9513 14338
14338 9513 11390
9513 11390 14338
5936 9328 10547
10547 5936 9328
9328 5936 10547
5179 588 10100
10100 588 5179
588 5179 10100
3323 1450 4919
1450 3323 4919
4919 1450 3323
11634 10272 10878
10272 10878 11634
10878 10272 11634
113 3282 9022
3282 113 9022
9022 113 3282
11713 1517 14292
14292 1517 11713
1517 11713 14292
11827 724 14791
724 11827 14791
14791 724 11827
9628 2559 13559
13559 2559 9628
2559 9628 13559
10129 1211 4815
1211 4815 10129
4815 1211 10129
1828 11511 13067
13067 1828 11511
11511 1828 13067
677 4122 8569
4122 677 8569
8569 677 4122
14196 12726 13324
12726 13324 14196
13324 12726 14196
11260 9511 11030
11030 9511 11260
9511 11030 11260
479 5217 11778
5217 479 11778
11778 479 5217
13706 2121 13181
2121 13181 13706
13181 2121 13706
13044 6403 9764
6403 9764 13044
9764 6403 13044
14959 4766 14913
4766 14913 14959
14913 4766 14959
9442 1767 3553
3553 1767 9442
1767 3553 9442
4934 5195 5812
5812 4934 5195
5195 4934 5812
4615 2349 5116
5116 2349 4615
2349 4615 5116
3249 13861 14153
13861 3249 14153
14153 3249 13861
11287 8764 13396
8764 11287 13396
13396 8764 11287
5727 8254 14284
14284 5727 8254
8254 5727 14284
11554 4668 13065
4668 11554 13065
13065 4668 11554
8078 6956 14764
6956 8078 14764
14764 6956 8078
1938 11694 12074
11694 1938 12074
12074 1938 11694
7863 6937 13435
6937 7863 13435
13435 6937 7863
5282 2740 8778
8778 2740 5282
2740 5282 8778
10302 17 13533
13533 17 10302
17 10302 13533
7394 1051 14638
14638 1051 7394
1051 7394 14638
13022 2927 8371
8371 2927 13022
2927 8371 13022
14700 3486 4012
4012 3486 14700
3486 4012 14700
3094 4366 11503
11503 3094 4366
4366 3094 11503
10126 10998 14518
10998 10126 14518
14518 10126 10998
9182 6301 8617
8617 6301 9182
6301 8617 9182
5481 10357 13099
13099 5481 10357
10357 5481 13099
10526 3860 13704
3860 10526 13704
13704 3860 10526
11036 5264 5859
5264 5859 11036
5859 5264 11036
14781 4995 10050
10050 4995 14781
4995 10050 14781
1163 1212 7198
7198 1163 1212
1212 1163 7198
11985 10695 13249
13249 10695 11985
10695 11985 13249
8873 5656 13779
13779 5656 8873
5656 8873 13779
5462 5600 5929
5929 5462 5600
5600 5462 5929
2972 2711 14937
14937 2711 2972
2711 2972 14937
12873 10260 12121
10260 12121 12873
12121 10260 12873
9543 3460 4928
4928 3460 9543
3460 4928 9543
7446 3403 7050
3403 7050 7446
7050 3403 7446
4755 5544 13928
5544 4755 13928
13928 4755 5544
12264 2818 8468
2818 8468 12264
8468 2818 12264
6459 5390 7718
5390 6459 7718
7718 5390 6459
11382 408 4630
4630 408 11382
408 4630 11382
8816 2288 13058
13058 2288 8816
2288 8816 13058
4715 6388 11627
6388 4715 11627
11627 4715 6388
5221 2388 13525
2388 5221 13525
13525 2388 5221
11444 871 9758
871 9758 11444
9758 871 11444
7312 6008 14231
14231 6008 7312
6008 7312 14231
1420 114 11174
114 1420 11174
11174 114 1420
4726 978 11586
978 4726 11586
11586 978 4726
10629 3594 6755
6755 3594 10629
3594 6755 10629
5273 3901 4318
3901 4318 5273
4318 3901 5273
8283 3831 6899
6899 3831 8283
3831 6899 8283
10214 139 10382
139 10214 10382
10382 139 10214
12086 7875 13537
7875 12086 13537
13537 7875 12086
12041 6184 14526
6184 12041 14526
14526 6184 12041
3455 11821 11905
11905 3455 11821
11821 3455 11905
14918 1833 9529
1833 9529 14918
9529 1833 14918
4805 7434 11921
7434 4805 11921
11921 4805 7434
4320 9293 12103
9293 4320 12103
12103 4320 9293
11891 2188 12259
12259 2188 11891
2188 11891 12259
14260 4123 13997
13997 4123 14260
4123 13997 14260
2505 296 7687
296 2505 7687
7687 296 2505
2709 12358 12363
12358 2709 12363
12363 2709 12358
7958 1108 7721
1108 7721 7958
7721 1108 7958
2660 8868 13568
8868 2660 13568
13568 2660 8868
11467 1325 2431
1325 2431 11467
2431 1325 11467
12142 7013 8807
8807 7013 12142
7013 8807 12142
14050 1366 14233
14233 1366 14050
1366 14050 14233
1511 6996 11458
11458 1511 6996
6996 1511 11458
7424 4742 9318
4742 7424 9318
9318 4742 7424
4921 5502 14060
5502 4921 14060
14060 4921 5502
7450 12042 12090
12090 7450 12042
12042 7450 12090
9773 2020 7531
2020 7531 9773
7531 2020 9773
9919 5210 11367
5210 9919 11367
11367 5210 9919
7102 5567 9709
5567 7102 9709
9709 5567 7102
208 8826 12625
8826 208 12625
12625 208 8826
2374 10042 12241
10042 2374 12241
12241 2374 10042
11687 4161 6055
4161 6055 11687
6055 4161 11687
13264 3399 11498
3399 11498 13264
11498 3399 13264
9510 12221 14087
12221 9510 14087
14087 9510 12221
5583 2362 12242
12242 2362 5583
2362 5583 12242
411 8773 14398
8773 411 14398
14398 411 8773
8209 13108 13390
13108 8209 13390
13390 8209 13108
3186 224 5180
224 3186 5180
5180 224 3186
13725 11338 12398
11338 12398 13725
12398 11338 13725
11790 6298 8513
6298 8513 11790
8513 6298 11790
13935 3990 9759
3990 9759 13935
9759 3990 13935
12307 10141 11439
10141 11439 12307
11439 10141 12307
5671 8609 14245
8609 5671 14245
14245 5671 8609
3495 4081 4298
4298 3495 4081
4081 3495 4298
13306 11167 12175
12175 11167 13306
11167 12175 13306
11393 3057 9654
3057 9654 11393
9654 3057 11393
6515 3342 4777
3342 4777 6515
4777 3342 6515
14069 3945 12767
12767 3945 14069
3945 12767 14069
163 5370 13059
13059 163 5370
5370 163 13059
10228 1933 12921
1933 10228 12921
12921 1933 10228
1168 8097 13470
8097 1168 13470
13470 1168 8097
6325 11485 12591
11485 6325 12591
12591 6325 11485
2943 9680 14251
14251 2943 9680
9680 2943 14251
3380 528 1547
528 1547 3380
1547 528 3380
13300 11220 11230
11220 11230 13300
11230 11220 13300
14845 5486 14757
5486 14757 14845
14757 5486 14845
3361 1393 10789
1393 3361 10789
10789 1393 3361
13506 168 2612
168 2612 13506
2612 168 13506
11792 1579 10549
10549 1579 11792
1579 10549 11792
8239 2633 3007
2633 3007 8239
3007 2633 8239
12094 3596 9443
9443 3596 12094
3596 9443 12094
13629 5070 6645
5070 6645 13629
6645 5070 13629
13133 5309 8717
5309 8717 13133
8717 5309 13133
8476 2330 3899
2330 3899 8476
3899 2330 8476
11541 661 10254
10254 661 11541
661 10254 11541
8387 2110 9721
9721 2110 8387
2110 8387 9721
7163 3134 4203
4203 3134 7163
3134 4203 7163
1509 7448 10457
10457 1509 7448
7448 1509 10457
836 2221 2871
2871 836 2221
2221 836 2871
14036 6037 9729
9729 6037 14036
6037 9729 14036
3867 206 14427
206 3867 14427
14427 206 3867
4300 7760 7787
7787 4300 7760
7760 4300 7787
12943 375 14086
375 12943 14086
14086 375 12943
4198 6605 7160
6605 4198 7160
7160 4198 6605
6167 9620 14441
9620 6167 14441
14441 6167 9620
4935 3299 7326
7326 3299 4935
3299 4935 7326
1458 2451 12367
2451 1458 12367
12367 1458 2451
866 894 1291
894 866 1291
1291 866 894
6355 311 10628
10628 311 6355
311 6355 10628
13768 7029 11304
11304 7029 13768
7029 11304 13768
3223 7873 10583
7873 3223 10583
10583 3223 7873
1590 12101 14007
14007 1590 12101
12101 1590 14007
7887 2615 10092
10092 2615 7887
2615 7887 10092
11165 5925 7504
7504 5925 11165
5925 7504 11165
971 7412 8108
8108 971 7412
7412 971 8108
2019 2069 9358
9358 2019 2069
2069 2019 9358
8820 5913 12156
5913 8820 12156
12156 5913 8820
3597 40 2381
2381 40 3597
40 2381 3597
2760 4094 14871
4094 2760 14871
14871 2760 4094
12186 8581 10572
8581 10572 12186
10572 8581 12186
4542 9659 14129
9659 4542 14129
14129 4542 9659
11335 10368 11983
10368 11335 11983
11983 10368 11335
1477 4373 7885
7885 1477 4373
4373 1477 7885
12354 10087 13405
13405 10087 12354
10087 12354 13405
10005 2252 12080
12080 2252 10005
2252 10005 12080
5316 1844 12791
12791 1844 5316
1844 5316 12791
10386 4469 12876
4469 10386 12876
12876 4469 10386
4576 9457 11309
9457 4576 11309
11309 4576 9457
4486 1007 3213
1007 3213 4486
3213 1007 4486
12127 9028 14932
9028 12127 14932
14932 9028 12127
7654 7705 14499
7705 7654 14499
14499 7654 7705
13125 10942 11492
11492 10942 13125
10942 11492 13125
1115 6699 13282
13282 1115 6699
6699 1115 13282
12509 10569 12462
12462 10569 12509
10569 12462 12509
131 2130 12749
2130 131 12749
12749 131 2130
14003 11012 14044
11012 14003 14044
14044 11012 14003
10657 834 14200
834 10657 14200
14200 834 10657
10575 6867 7620
7620 6867 10575
6867 7620 10575
11651 842 4215
842 4215 11651
4215 842 11651
1950 3430 13175
13175 1950 3430
3430 1950 13175
1231 2195 10298
2195 1231 10298
10298 1231 2195
13203 53 9145
9145 53 13203
53 9145 13203
10307 2646 11051
11051 2646 10307
2646 10307 11051
6248 3077 3097
3097 3077 6248
3077 3097 6248
10832 499 7978
499 7978 10832
7978 499 10832
4565 7639 8336
7639 4565 8336
8336 4565 7639
7291 4322 4410
4322 4410 7291
4410 4322 7291
11282 13548 13883
13883 11282 13548
13548 11282 13883
7419 4946 9110
4946 7419 9110
9110 4946 7419
5280 3196 10309
10309 3196 5280
3196 5280 10309
7303 267 4429
267 4429 7303
4429 267 7303
4529 1142 1847
1847 1142 4529
1142 1847 4529
5899 814 2311
814 2311 5899
2311 814 5899
6888 7197 13509
7197 6888 13509
13509 6888 7197
3935 5212 11559
5212 3935 11559
11559 3935 5212
3150 6765 7640
6765 3150 7640
7640 3150 6765
5026 3656 10153
3656 5026 10153
10153 3656 5026
11656 2557 4365
2557 4365 11656
4365 2557 11656
5255 6262 6666
6262 5255 6666
6666 5255 6262
3047 849 9877
9877 849 3047
849 3047 9877
9674 10172 13643
13643 9674 10172
10172 9674 13643
14713 4571 11872
4571 11872 14713
11872 4571 14713
7336 7203 10397
7203 7336 10397
10397 7203 7336
2879 551 9321
9321 551 2879
551 2879 9321
4479 9816 13635
9816 4479 13635
13635 4479 9816
3048 1371 1714
1371 1714 3048
1714 1371 3048
14870 236 3800
236 3800 14870
3800 236 14870
8593 6426 8651
6426 8593 8651
8651 6426 8593
340 372 6237
372 340 6237
6237 340 372
5915 7182 12119
12119 5915 7182
7182 5915 12119
14462 5906 13194
5906 13194 14462
13194 5906 14462
8675 2265 5982
5982 2265 8675
2265 5982 8675
5398 911 8346
8346 911 5398
911 5398 8346
7614 60 8472
8472 60 7614
60 7614 8472
186 6491 12286
12286 186 6491
6491 186 12286
3139 4963 13781
4963 3139 13781
13781 3139 4963
3285 3845 8068
8068 3285 3845
3845 3285 8068
7509 2157 6587
2157 6587 7509
6587 2157 7509
14227 10887 13169
10887 13169 14227
13169 10887 14227
4581 1434 9567
9567 1434 4581
1434 4581 9567
5805 9708 13236
13236 5805 9708
9708 5805 13236
2951 1791 8359
8359 1791 2951
1791 2951 8359
6735 1952 7150
7150 1952 6735
1952 6735 7150
10925 2119 9465
9465 2119 10925
2119 9465 10925
10680 8057 9152
8057 9152 10680
9152 8057 10680
9889 9077 9852
9077 9852 9889
9852 9077 9889
12070 12535 14188
12535 12070 14188
14188 12070 12535
1978 12586 13770
13770 1978 12586
12586 1978 13770
10997 5162 5686
5162 5686 10997
5686 5162 10997
4014 13724 14348
14348 4014 13724
13724 4014 14348
